	BirA	ThiR	Zur	Phr	MntR	ArgR	NrtR	CzrA	NsrR	RbkR	KdgR	FUR	NagC	MetR	SahR_SamR	PhrR	XylR	ModE	NadQ	AraR	IscR	HutC	AgaR	PhnF	SiaR	GulR	Irr	HypR	TrpR	TyrR	HisR	PsrA	CcpA	HexR	Rex	PdhR	VanR	GguR	NagR	NiaR	LldR	NrdR	PurR	CsoR	HrcA	PhnR	NmlR	ZntR	LiuR	NnrR	GntR	NtrC	BioQ	FixJ	PaaR	PdxR	RbsR	AcnR	CueR	NifA	FruR	FadP	MerR	DasR	FadR	GlcC	FnrN_FixK	HcpR	CblR	CadR-PbrR	NikR	NagQ	NarP	SdaR	LiuQ	SoxR	LexA	QorR	FabR	PhsR	AmtR	LtbR	RutR	TtrR	MetJ	ExuR_UxuR	NorR	PrpR
BirA	1.0	0.8722714862490787	0.8328033523230319	0.8954090974407943	0.8767794151049223	0.8917100463076701	0.9093755649396702	0.8638883609680574	0.8699306080257357	0.8047452614598737	0.8572690063087827	0.8396405708961624	0.8795629742596104	0.7978570534600962	0.8180395956074926	0.7384080173920299	0.7640348396846072	0.7222420514436961	0.7752177480287952	0.7167328756646009	0.7258414414247373	0.6228937890242942	0.5464305083645836	0.6123783786289406	0.5820535759811988	0.6663089681130667	0.6789937468421321	0.31556429071389835	0.4601888462946911	0.392963922662946	0.37864284687875177	0.5056806856687264	0.4713508953279779	0.5480899824318248	0.6483537368296629	0.17183900320306308	0.08504572824489758	0.21117502816006972	0.2656896783494259	0.3808400276269984	0.28873226379148104	0.47478109312059924	-0.4599941593929477	-0.5924067472917661	-0.5005446597846392	-0.5857873926324914	-0.5796570729287863	-0.5074305500832055	-0.5685390602185129	-0.7300897877449231	-0.7218573130426318	-0.6487431106331496	-0.653158331440544	-0.6708748394991911	-0.7156458737965337	-0.651480315763613	-0.7518228720026329	-0.7713912233290533	-0.7541567971223422	-0.7440006304147294	-0.7782933375360982	-0.8380668517737367	-0.8581798628847963	-0.6518187001404527	-0.6470117878283603	-0.649992351586003	-0.4600683258317071	-0.413241490560003	-0.02775215430327584	-0.11479574099225424	0.05998906045028299	0.13993121062805067	0.1404318340896765	0.04309533632162276	-0.07161928512823841	0.16063987095039656	-0.2721166638081685	-0.39865619683772846	-0.20414080498398468	-0.18023603469135174	-0.2737946794850995	-0.38952908946790216	-0.2609940156954726	-0.32809378346181123	-0.11640422563284832	-0.0872011903713421	-0.13380320862555684	-0.20264588770274092
ThiR	0.8722714862490787	1.0	0.9345504354960575	0.9258590559539427	0.94220116719433	0.9501856478670195	0.9440877759802717	0.8891721634813726	0.9288187604006842	0.890683304671095	0.9281373562445824	0.9415359869467068	0.9551269868493634	0.9181781941399243	0.9268579851759831	0.750578266452202	0.7667372792969022	0.7707538554959649	0.7826784282277466	0.7666677482605653	0.8432469139808373	0.6572954281025907	0.7204319267977249	0.7484459813378699	0.6601693776045168	0.7629385670116952	0.7100578961762566	0.2390129374081611	0.3803672165799074	0.2636014295581071	0.3161761638336632	0.40162053668689246	0.5006443209367222	0.4949126458413487	0.5789918926811631	0.2201792973657008	0.1653911584334194	0.3888523207142228	0.35928540636255335	0.3722506269381776	0.3581729097811627	0.4932114531523054	-0.611678432863149	-0.6580162331792835	-0.6418201371152037	-0.5822019088587176	-0.5931669532890498	-0.5698323374943796	-0.7496581390713435	-0.8626020367958245	-0.8256532440863854	-0.8172979312198989	-0.6732713425516036	-0.6940194037945404	-0.7348804761485368	-0.7313761119171561	-0.7654579082283028	-0.8399974968826919	-0.84351576732134	-0.7387464017688695	-0.8257876707566367	-0.8568935387125634	-0.8233309074727323	-0.6032860367772829	-0.6423323490828856	-0.5950860098919488	-0.48879855004612227	-0.38279616744927714	0.03513866806346793	-0.0327166702977319	0.08377331027993196	0.09988828680161868	0.01544052546921861	-0.009354242088526915	-0.026426429210451904	0.13431078519081635	-0.385146316477465	-0.42326554829857554	-0.33387181258140924	-0.3431681121396554	-0.23423383751060348	-0.33450686271328645	-0.25877365793511364	-0.25303039433368407	-0.1030728082658496	-0.1472064747301037	-0.20949237708071627	-0.22447168000889997
Zur	0.8328033523230319	0.9345504354960575	1.0	0.9106503006058471	0.9172279366433197	0.928475740621422	0.9206280043201951	0.8752497323055101	0.9131140169933852	0.8782720146849549	0.8882172705823456	0.9245982264950332	0.9219050576875831	0.9057784926598402	0.8972099512819205	0.7323078278040708	0.7408346505601884	0.7875177883567962	0.7864423749947852	0.7677663386346886	0.8402060899917027	0.6760549017062917	0.72776745113127	0.7303169224636237	0.6780527601503724	0.7726914537085537	0.7097056055921495	0.2509444632435765	0.3499543412861388	0.23724684908520333	0.3151471044958768	0.3577093695389165	0.5068233123658631	0.5016154377442278	0.5521691365635908	0.21749771706430693	0.1965665574256829	0.41387422299066895	0.3888824508299688	0.3625046933449527	0.34594703589192094	0.48046409649053684	-0.596344521649647	-0.6472620995591732	-0.6044819706022778	-0.5954939253051253	-0.5817128739031479	-0.5719483987002332	-0.7713101037866602	-0.8531365450491585	-0.8049028651422373	-0.8071718946280322	-0.6679012288451822	-0.6396924874032939	-0.7291279417422624	-0.7267360740922724	-0.7553596840509709	-0.8296929972975604	-0.8634781278536696	-0.7470854907268775	-0.8087664730613588	-0.8351789960645434	-0.795896278235395	-0.6113191891754083	-0.6104083325993946	-0.5678669268672559	-0.45236892240799886	-0.34414849975200595	0.019127988096286578	-0.025012631471601206	0.08993607780059426	0.0886613421344174	0.001972363730757286	-0.024060056273785407	-0.03947276932846925	0.08947949066198183	-0.4143864349583509	-0.3979122147489234	-0.3380320862555683	-0.37884216918291763	-0.21215078036999782	-0.2982927812878075	-0.25655793557717715	-0.2615757586994915	-0.11364847889269507	-0.12478966861508081	-0.1849595097598398	-0.1999967552183043
Phr	0.8954090974407943	0.9258590559539427	0.9106503006058471	1.0	0.9243479147642203	0.9268556674747718	0.9535532677269377	0.8892440122189208	0.9397814871298051	0.8621918036814366	0.8858277206335669	0.8930519953089727	0.9267606417251114	0.8705053979261209	0.8828471568759242	0.7454538290741711	0.7552692937037329	0.7917383222624472	0.8063885116186361	0.723748557230996	0.8259313682317331	0.6574344901752646	0.6463350190746809	0.725577223486657	0.6519137258901132	0.7175000347655182	0.7278091697530721	0.261751903991545	0.4419160899453486	0.3335705114239493	0.3523809744542972	0.4157330193620759	0.4296415443306711	0.5900589159647894	0.6068043072159309	0.17723461162280804	0.16712711664063115	0.3840801739202989	0.3438332923872786	0.3661087187284164	0.35892152727239013	0.5109789506375996	-0.5654495645039425	-0.6262196902624101	-0.5774598921805396	-0.5766324728481304	-0.5907032369015116	-0.5233207095874028	-0.703742160375653	-0.8292758110795388	-0.7909201737348828	-0.7728629635981847	-0.6668721695073958	-0.7003235510890878	-0.721829500628097	-0.7105052125100241	-0.8058183571206734	-0.8230666895346519	-0.8404888495394728	-0.7626998437869383	-0.7946957090079775	-0.8400160384923817	-0.8289907338305575	-0.6182861990163676	-0.6945594281767572	-0.6413496437693238	-0.5078523717036495	-0.38053177336590477	-0.02598143057789562	0.01906309246237212	0.0692366882830933	0.09607566830914425	0.1120562181605796	-0.0221085518539292	-0.022736648882172705	0.11598935711603803	-0.35553536580278217	-0.41660447501749864	-0.2785598731753897	-0.2858559965883438	-0.25252977087205825	-0.3721695073957846	-0.2803097375898689	-0.30613124678418957	-0.1693984638276372	-0.10405319587820017	-0.18534193045969286	-0.229918277855292
MntR	0.8767794151049223	0.94220116719433	0.9172279366433197	0.9243479147642203	1.0	0.9502134602815543	0.9543366507363337	0.8688157937431338	0.9201667817791601	0.8790553976943508	0.9150330735962843	0.9349838456225578	0.9402264857623615	0.8888152374948431	0.9041352425010777	0.7567989765031451	0.7683990710653545	0.7885028113715692	0.7826065794901984	0.7490138181346213	0.8337744691305375	0.657529515924925	0.672260824823507	0.6870500762523698	0.6692686725598083	0.7557235631411341	0.7128113252151985	0.21414400341165618	0.4092805391900098	0.30358177545183584	0.36967566089250037	0.4158859876420171	0.5023872322475675	0.523413417635852	0.6311308991290079	0.2516583152166355	0.10173781236818075	0.3552108876332099	0.3270948542397708	0.32914601981170993	0.3870491491718854	0.5045936838006592	-0.5876600952111658	-0.6231023821333049	-0.5878849122286551	-0.612220774946577	-0.6031400216009752	-0.5470586053928271	-0.7177503464963311	-0.8182968604419393	-0.8035470099336673	-0.7821569454552197	-0.6982260314929241	-0.7007708674228553	-0.7174768577534059	-0.7246269659900524	-0.76505694591876	-0.8376009938302794	-0.8109080289805359	-0.7200889070184628	-0.8328381178412004	-0.8480422377868735	-0.8218197662830099	-0.6325400614654362	-0.645340725255063	-0.617375342440354	-0.49715154521139754	-0.39339965049065734	-0.027246895439227557	-0.04509551246691482	0.07034918486448401	0.09961248035748224	0.07788634920340609	0.008814217706310173	-0.025707941834970403	0.08060037732175719	-0.3503205380775132	-0.4085342393999935	-0.3444892018300569	-0.3212542471874696	-0.2224691861623967	-0.3416384293402432	-0.2554060380751955	-0.2249723034705258	-0.12490555367564235	-0.12002215722357937	-0.21430856019765357	-0.246809684282741
ArgR	0.8917100463076701	0.9501856478670195	0.928475740621422	0.9268556674747718	0.9502134602815543	1.0	0.9600544196244397	0.9077021846651617	0.9455108445239674	0.894491287761147	0.9254928591625682	0.9444215249546889	0.9416959083302817	0.907523721671897	0.9237151823335543	0.7751505346936695	0.7849845409329211	0.7968859366525904	0.8038993005177745	0.7594342027803144	0.8384423193699561	0.681132985060098	0.7087947490161358	0.7044490592450784	0.6574646202910106	0.7724967668068103	0.7159448572527825	0.2637752571489494	0.4056301597823215	0.3206029731471138	0.3255049112088666	0.38581613212751065	0.5108259823576584	0.5416931270888282	0.6019858063977824	0.23182111054971238	0.15373543904214043	0.3739564550296434	0.3558320315578197	0.34333035122444155	0.3623818551807575	0.5258817694258127	-0.5864154896607349	-0.6481428260194408	-0.6137133745266096	-0.617426331867001	-0.6276172640927822	-0.575594142705499	-0.723959468041218	-0.8396591125058522	-0.8239358274888634	-0.7982974166902299	-0.6839559451353769	-0.7127997367091424	-0.7521427147697828	-0.7377613787540965	-0.7636130180641633	-0.8469506005163838	-0.8388502347831327	-0.7435394078736945	-0.8256717856960752	-0.8845854327843472	-0.8401643713699005	-0.6293879878181624	-0.6633260866542129	-0.6071496446964043	-0.4632435764910931	-0.39571503400067676	-0.03861753758152514	-0.04514186649113943	0.06668489924952835	0.11468217363290394	0.04113919649934409	0.03885162540385943	-0.0442171037078584	0.1016288804112529	-0.356879632505296	-0.4269414224195874	-0.3248235070527648	-0.31743235789015023	-0.21961146056894928	-0.33538295377113164	-0.2634855444975456	-0.24861285582507844	-0.10494319314331274	-0.11526623433813407	-0.16904849094474136	-0.2493892857308407
NrtR	0.9093755649396702	0.9440877759802717	0.9206280043201951	0.9535532677269377	0.9543366507363337	0.9600544196244397	1.0	0.8908362729510363	0.9467206845562297	0.8864465468569653	0.9296763098488395	0.932283723711474	0.9508438750110091	0.9016506668026385	0.9074565083367713	0.7740426735147011	0.7748839990543779	0.7978338764479839	0.8056306233225637	0.7611516193778363	0.815863274170147	0.6607928392303378	0.6728703802420607	0.7133745266095276	0.666181494546449	0.7718524458700882	0.7398635337526828	0.2679865202497555	0.41740871733779566	0.3453838344975919	0.3570951787179404	0.42755329553935223	0.5104227023469042	0.5640728499844714	0.6160704766584311	0.2359141708887457	0.15104922333832413	0.3744199952718895	0.3506287923386069	0.3652210391645151	0.35155587282309914	0.5054975872730391	-0.5687152055105664	-0.632248031112821	-0.6061159499561954	-0.6053001191298423	-0.6357964316672152	-0.5605406733385558	-0.7184920108839249	-0.8358256347024767	-0.8201602922157687	-0.7830631666288109	-0.6963301519021374	-0.7305904112065489	-0.732460796084012	-0.7247127209348679	-0.7902364518775697	-0.8533289142496906	-0.8348081638707464	-0.75889881380052	-0.8357676921721959	-0.8724986209677793	-0.8474790363925444	-0.6518673718658885	-0.7051652289193486	-0.6268222925773301	-0.47291070824313614	-0.357442833899625	-0.052479708525895674	-0.05539769435083507	0.04572592719636955	0.11202377034362238	0.06725273604627986	0.025881769425812703	-0.007212686169349792	0.11377595245931275	-0.36642160839193255	-0.43115268552039343	-0.3310094515855394	-0.27748677751458994	-0.240278402269493	-0.37042891378615034	-0.2647139261394978	-0.25496567484506166	-0.10895976934237546	-0.08658699955036596	-0.17584399089606964	-0.25957558255419944
CzrA	0.8638883609680574	0.8891721634813726	0.8752497323055101	0.8892440122189208	0.8688157937431338	0.9077021846651617	0.8908362729510363	1.0	0.9292614413320293	0.8347154558222972	0.8644492446611752	0.9013818134621358	0.8945260532793154	0.8588056422118286	0.9030760530475453	0.6921907375388794	0.7612837283468764	0.8161599399251847	0.7712753382684918	0.7664800144624555	0.8050651042270235	0.7020548738938771	0.7025879451724601	0.7369594541350107	0.6764651348206795	0.7481469978816211	0.7538972145866843	0.2527429993834915	0.3481233573292665	0.24802879511984832	0.22102989371022244	0.2830284011106424	0.42418799338064533	0.46964043183408966	0.5134588909336164	0.23964335213761584	0.2623104699834516	0.4196777468235905	0.4207323008747004	0.39597925193875705	0.411021132799644	0.5454570738558668	-0.6688700279514767	-0.6922649039776388	-0.610633149616884	-0.6374072340090204	-0.594666505972716	-0.5656280274972072	-0.7584236850522178	-0.8251410321187034	-0.7982950989890187	-0.8031599538313918	-0.6596154470150326	-0.6843800844570321	-0.7402598606598032	-0.702163805850805	-0.8074871019927595	-0.7879743754954086	-0.8552039345295762	-0.7455813026407888	-0.7449879711307137	-0.8160092893464546	-0.8059620545957698	-0.5778029119598018	-0.5306794109330601	-0.5562853739147364	-0.42054456707659077	-0.43909312987006965	-0.014613106136809268	-0.03894665115351989	0.10024289508693697	0.08199331574970681	-0.006417714653897678	-0.02261381071797748	-0.15289874890488617	-0.01984879317297931	-0.44686438203132606	-0.4237453124493003	-0.3417334550899036	-0.3137263536533924	-0.17037885143998777	-0.26601183881778695	-0.188709550319611	-0.25806444136447704	-0.05354816878427301	-0.09670840073981023	-0.1403947508702968	-0.22527128692677456
NsrR	0.8699306080257357	0.9288187604006842	0.9131140169933852	0.9397814871298051	0.9201667817791601	0.9455108445239674	0.9467206845562297	0.9292614413320293	1.0	0.8918352021730767	0.9079918973165655	0.9281280854397375	0.9459558431565236	0.9002716345819562	0.9381730024892111	0.7467169762342918	0.7542541405732138	0.8135687499710287	0.8113182620949237	0.7799806240178742	0.8496136392080879	0.6923738359345667	0.7286991670181847	0.7583170707965012	0.6937320088443478	0.7608734952324886	0.7645400985486555	0.2273108639926575	0.39198817045301787	0.29036392544418743	0.2598606598031808	0.32087414418882776	0.45087864052917753	0.4864113177985547	0.5680917438847454	0.24839499191122277	0.20778191358682804	0.42826251210998884	0.4209779772030909	0.4150052611817495	0.4247720540858755	0.5556572768864929	-0.6452178870908678	-0.6572513917795774	-0.6320208963941204	-0.6200638758453815	-0.6399775646522753	-0.5927265900589159	-0.7995675169539843	-0.8504804594610881	-0.8354965211304819	-0.8267657406677761	-0.6716512694049533	-0.7269168547867483	-0.7400744445629047	-0.746026301273345	-0.8132975789293148	-0.8564276807691059	-0.8572945010221062	-0.7532737529608633	-0.7771993825643974	-0.8288725310687848	-0.7989324668221072	-0.5842994284548814	-0.6453754907732315	-0.5683884096397829	-0.4508438750110091	-0.41814111092054457	-0.02519572986728843	-0.019118717291441656	0.056774408870306076	0.10448197060227783	0.01061507154743639	0.0022064515530915815	-0.11553045227621436	0.00681635926222935	-0.41061089968525616	-0.4232609128961531	-0.37880972136596036	-0.3215532306437183	-0.20530892639444492	-0.2906490026931688	-0.2252828754328307	-0.2386189282022519	-0.11577149320218234	-0.08703199818292225	-0.16801247850332127	-0.23068543695620936
RbkR	0.8047452614598737	0.890683304671095	0.8782720146849549	0.8621918036814366	0.8790553976943508	0.894491287761147	0.8864465468569653	0.8347154558222972	0.8918352021730767	1.0	0.8623076887419981	0.8869564411234361	0.8838113205797962	0.86447705707571	0.8773124863835053	0.6697855199299128	0.6950461454311156	0.7854318572666886	0.7813318438240215	0.7175278471800529	0.7983321822083984	0.6094302626882553	0.7079348818667692	0.7024836486179548	0.6200499696381141	0.7658495997330008	0.7139377280038567	0.20330643254794165	0.32444803945654543	0.26933774005590294	0.24676796566093886	0.2783072437433656	0.5130486578192286	0.42460517959866684	0.5440038751964251	0.24792449856534296	0.18434763664007492	0.4003944727461515	0.41205946294227536	0.33190640195428567	0.3630377646235358	0.46580695403071415	-0.632097380534091	-0.6158711543542653	-0.5673315378874617	-0.5418878139905716	-0.6016543751245764	-0.5096903087641553	-0.7319439487139076	-0.8256880096045538	-0.7987354622191526	-0.7900371295734039	-0.6763886506807089	-0.6724207462070819	-0.6951550773880435	-0.7086186037240823	-0.7403363447997738	-0.8292943526892287	-0.7951615669514349	-0.711086955514043	-0.7848918328844718	-0.8159513468161739	-0.7612118796093282	-0.5204606662927442	-0.6036128326480663	-0.5382629292962069	-0.37475374424630675	-0.3310094515855394	0.0465232164130329	-0.02126027321061878	0.02122318999123909	0.144265311893052	0.01068692028498454	-0.03393809883605045	-0.07254404791151944	0.05465602996324126	-0.32604030018866087	-0.3829166879122611	-0.3956385498607062	-0.32850401657619904	-0.16441308852228007	-0.24302024280237888	-0.1681955768990085	-0.18407414789714968	-0.12729278592320992	-0.057277350033143125	-0.17117382295543987	-0.18993793196156325
KdgR	0.8572690063087827	0.9281373562445824	0.8882172705823456	0.8858277206335669	0.9150330735962843	0.9254928591625682	0.9296763098488395	0.8644492446611752	0.9079918973165655	0.8623076887419981	1.0	0.9411188007286853	0.9567702370081259	0.9165558032920628	0.9064228135965624	0.7430318313084351	0.7851305561092287	0.7561453847615781	0.7549216385220483	0.7535866426243795	0.7891679916191924	0.5803500655909443	0.7528704729501091	0.6641256935720875	0.7140350714547283	0.7752617843518085	0.7712359373479009	0.2166633446282639	0.2969485145852937	0.27215142932633696	0.2871562269678442	0.37518715437280686	0.5583481279927317	0.4760813235000997	0.5141704252054642	0.29367592047503605	0.19408198172724364	0.43301148189180044	0.31655858453351626	0.3289930515317687	0.3592367346371175	0.47867946655788923	-0.5887517324816554	-0.6653332159031387	-0.6969976498509718	-0.6145755593771873	-0.6044587935901655	-0.6032234588445796	-0.748186398802212	-0.832110359660874	-0.8534100337920837	-0.8214048977661996	-0.6489493860409491	-0.6919381081068553	-0.7723275746183905	-0.7069127756326166	-0.7228353829537711	-0.8119973485498143	-0.8059759608030371	-0.6849363327477275	-0.7692728444219885	-0.8496066861044541	-0.793856701169512	-0.5290894679021559	-0.6578447232896524	-0.5721036846813856	-0.43954508160625966	-0.3271991507942762	-0.0023362428209204983	-0.13832504368866783	0.010566399822000546	0.034329790340748435	-0.04307911241314415	-0.047269516203049165	-0.025673176316801945	0.10819492794266934	-0.40171092703413047	-0.47520291474104326	-0.39884161293462694	-0.35024637163875383	-0.2505365478303999	-0.3032804742943759	-0.2074087636918199	-0.2069544942544187	-0.10091734613940509	-0.1326582642272089	-0.24069095308509209	-0.2862778182087878
FUR	0.8396405708961624	0.9415359869467068	0.9245982264950332	0.8930519953089727	0.9349838456225578	0.9444215249546889	0.932283723711474	0.9013818134621358	0.9281280854397375	0.8869564411234361	0.9411188007286853	1.0	0.9561699523944172	0.9365065753183363	0.9491728124377118	0.7303632764878483	0.7933050882812391	0.7749094937677015	0.7835429307795356	0.777869198214443	0.8462645609578595	0.6358126555756938	0.8057557791879703	0.7207517695648747	0.7155276710347609	0.8165539491310938	0.7634067426563637	0.22806875228872994	0.2927326160820652	0.2006341230513927	0.24472607089384465	0.32969531499877164	0.5331083618024299	0.4166624175477794	0.5258076029870533	0.25655793557717715	0.19988087015774275	0.454902169831874	0.3780935516916901	0.3609680574419068	0.35915561509472443	0.48651561435306007	-0.667446959407781	-0.69138185981616	-0.6693915107240035	-0.6044193926695746	-0.6206780666663576	-0.6024562997436622	-0.8091929300842252	-0.891225646754523	-0.8570766371082505	-0.8544414108310813	-0.6606421886516078	-0.6978482461954935	-0.7417200124228784	-0.7126166383134552	-0.7680583689873036	-0.8259846753595913	-0.8478498685863414	-0.7318280636533461	-0.7889686693150266	-0.8324974157631495	-0.8019107128785385	-0.5608303859899597	-0.5729867288428645	-0.5619660595834627	-0.42161070963375685	-0.337918518896218	0.04156101811978807	-0.061286973128572154	0.024581539046312304	0.028009419137722442	-0.08100829273493379	-0.029499701016543752	-0.03862680838637006	0.04838664818686234	-0.4480325034417863	-0.45083923960858663	-0.44244220812029794	-0.4260606959593197	-0.18328612948533127	-0.2699519308768791	-0.185232998502765	-0.1892912933236299	-0.09047841988402223	-0.10647055824151373	-0.2130338245314767	-0.250045195173619
NagC	0.8795629742596104	0.9551269868493634	0.9219050576875831	0.9267606417251114	0.9402264857623615	0.9416959083302817	0.9508438750110091	0.8945260532793154	0.9459558431565236	0.8838113205797962	0.9567702370081259	0.9561699523944172	1.0	0.9317182046159337	0.9407618747421558	0.7571837149042094	0.7861271676300579	0.7679772494449105	0.7827641831725621	0.7747518900853377	0.833297022681024	0.6367327829565523	0.7800849205723794	0.7268310998419327	0.7167815473900366	0.7822218410891342	0.7736811121257492	0.1891406427448999	0.3411656182931521	0.2342268844069698	0.2891981217349384	0.36736723048611464	0.5253232034339061	0.46020043480074724	0.5569667780708382	0.2613625301880583	0.16066073026129762	0.4415058568309608	0.37615363577789007	0.40314790178509347	0.36349666946335946	0.489700135817291	-0.6310080609648127	-0.6910087099211518	-0.6896713963222717	-0.6195817939934456	-0.6143600131645429	-0.5862045788505129	-0.784833890354191	-0.8616958156222333	-0.8602820178833825	-0.8532640186157762	-0.6483004297018046	-0.7007430550083206	-0.7542935414938048	-0.7400813976665385	-0.7678011041528571	-0.8300313816744	-0.8417125957790026	-0.7207911704854657	-0.7794892713610932	-0.8298923196017263	-0.7949877393605926	-0.576458645257288	-0.6246691481520968	-0.567927187098748	-0.4621496215193922	-0.3631536496840973	0.0052171454264801995	-0.096585562575615	0.02817629362493105	0.044979627406353286	-0.0564661546092124	-0.03440627448071904	-0.06393147021058633	0.06263819293471963	-0.41763353435528505	-0.47325141032118706	-0.40596622645794994	-0.3654875748038066	-0.24108032688857883	-0.32915529061655485	-0.223989598156964	-0.23196944342723114	-0.11814481924248253	-0.1354116932661509	-0.24537039183056678	-0.26204393434416007
MetR	0.7978570534600962	0.9181781941399243	0.9057784926598402	0.8705053979261209	0.8888152374948431	0.907523721671897	0.9016506668026385	0.8588056422118286	0.9002716345819562	0.86447705707571	0.9165558032920628	0.9365065753183363	0.9317182046159337	1.0	0.932795935679156	0.6776935164626317	0.7387394486652359	0.7373372394324413	0.7644520259026287	0.7450598198682619	0.8175945969749364	0.5919710194640547	0.7819715293583213	0.7221145778770784	0.7180748246659033	0.7822218410891342	0.7503210016177555	0.17666677482605653	0.2674464958675387	0.21206734312639353	0.2394463475346612	0.29007653049399484	0.501497234982455	0.4019797803746332	0.4338481720290547	0.24489526308226447	0.21106377850193064	0.4892087831605101	0.4097510325358896	0.303292062800432	0.33920252536723977	0.4351043660855417	-0.6397365237263073	-0.6600048208185194	-0.7006781593744061	-0.5936026811167612	-0.5663581033787448	-0.5750657068293384	-0.8059226536751788	-0.8590119176196281	-0.8477386189282022	-0.8509579059106016	-0.6042548358835772	-0.6771395858731476	-0.727818440557917	-0.7065326726339747	-0.7157478526498278	-0.8214744288025365	-0.8131724230639082	-0.695270962448605	-0.7532459405463285	-0.807844027979289	-0.7596358427856914	-0.5055022226754615	-0.6007272946400842	-0.5558102451664341	-0.3997478341082181	-0.2853461023218731	0.08224826288294218	-0.044504498658051	0.05945135376927748	0.030572796677343545	-0.09909099758495533	-0.05173340873587941	-0.023883910981731878	0.07403432979034075	-0.44377720401796683	-0.4741483606899333	-0.4404397142737947	-0.4007606695375259	-0.18978728138283324	-0.25722543352601157	-0.19709731100305472	-0.18944657930478234	-0.09808511525928124	-0.12240475406872448	-0.23302863288076353	-0.2795031775683606
SahR_SamR	0.8180395956074926	0.9268579851759831	0.8972099512819205	0.8828471568759242	0.9041352425010777	0.9237151823335543	0.9074565083367713	0.9030760530475453	0.9381730024892111	0.8773124863835053	0.9064228135965624	0.9491728124377118	0.9407618747421558	0.932795935679156	1.0	0.7003745405157349	0.7569449916794526	0.7770162841687102	0.7523930265005957	0.7872095340957025	0.8233216366678873	0.6479017850934728	0.8180094654917467	0.7687768563627851	0.7236303544692232	0.796911431365914	0.7591259485192207	0.18419930376255614	0.3062772619604971	0.19445049621982932	0.19507395784565038	0.28054846081462564	0.4887035242964618	0.3856029036160774	0.5011565329044041	0.2786942998456411	0.23227074458469113	0.49604368403242927	0.42183552665124624	0.41694517709554957	0.38961947981514017	0.4953483736690601	-0.7075478257644937	-0.6721379866593118	-0.6941005233369335	-0.6343339622029286	-0.6490606356990882	-0.6051842340692807	-0.8308263531898522	-0.8746587184966463	-0.8477200773185124	-0.8502162415230078	-0.6567623568240076	-0.6889644974528464	-0.754033958958147	-0.7265367517881065	-0.739543690985533	-0.8306710672086998	-0.8383797414372529	-0.7063194441225416	-0.7622131265325799	-0.823358719887267	-0.7826552512156343	-0.4942984550203726	-0.5539746258071394	-0.5138853479564829	-0.3936360560142029	-0.34590068186769635	0.04897534429451493	-0.03553035956816591	0.09254349166322874	0.04075214039706857	-0.07513292016446407	-0.03970453944959232	-0.12443042492734006	-0.020812956876851262	-0.4639087567387163	-0.46535731999573543	-0.454892899027029	-0.39182593136823174	-0.17278926069966763	-0.23324881449583046	-0.20838915130417046	-0.19490476565723053	-0.08903680973063677	-0.07671359239052339	-0.2529933111143044	-0.2370776568967835
PhrR	0.7384080173920299	0.750578266452202	0.7323078278040708	0.7454538290741711	0.7567989765031451	0.7751505346936695	0.7740426735147011	0.6921907375388794	0.7467169762342918	0.6697855199299128	0.7430318313084351	0.7303632764878483	0.7571837149042094	0.6776935164626317	0.7003745405157349	1.0	0.629042650337689	0.6244466488358187	0.6374257756187104	0.6210257218480423	0.618691796728333	0.5393082125424719	0.548945214178769	0.5237633905187479	0.478074546541758	0.5913915941612471	0.5932202604169081	0.24173160092893464	0.39248647621343247	0.30713481140865245	0.38791365172367437	0.38335705114239493	0.42748608220422657	0.5330179714551919	0.5144439139483894	0.09909331528616656	0.11017424477706032	0.25469913920577014	0.2897010628977755	0.3232451525279167	0.24488599227741956	0.4216083919325456	-0.39495019260097064	-0.5316435746369321	-0.547830399896167	-0.5076970857224969	-0.5245931275523684	-0.5842044027052209	-0.5386638916057498	-0.6457880415888305	-0.6286254641196676	-0.5776429905762269	-0.5571127932471458	-0.5768827845789433	-0.6435769546333165	-0.6063894386991207	-0.6318818343214466	-0.6626562710041672	-0.6585701637687675	-0.623876494337856	-0.6899379319615633	-0.6811631151758439	-0.660855417163041	-0.5859565848209112	-0.5435681473687138	-0.5331778928387668	-0.412518367782099	-0.2713657286157298	-0.1294691073605555	-0.14827493498848102	0.021158294357324633	0.12320667868781028	0.023448183154020516	0.022597586809498867	-0.11797330935285147	0.06104361450139294	-0.33760099383027936	-0.38827521311262636	-0.14852756442050516	-0.20815506348183618	-0.24325896602713565	-0.24612596242542797	-0.2652446797168696	-0.26584264662936713	0.024991772160700133	-0.1976303822816378	-0.12433308147646838	-0.1328645396350084
XylR	0.7640348396846072	0.7667372792969022	0.7408346505601884	0.7552692937037329	0.7683990710653545	0.7849845409329211	0.7748839990543779	0.7612837283468764	0.7542541405732138	0.6950461454311156	0.7851305561092287	0.7933050882812391	0.7861271676300579	0.7387394486652359	0.7569449916794526	0.629042650337689	1.0	0.6554018662130153	0.6455655422725524	0.6592260732115459	0.6842340692807246	0.512077541011723	0.5899152184896932	0.5543894943239497	0.543037393791342	0.61350709911881	0.6477094158929407	0.23008978774492309	0.24928730687754658	0.2525112292623684	0.30781621556475425	0.3855936328112325	0.5133916775984907	0.3758337930107402	0.4843161159036022	0.19131464648103425	0.08919673111421168	0.2928021471184021	0.2475049946461102	0.32706008872160236	0.1681283635638828	0.3521005326077383	-0.43150729380571173	-0.6057567062684547	-0.5262132006990187	-0.5335556781361974	-0.508651978621524	-0.4991401328506334	-0.5625895212092837	-0.6980985579263064	-0.6227199614334519	-0.6113238245778307	-0.5233902406237397	-0.5876647306135883	-0.6664967019111764	-0.611708562978895	-0.6290125202219431	-0.6381094974760234	-0.6940912525320886	-0.6645220204792079	-0.6508568541377919	-0.7510163119811246	-0.736078727674743	-0.5094191377224414	-0.48521306627234845	-0.5478188113901108	-0.4108565760136466	-0.3774561838586017	-0.03327291858842726	-0.048606829801929256	0.08890238306038539	-0.015326958109868309	0.06201936671132104	0.03505059541744116	-0.07480844199489178	0.07846809220742498	-0.34676286671827417	-0.3653971844565686	-0.2395575971928003	-0.3460814625621723	-0.16268640111991323	-0.2809216107096338	-0.2771669347474401	-0.27255239163587985	-0.017730414265914495	-0.12464828884119575	-0.16627883799732074	-0.28255559006355135
ModE	0.7222420514436961	0.7707538554959649	0.7875177883567962	0.7917383222624472	0.7885028113715692	0.7968859366525904	0.7978338764479839	0.8161599399251847	0.8135687499710287	0.7854318572666886	0.7561453847615781	0.7749094937677015	0.7679772494449105	0.7373372394324413	0.7770162841687102	0.6244466488358187	0.6554018662130153	1.0	0.7415693618441485	0.6598588056422118	0.678611326142279	0.6234940736380029	0.6052584005080401	0.6380330133360528	0.6184669797108436	0.6852886233318346	0.6741567044142938	0.17958244294978468	0.4004987693006568	0.3238268955319356	0.31267643500470493	0.2589243085138436	0.46289360360819726	0.4655450537938451	0.5040513417172312	0.26005302900371297	0.1829546982121253	0.43395710398598253	0.346691017980726	0.3028540172715094	0.28970569830019793	0.45478628477131244	-0.5917763325623114	-0.5977258715715404	-0.5242616962791625	-0.513535375073587	-0.5978324858272571	-0.5152713332807988	-0.6673658398653879	-0.6869226026857521	-0.7229396795082765	-0.6489146205227807	-0.6227871747685776	-0.6550982473543441	-0.6519137258901132	-0.6752877426053743	-0.7478364259193162	-0.7940792004857902	-0.7453008607942299	-0.680690304128753	-0.7187353695111041	-0.7592117034640362	-0.7574432974398673	-0.5217701674770895	-0.5171811190788528	-0.5237633905187479	-0.3054173948111305	-0.36165641470164234	-0.04900779211147216	0.04526470465533465	0.046453685376695975	0.2332511321970417	0.09189685302529539	-0.01557958754189245	-0.10829690679596349	-0.01736421747454005	-0.4793747769212584	-0.37321710834326083	-0.3069215828972192	-0.23821564819149774	-0.17949437030375792	-0.16153218591672036	-0.17503743087456136	-0.17085629788950127	-0.03750967640255689	-0.04667618469297412	-0.042814894475063855	-0.1608322401509287
NadQ	0.7752177480287952	0.7826784282277466	0.7864423749947852	0.8063885116186361	0.7826065794901984	0.8038993005177745	0.8056306233225637	0.7712753382684918	0.8113182620949237	0.7813318438240215	0.7549216385220483	0.7835429307795356	0.7827641831725621	0.7644520259026287	0.7523930265005957	0.6374257756187104	0.6455655422725524	0.7415693618441485	1.0	0.670221247757624	0.7168116775057827	0.5938877583657425	0.6031655163142988	0.6231023821333049	0.5640334490638805	0.6653818876285744	0.6252787035706505	0.1591843545897437	0.38337559275208477	0.27106674515948104	0.2707075014717403	0.2874042209974459	0.4056000296665755	0.47341133170476196	0.537620926060696	0.21811886098891675	0.18484826010170072	0.3082542610936769	0.37007662320204326	0.2647371031516101	0.3002605096161423	0.47215513764827494	-0.5444280145180804	-0.5906962837978779	-0.46589734437795216	-0.5657833134783596	-0.5727827711362762	-0.4882701141699617	-0.6249704493095568	-0.6981727243650657	-0.6873397889037737	-0.6505509175779095	-0.6026370804381382	-0.6934538846990002	-0.6770723725380219	-0.6237814685881955	-0.7418706630016085	-0.7323982181513088	-0.709309278685029	-0.6945177095549551	-0.6824239446347534	-0.7132702300550222	-0.7474771822315754	-0.526305908747468	-0.5652363359925092	-0.5577455256778118	-0.42106604984911766	-0.34527258483945283	-0.01487037097125587	0.09455062091215449	0.030396651385290015	0.18091975654866477	0.06376691342458896	-0.019786215240276083	-0.04091206178064349	0.03342125146594602	-0.3611951921606074	-0.3647088271968331	-0.2612675044383978	-0.21183789070648168	-0.24638322725987458	-0.17099304226096387	-0.21144156379936124	-0.28796974009298615	-0.06432316171528431	-0.013516833463897168	-0.05337434119343071	-0.20048115477145148
AraR	0.7167328756646009	0.7666677482605653	0.7677663386346886	0.723748557230996	0.7490138181346213	0.7594342027803144	0.7611516193778363	0.7664800144624555	0.7799806240178742	0.7175278471800529	0.7535866426243795	0.777869198214443	0.7747518900853377	0.7450598198682619	0.7872095340957025	0.6210257218480423	0.6592260732115459	0.6598588056422118	0.670221247757624	1.0	0.6826487616522429	0.6376923112580019	0.6401143090237379	0.6170554996732042	0.5784055142747218	0.606924827678915	0.643421668652164	0.2076660285262665	0.27497902480403835	0.18698286291724417	0.17917220983539686	0.26120029110327214	0.4202247243094409	0.3646949209895657	0.4639875585798981	0.16451043197315174	0.1843337304328075	0.3583328311647376	0.3470386731624106	0.37003026917781867	0.3394621079028976	0.3718566177322684	-0.5587375017962184	-0.6069642285995058	-0.5940291381396275	-0.5289527235306933	-0.4924327055453319	-0.5861420009178097	-0.7138218429432951	-0.6969234834122124	-0.631986130875952	-0.6813508489739537	-0.6310729565987271	-0.5433943197778716	-0.6595250566677946	-0.5862972868989621	-0.6541920261807529	-0.6770839610440781	-0.6967797859371161	-0.6056338681042595	-0.6237582915760832	-0.7232942877935948	-0.6986061344915658	-0.4452790744028443	-0.45120311869874985	-0.4733580245769036	-0.3604906109923933	-0.30857873926324914	-0.03974162266897201	0.058978542722186424	0.05995429493211453	0.13505244957841014	-0.02864215156838841	-0.007660002503117308	-0.13477432543306248	0.00851755195127265	-0.3636357315360333	-0.3917818950452184	-0.2964108079042882	-0.27062406422813595	-0.19960738141481751	-0.22506964692139747	-0.1615113266058193	-0.20870667637010906	-0.10726552975696585	-0.12432612837283469	-0.1436742980841882	-0.1493225359359573
IscR	0.7258414414247373	0.8432469139808373	0.8402060899917027	0.8259313682317331	0.8337744691305375	0.8384423193699561	0.815863274170147	0.8050651042270235	0.8496136392080879	0.7983321822083984	0.7891679916191924	0.8462645609578595	0.833297022681024	0.8175945969749364	0.8233216366678873	0.618691796728333	0.6842340692807246	0.678611326142279	0.7168116775057827	0.6826487616522429	1.0	0.5969587124706232	0.6507780522966101	0.6635555390741247	0.6054554051109947	0.668260472532923	0.6446685919038061	0.18229878876934702	0.29259123630818007	0.18640111991322528	0.22998085578799524	0.2583703779243595	0.3744501253876355	0.3901432802888783	0.4808951889158257	0.19910444025198049	0.16842039391649785	0.34357139215040955	0.416949812497972	0.3797715673686211	0.4039150608860108	0.4776550426225253	-0.5914379481854717	-0.5490448753308519	-0.5719762111147679	-0.47091053209784406	-0.5018448901641396	-0.4895378967325048	-0.7465454663446607	-0.8180164185953803	-0.7128993978612254	-0.7794452350380798	-0.6171760201361881	-0.6001200569227417	-0.6166429488576051	-0.6146937621389601	-0.7277141440034116	-0.7566228312110916	-0.7580945714802231	-0.6688746633538991	-0.6934816971135349	-0.7298487468189551	-0.6667771437577353	-0.4880151670367263	-0.5541530888004043	-0.46169998748441343	-0.4296484974343048	-0.30879660317710483	0.07979381730024893	0.016900677232293923	-0.034457263907366115	0.02257672749859779	0.026287367137778066	-0.0883136869527328	-0.03526382392887439	0.04451145176168469	-0.2925611061924341	-0.3117957085444373	-0.4264222573482717	-0.3494653063305691	-0.08587082987609569	-0.254536900120984	-0.18464893779753488	-0.15506579953738683	-0.1928536000852914	-0.0955495501341949	-0.18345763937496234	-0.15520949701248313
HutC	0.6228937890242942	0.6572954281025907	0.6760549017062917	0.6574344901752646	0.657529515924925	0.681132985060098	0.6607928392303378	0.7020548738938771	0.6923738359345667	0.6094302626882553	0.5803500655909443	0.6358126555756938	0.6367327829565523	0.5919710194640547	0.6479017850934728	0.5393082125424719	0.512077541011723	0.6234940736380029	0.5938877583657425	0.6376923112580019	0.5969587124706232	1.0	0.43862031882297864	0.6248800589623188	0.4763640830478698	0.5469798035516453	0.5119199373293593	0.17416829292034988	0.5494759677561407	0.24993394551547993	0.19520143141226806	0.17667604563090145	0.1833046710950211	0.47929133967765414	0.47444039104254837	0.06843708136521873	0.13057928624073498	0.31353861985528275	0.35256870825240694	0.3305853122638842	0.3063004389726094	0.47177735235084434	-0.5632964200787092	-0.46465505652873257	-0.34451006114095795	-0.47974792681626655	-0.4985722960538819	-0.4518242626233597	-0.5858801006809407	-0.617284952093116	-0.5489289902702903	-0.5755153408643171	-0.5180015853076285	-0.4493002860043295	-0.5200272561662441	-0.5396906332423249	-0.6776796102553643	-0.6538721834136031	-0.6299233767979567	-0.5640960269965837	-0.6171296661119635	-0.6101394792588919	-0.5775016108023419	-0.518247261636019	-0.4611066559743384	-0.4635611015570317	-0.40134704794396725	-0.36748079784546495	-0.130308115199021	0.1347163829027817	0.06744742294802324	0.1970347330703515	0.11662904265033769	-0.01252949274791291	-0.18398607525112293	-0.05574071413009721	-0.29398649243734093	-0.30489822973981484	-0.21267458084373594	-0.13832504368866783	-0.1413681853790137	-0.26066258442226664	-0.22057098887039878	-0.2007917267337564	0.017544998169016043	-0.06032512712591143	-0.10966203280937835	-0.12759176937945868
