	AcnR	AgaR	AmtR	AraR	ArgR	BioQ	BirA	CadR-PbrR	CblR	CcpA	CsoR	CueR	CzrA	DasR	ExuR_UxuR	FabR	FadP	FadR	FixJ	FnrN_FixK	FruR	FUR	GguR	GlcC	GntR	GulR	HcpR	HexR	HisR	HrcA	HutC	HypR	Irr	IscR	KdgR	LexA	LiuQ	LiuR	LldR	LtbR	MerR	MetJ	MetR	MntR	ModE	NadQ	NagC	NagQ	NagR	NarP	NiaR	NifA	NikR	NmlR	NnrR	NorR	NrdR	NrtR	NsrR	NtrC	PaaR	PdhR	PdxR	PhnF	PhnR	Phr	PhrR	PhsR	PrpR	PsrA	PurR	QorR	RbkR	RbsR	Rex	RutR	SahR_SamR	SdaR	SiaR	SoxR	ThiR	TrpR	TtrR	TyrR	VanR	XylR	ZntR	Zur
AcnR	1.0	-0.6951742913574974	0.31711418352639725	-0.8441200021352693	-0.8884001494688517	0.7660759088240005	-0.8776544066620402	0.0915923770885603	0.2563284044200075	-0.7377942668019004	0.5709763518923824	0.8117172903432446	-0.84640474029787	0.7579138418833076	0.1626381252335451	0.2096834463246677	0.843495435861848	0.7541237388565633	0.7022740618160466	0.6658677200661933	0.8349490204452037	-0.8684727486254203	0.10854107724336733	0.7502695777504937	0.7207014359686116	-0.7750814071424759	0.48454065018950515	-0.6689531842203598	-0.6622911439705332	0.6924571611594512	-0.7642342390433994	-0.5001654833715903	-0.719906048150323	-0.7770458549084504	-0.8566220039502482	0.2932151817648001	-0.11286499759782202	0.754412000213527	0.05111300912827631	0.4885282656275023	0.8607110446805103	0.006491218704959163	-0.8513799177921315	-0.8858431644691187	-0.8464901510703038	-0.7983291517642662	-0.864623925692628	-0.19079698927027172	-0.4105268777024502	-0.4149415470026157	-0.6485346714354348	0.8484172316233385	-0.13146853146853146	0.5754817701382587	0.8169380238082529	0.1986120749479528	-0.36600117439812097	-0.8868680937383228	-0.8674211284898308	0.735883200768697	0.8086104734959697	-0.0024715742272994183	0.7264186195483905	-0.7627075214861474	0.7456413815192441	-0.8804729621523515	-0.8209736828057439	0.08103347034644745	0.3182458762611434	-0.5594245449207281	0.7379917792131533	0.4614637271125821	-0.8693909144290823	0.8285111834730156	-0.5533016601718892	0.549260663001121	-0.8784818235199915	-0.006443175145465222	-0.7128863502909304	-0.033774622324240645	-0.8681364437089628	-0.5833395612021566	0.4829552127262051	-0.683819996797096	-0.07302087225751348	-0.8274755778572572	0.5797950141461592	-0.8782789729354615
AgaR	-0.6951742913574974	1.0	-0.3088560294667165	0.7296642289008701	0.7818715635509529	-0.718987882346661	0.7378850157476111	-0.15186569156034804	-0.29119735226605453	0.5693108418299258	-0.5025196177867933	-0.7523034217690706	0.7179469385576256	-0.589072759301767	-0.1350077403512518	-0.35298670794854003	-0.7033256819516361	-0.7350557839107458	-0.6432445417178242	-0.6386750653926226	-0.712608765280521	0.8189505151337212	0.060625633908076654	-0.6839641274755779	-0.790967810815139	0.8101905727859926	-0.4136336945497251	0.5065552767842845	0.4920781508567768	-0.7411252869268137	0.5736027331447179	0.4005871990604815	0.7164095446538195	0.7254043666257407	0.8176693535472161	-0.06524315379277211	0.1512251107670955	-0.6987295147600491	-0.07422729941813912	-0.3784391181337746	-0.7137244434954358	-0.04777665083008594	0.8066567020765494	0.7881279026317194	0.6694389579885763	0.6986280894677841	0.828740724923931	-0.013799177921315325	0.4379223829605509	0.17753696684994394	0.5780013879250521	-0.7025409704799018	0.002311429028986281	-0.5098649442160893	-0.7483318208509048	-0.27731810174558263	0.26690866385522877	0.7863876581433833	0.7946137831634015	-0.7488869908717237	-0.6366518977206	-0.12257513478887525	-0.6905834623391875	0.6225004003629958	-0.591779213153259	0.7802274061816047	0.6827256712752896	-0.11164789409064219	-0.20405167351732237	0.46610793786366306	-0.6964341002508941	-0.5805263438851225	0.7448940372604494	-0.668451395932312	0.464880158009929	-0.5085837826295841	0.8207174504884428	-0.07488923290450009	0.7406928948913681	-0.03879250520471895	0.7905087279133081	0.294181391127956	-0.345278385736401	0.49634868947846045	0.014487802274061816	0.7323279773661453	-0.5612929055677147	0.7793679602839908
AmtR	0.31711418352639725	-0.3088560294667165	1.0	-0.35979287887684835	-0.36192281001441307	0.33868040356589973	-0.37825228206907596	-0.03609138952650403	0.2876634815566113	-0.23562163027811883	0.3903058773287781	0.3053435114503817	-0.3424971974590295	0.4045160945924305	0.26789088773821595	-0.11638819196071104	0.32548977739817436	0.3280307478780761	0.1944055944055944	0.2662253776757594	0.3465595473229061	-0.37201729568141784	-0.2281214968237869	0.42297015961138096	0.4024715742272994	-0.3738856563284044	0.3328511183473016	-0.30085410772433674	-0.3749105855976085	0.37731810174558267	-0.3594245449207281	-0.2647360273314472	-0.37832167832167835	-0.2482037046922543	-0.3671115144397587	0.27344258794640475	-0.14942614637271126	0.3393103080125981	0.2767522553782096	0.10760689691987402	0.28841082581540595	-0.23644370896279293	-0.31639353013398813	-0.37157422729941814	-0.36427694442961617	-0.35219665830352853	-0.37567394437623447	0.054358618480755884	-0.17047990177761171	-0.1369828644637805	-0.25995302407516147	0.3174131212299151	-0.12803608605135322	0.1304489403726045	0.39095179629530774	-0.0018363316073239737	-0.23710564244915389	-0.3867986974857204	-0.3520311749319383	0.25616292104841726	0.3987508674531575	0.15108098008861368	0.3400256232317301	-0.3300058719906048	0.37415790316553676	-0.3915870389152832	-0.33889926867026104	0.2554636203491165	0.13807185181230983	-0.20564244915389954	0.3301339881492553	0.2667271659638072	-0.2748144984786206	0.3717610633641168	-0.18779693588853894	0.31067100838093203	-0.35422516414882826	-0.04840121710350718	-0.4063150589868147	-0.08729514760049112	-0.3750173490631506	-0.25429989857470775	0.18698019537714194	-0.2382693642235627	0.1124913254684247	-0.33067848182352	0.17682165163081193	-0.3353974270004804
AraR	-0.8441200021352693	0.7296642289008701	-0.35979287887684835	1.0	0.8860673677467571	-0.8132600224203278	0.8632787060267977	-0.07141942027438211	-0.26817914909517965	0.6496023060908557	-0.5199701062296482	-0.83047563123899	0.8704799017776117	-0.7340041637751561	-0.21299845192974964	-0.2478513852559654	-0.8590775636577164	-0.7633107350664603	-0.7048150322959483	-0.6854641541664442	-0.8538941974056478	0.8949874552927988	-0.060251961778679336	-0.7742272994181391	-0.7739550525810068	0.8051353226925746	-0.496071104468051	0.685912560721721	0.6688570971013719	-0.7271285965942454	0.8132119788608339	0.5796615598142316	0.7429028986280894	0.7901350557839107	0.8641755191373512	-0.2858378262958416	0.1206427160625634	-0.8084022847381626	-0.09296962579405328	-0.5571398067581274	-0.8443762344525704	-0.047707254577483586	0.8432285271979928	0.8800565846367373	0.8498265093684941	0.76712752895959	0.8677574334062884	0.19629530774568943	0.36869161372978165	0.3585597608498372	0.7633587786259542	-0.8595473229061016	0.1429456040143063	-0.5846580900016014	-0.8768002989377035	-0.2617413121229915	0.36831260342710725	0.8888325415042972	0.8935461485079805	-0.8031388458869375	-0.7833715902418192	-0.029787006886243528	-0.7193402017829499	0.7929589494474991	-0.7152404847061336	0.8827950675278919	0.8378850157476112	-0.023450595206320396	-0.3150536486414349	0.5420861581166925	-0.7853947579138418	-0.5130411573159664	0.8572519083969465	-0.8308439651951103	0.5761490417978967	-0.5717183579778999	0.8982437409918326	-0.02623178348369188	0.7431164255591737	-0.05466289435755085	0.8734479261196818	0.5671435434794213	-0.44251321197886084	0.6863663054502749	0.07367212939732024	0.8186515774302033	-0.5905621096460791	0.8886510436128757
ArgR	-0.8884001494688517	0.7818715635509529	-0.36192281001441307	0.8860673677467571	1.0	-0.8124165910425453	0.959317781455186	-0.16857951209096247	-0.32232957881812846	0.7223455933379598	-0.6412320503923558	-0.9112208402284738	0.9400576522713927	-0.8293065712913041	-0.21509635402765173	-0.24028719372230822	-0.8988042491859286	-0.8474083168739658	-0.7971067100838093	-0.7285111834730156	-0.9008594458976138	0.9653766081246997	-0.1206427160625634	-0.8342817487855656	-0.8092670688090535	0.8550205519671169	-0.5782149148561362	0.686777344792612	0.7322051993807719	-0.7535578924891903	0.7594298830940053	0.5736347621843805	0.7780654460043773	0.8508781295040837	0.9450168152458229	-0.26190145732130465	0.15457748358511716	-0.8146693001654833	-0.06652965355255432	-0.5975764693321945	-0.9083115357924518	-0.055549031121550206	0.9213793839748038	0.9635296001708216	0.8997811348956387	0.8568675599209951	0.9637911706613996	0.12943468744995462	0.40464954892435806	0.39037527358138047	0.7000854107724337	-0.885709710137191	0.14755778572572464	-0.6230662467303689	-0.8854694923397214	-0.28765814338333423	0.3168152458228794	0.9795120909624726	0.9750066727165964	-0.8115624833182085	-0.8200501788288048	-0.06563817861527785	-0.7798697485720386	0.8115571451449314	-0.8205092617306358	0.9762824961298244	0.8675439064752042	-0.12831900923503978	-0.37391234719478994	0.600763358778626	-0.7825762024235307	-0.5011637217744088	0.9429189131479208	-0.8451342550579192	0.646965248491966	-0.6567447819356216	0.9717343724977313	0.04928735386750654	0.7536646559547323	0.04643143116425559	0.9702984038861902	0.5554102386163455	-0.5348475951529387	0.6961351625473763	0.006768803715368601	0.8983077990711579	-0.6405754550792718	0.9600437730208723
BioQ	0.7660759088240005	-0.718987882346661	0.33868040356589973	-0.8132600224203278	-0.8124165910425453	1.0	-0.7526717557251908	0.023931030801259807	0.2491165323226392	-0.5538888592323706	0.44241712485987295	0.7573960390754284	-0.8097848716169327	0.6822505738536273	0.09135215929109058	0.2008114023381199	0.7629744301500027	0.754262531361768	0.6042758767949608	0.6942134201676187	0.8257887151016922	-0.8007953878182886	-0.08708695884268404	0.732717664015374	0.7694442961618534	-0.7551166390861047	0.42025836758661184	-0.7370949661025997	-0.5927560988629691	0.7004163775156141	-0.7603800779373299	-0.548748198366519	-0.6951903058773288	-0.7133027278065446	-0.7650456413815192	0.19817968291250734	-0.06252602359472588	0.7295414509154967	0.03433513051833662	0.40591469599103186	0.7078738055837293	0.10164949554262531	-0.7635829819035926	-0.7791490951796295	-0.7930603747397641	-0.7108631826189078	-0.7772487054929803	-0.24388512251107672	-0.4489350344312176	-0.30215662200395027	-0.7113703090802328	0.7527891955372872	-0.2627715795654727	0.501836331607324	0.81592910905888	0.1989590562109646	-0.46751187743554157	-0.8017669353547217	-0.8116265413975338	0.7939091442908237	0.7200341643089735	0.0981316393530134	0.6771419420274382	-0.7864463780494315	0.6719852666417552	-0.8064111461058026	-0.7833342230288796	0.07721133828004056	0.3202850584529974	-0.4358511717290343	0.7097047990177762	0.4751080980088614	-0.778407089094112	0.7723642769444297	-0.5390220466556345	0.5814872150750013	-0.8138418833075322	0.08439118133774623	-0.7360326696204559	0.10141461591843272	-0.7775583195430523	-0.5201142369081301	0.323023541344152	-0.536038007793733	-0.04102919980782576	-0.7084343137778252	0.4641114610580259	-0.8155554369294827
BirA	-0.8776544066620402	0.7378850157476111	-0.37825228206907596	0.8632787060267977	0.959317781455186	-0.7526717557251908	1.0	-0.23403619281481877	-0.35278385736401	0.7778625954198474	-0.6505258100677948	-0.8791918005658463	0.9134308439651951	-0.7982811082047723	-0.20239150162814284	-0.22210003736721293	-0.8801473335824481	-0.8223989750707308	-0.7909251054289222	-0.6881545934981049	-0.86095126247798	0.9406822185448139	-0.17392302354134415	-0.8177173971067101	-0.7537660812469973	0.8102439545187636	-0.6065926439972241	0.6686542465168419	0.7471200555170021	-0.7262317834836919	0.7077243367319703	0.5117706720760156	0.7546628943575509	0.7926226445310415	0.9433513051833663	-0.2746330005871991	0.14929269204078363	-0.7724923931030802	-0.06130892008754604	-0.6228473816260076	-0.9045961671915871	-0.024059146959910318	0.8791117279666898	0.9510649655687824	0.8718838413494902	0.8392729407996583	0.952831900923504	0.13074787807612234	0.38099610313350774	0.4019858004590829	0.6838520258367586	-0.8693802380825282	0.10506058826669513	-0.6089254257193188	-0.8407302621043079	-0.25852239363689744	0.2612288474883895	0.9612715528746063	0.9449794480328831	-0.7571825121443442	-0.8252495596007047	-0.10997170768163135	-0.7297496396733038	0.7534030854641541	-0.7983985480168686	0.9635349383440986	0.8479047669887364	-0.14006299044466983	-0.3152992046121817	0.6452196658303528	-0.7444829979181125	-0.4891154646879838	0.9206800832755031	-0.8171088453531201	0.6276624139219559	-0.6142155554369295	0.9450274915923771	0.07029840388619014	0.708626488015801	0.09341803234933006	0.9516361501094326	0.5186729301233118	-0.5749906581967651	0.7224790476698874	0.0016014519831313724	0.8908877382159824	-0.6499919927400843	0.924657022366946
CadR-PbrR	0.0915923770885603	-0.15186569156034804	-0.03609138952650403	-0.07141942027438211	-0.16857951209096247	0.023931030801259807	-0.23403619281481877	1.0	0.06001174398120963	-0.2595152938664389	0.11488816526984466	0.1787540703571238	-0.10614423744194737	0.15211658570437198	-0.0032456093524795815	0.04847061335610954	0.0835424117866866	0.14531575294934074	0.17851385255965407	0.027123258420968344	0.09457641595046175	-0.16903859499279347	0.24204345273047564	0.11549671702343459	0.037559387177707786	-0.11250200181497891	0.08924358084663428	-0.003939571878503176	-0.12355202049858538	0.11888111888111888	0.12792398441253403	0.0006672716596380718	0.039353013398814925	-0.07096567554582822	-0.19571878503176213	-0.0680350184166978	-0.07572198793572839	0.022398975070730794	-0.07854054342603961	0.14776597448353174	0.15412907702984038	0.13451129023648106	-0.10938450862114985	-0.17273261090054984	-0.030005871990604813	-0.1179629530774569	-0.20621363369454973	0.17139272940799657	-0.04204345273047563	0.1348849623658784	-0.03261623872310895	0.07284471253936903	0.18581113542945604	0.019180056584636736	-0.027144611114076764	0.2291677787860994	0.33039555863983344	-0.16026797629851064	-0.12682432071745048	0.061170127582341326	0.0844872684567341	0.05726792291677788	0.00015480702503603268	0.10934714140821011	0.14097581807505472	-0.1681577964020712	-0.10629904446698339	-0.10473495969679175	0.020866919340201785	-0.3373725511130091	-0.012699514226231784	-0.012090962472641862	-0.11556611327603694	0.0049378102813217315	-0.1911279560134522	0.09555863983344899	-0.14916991405541025	-0.15160412106976992	0.03809320450541825	-0.10474029787006886	-0.19398387871670314	0.12338119895371803	0.08863502909304435	-0.18301393263225324	0.2013986013986014	-0.12232957881812843	0.16565953130838626	-0.1567234292425132
CblR	0.2563284044200075	-0.29119735226605453	0.2876634815566113	-0.26817914909517965	-0.32232957881812846	0.2491165323226392	-0.35278385736401	0.06001174398120963	1.0	-0.3193882453424438	0.3586718624886564	0.2476111674584957	-0.2951209096247264	0.3207121123151658	0.29995195644050604	-0.1208829338600331	0.2366572358938771	0.33736721293973204	0.2732771045748145	0.20238082528158863	0.259723482624246	-0.28628089467784124	-0.13285111834730157	0.3706026797629851	0.2751187743554156	-0.2204398654780334	0.35175358992152883	-0.30385949927934663	-0.38136977526290505	0.3346767736080713	-0.2882773714834784	-0.06444776597448353	-0.30337372551113007	-0.0887844979448033	-0.31367639993594193	0.158447659211018	0.11677254043666258	0.12849516895318422	0.24639940212459296	0.15385149201943096	0.26775209523301124	-0.16414882827096566	-0.18102813217317035	-0.2839000693962526	-0.24697058666524316	-0.2125927507606897	-0.3285645652057866	0.04484065552767843	-0.04799017776117013	-0.05386750653926226	-0.21006245662734213	0.18793572839374367	-0.023189024715742274	0.028644637804943147	0.17440879730956066	0.036433032616238724	-0.050584529973842954	-0.3153365718251214	-0.2989110126514707	0.11926546735707041	0.3267015427320771	0.20037367212939733	0.3945604014306304	-0.24195270378476486	0.4158703891528319	-0.3094912720866919	-0.35069129343938504	0.19120802861260877	0.19643410025089414	-0.18662787594085303	0.2241338813857898	0.22269791277424866	-0.2582181177601025	0.1956920941653766	-0.07392302354134415	0.34828377729141086	-0.2682805743874446	-0.08035018416697806	-0.2683819996797096	-0.1248438584316447	-0.29588426840335236	-0.26868627555650454	0.3024769124005765	-0.36863289382373354	0.15760422783323547	-0.2335984626060962	0.2555170020818876	-0.24859339134148295
CcpA	-0.7377942668019004	0.5693108418299258	-0.23562163027811883	0.6496023060908557	0.7223455933379598	-0.5538888592323706	0.7778625954198474	-0.2595152938664389	-0.3193882453424438	1.0	-0.4978967597288208	-0.6552607697645866	0.6403192227619708	-0.6669086638552287	-0.16617733411626542	-0.1778198900336305	-0.7468478086798698	-0.5825601879036993	-0.5791010516201356	-0.4185501521379384	-0.6380878663321411	0.7192014092777451	-0.19990925105428922	-0.6698499973309133	-0.4773608071317995	0.5857951209096247	-0.34740297870068865	0.49691453584583356	0.6950354988522928	-0.5180964074093846	0.48851225110767094	0.3300912827630385	0.5278332354668233	0.5707628249612983	0.7433246143169807	-0.15151871029733624	0.26227512945070197	-0.5525062723536006	-0.13035819142689373	-0.5473549351411947	-0.7535685688357444	0.044290823680136655	0.66355095286393	0.7528906208295522	0.694693855762558	0.6267015427320771	0.7258047296215235	0.1297496396733038	0.41125820744141356	0.4027918646239257	0.47088560294667164	-0.6854908450328298	0.025479101051620136	-0.552778519190733	-0.6246676987135003	-0.07365611487748892	0.09948753536539796	0.7314204879090376	0.6882880478300326	-0.5203010729728287	-0.6629797683232798	-0.03877649068488763	-0.5785779106389793	0.478508514386377	-0.5609619388245343	0.7209843591522981	0.6294133347568462	-0.1858751935087813	-0.24710937917044787	0.5549938611007313	-0.5082474777131266	-0.19892168899802487	0.7491699140554102	-0.59861741312123	0.48277371483478354	-0.43156995676079646	0.701323866972722	0.055559707468104416	0.47100838093204506	0.2164308973469279	0.7287514012704852	0.3543586184807559	-0.45936048684140285	0.6527197992846848	-0.21127956013452195	0.741856616665777	-0.5822559120269044	0.7361074040463353
CsoR	0.5709763518923824	-0.5025196177867933	0.3903058773287781	-0.5199701062296482	-0.6412320503923558	0.44241712485987295	-0.6505258100677948	0.11488816526984466	0.3586718624886564	-0.4978967597288208	1.0	0.5945123578711365	-0.6241659104254524	0.5666470933646506	0.33839748038221323	0.049693055036566486	0.5084503282976566	0.5018523461271552	0.595051513372124	0.42443281908930763	0.47639993594192065	-0.6222174771793092	0.04927667752095233	0.5116959376501361	0.47813484225697966	-0.5607537500667271	0.5124379437356537	-0.37637858324881224	-0.405156675385683	0.4249933272834036	-0.3827310094485667	-0.25287994448299794	-0.5894944749906582	-0.5005017882880478	-0.6146853146853147	0.28021672983505047	-0.18738589654620189	0.42608765280521005	0.10343244541717825	0.35005071264613247	0.5741525649922596	-0.01718891795227673	-0.576367906902258	-0.6397800672609832	-0.531036139433086	-0.5765814338333423	-0.643287247104041	0.03921422089361021	-0.1811882773714835	-0.1526183739924198	-0.34778198900336305	0.5385949927934661	0.005370202316767202	0.22710724390113704	0.4792985640313885	0.23798644103987615	-0.014840121710350719	-0.6216409544653819	-0.6197939465115038	0.3885336038007794	0.514701329205146	0.07438210644317514	0.5473602733144718	-0.4731863556291037	0.5980248758874713	-0.6338653712699515	-0.5115411306251001	0.3377088560294667	0.2521219238776491	-0.4135055783910746	0.4070624032456093	0.38244808626488014	-0.5642342390433993	0.4855228740724924	-0.45518069716542997	0.4146105802594352	-0.6247370949661026	-0.12475844765921101	-0.5030908023274435	-0.251454652218011	-0.6317567928254951	-0.19866545668072386	0.5161800032029039	-0.39318315272513743	-0.0996530187369882	-0.6015907756365771	0.4244915389953558	-0.5869001227779854
CueR	0.8117172903432446	-0.7523034217690706	0.3053435114503817	-0.83047563123899	-0.9112208402284738	0.7573960390754284	-0.8791918005658463	0.1787540703571238	0.2476111674584957	-0.6552607697645866	0.5945123578711365	1.0	-0.8932258581113542	0.7913254684247051	0.27224683713233333	0.20667271659638073	0.8014946885175893	0.7841776544066621	0.7315272513745796	0.6829605508994822	0.8466930016548337	-0.8812469972775316	0.0497090695563978	0.7631612662147014	0.7664976245128917	-0.7957027705119308	0.5259595366465596	-0.7131105535685688	-0.6884321785085143	0.6999145892275663	-0.7258367586611861	-0.5600971547536433	-0.74880158009929	-0.8223509315112368	-0.8487642128863503	0.221133828004057	-0.1437623445257033	0.7692894891368174	0.06624673036886777	0.5094058613142582	0.8403939571878504	0.04793145785512198	-0.8575508461004644	-0.8773554689585223	-0.8580312816954039	-0.8186409010836492	-0.8879410665670208	-0.1464421075108098	-0.3763198633427641	-0.35510062456627345	-0.6820583996156515	0.8653285645652058	-0.15094752575668607	0.6147653872844713	0.8408797309560668	0.23060374739764053	-0.28070784177654406	-0.907046388725778	-0.9195910959269737	0.8044093311268884	0.7341322799338067	0.06688197298884321	0.772081353760743	-0.802295414509155	0.7568248545347782	-0.9120215662200395	-0.8235093151123686	0.10253029413334756	0.32374419473656113	-0.5784231036139433	0.7076335877862595	0.5045748144984786	-0.8611968184487269	0.8012704852399509	-0.6250520471894517	0.7040730262104308	-0.9010356056157582	-0.06468798377195324	-0.6986814712005551	0.051064965568782365	-0.8948006192281002	-0.49517962953077455	0.4941920674745102	-0.6734959696791758	-0.05901350557839107	-0.8358084663428175	0.5863609672769978	-0.8993167138205306
CzrA	-0.84640474029787	0.7179469385576256	-0.3424971974590295	0.8704799017776117	0.9400576522713927	-0.8097848716169327	0.9134308439651951	-0.10614423744194737	-0.2951209096247264	0.6403192227619708	-0.6241659104254524	-0.8932258581113542	1.0	-0.7678268296588907	-0.2871670314418406	-0.14074627662413922	-0.857225217530561	-0.8004750974216623	-0.7313190626167725	-0.7159184327123258	-0.853904873752202	0.895510596273955	-0.11258207441413548	-0.7570543959856937	-0.7695136924144558	0.7929215822345593	-0.6005765227139273	0.7181924945283724	0.6773020872257514	-0.750691293439385	0.8022313564298297	0.5804462712859659	0.7646719692521219	0.7733411626541398	0.859824907916511	-0.3529920461218171	0.06951369241445578	-0.802242032776384	-0.08734319115998505	-0.5575401697539102	-0.8532589547856724	-0.005178028078791437	0.8366465595473229	0.8759301766935355	0.905311482410719	0.8230342176907063	0.8856883574440826	0.18443922489724016	0.44620188971334007	0.3475524475524476	0.7580633107350665	-0.8722414989590562	0.2236747984839588	-0.5532215875727327	-0.8441466930016548	-0.28584316446911867	0.3665990498051567	0.9115678214914856	0.9330753216249399	-0.8128970266374846	-0.8283777291410879	-0.06843538141248065	-0.7265200448406556	0.8667591950034698	-0.7828591256072173	0.9270752148614744	0.8687343191159985	-0.11541664442427801	-0.3678054769657823	0.5278706026797629	-0.7830940052314098	-0.5021352693108418	0.8700581860887204	-0.8608658517055464	0.5915123044894037	-0.613324080499653	0.9302460897880745	0.00822612502001815	0.711637217744088	-0.04395985693695617	0.9035712379223829	0.581572625847435	-0.534559333795975	0.6467410452143276	0.12331714087439279	0.8482250573853627	-0.6133294186729301	0.9038434847595153
DasR	0.7579138418833076	-0.589072759301767	0.4045160945924305	-0.7340041637751561	-0.8293065712913041	0.6822505738536273	-0.7982811082047723	0.15211658570437198	0.3207121123151658	-0.6669086638552287	0.5666470933646506	0.7913254684247051	-0.7678268296588907	1.0	0.3796775743340629	0.025270912293813057	0.7214594565739604	0.7080873325148135	0.6198473282442748	0.6217477179309241	0.7833609138952651	-0.7873004857737682	-0.06793359312443283	0.7368921155180698	0.6358511717290343	-0.6893983878716703	0.531393797042652	-0.6619815299204612	-0.7456040143063044	0.5851171729034325	-0.7168526130358192	-0.5133561095393157	-0.6460417445150269	-0.6734319115998505	-0.7682752362141675	0.18373458602466236	-0.15913628356376447	0.6020178294987455	0.18674531575294934	0.46785885869855337	0.7271979928468478	-0.005663801847007954	-0.7337799604975177	-0.8125980889339668	-0.7709923664122137	-0.6927560988629691	-0.7841296108471681	-0.17792665349917258	-0.2605829285218598	-0.4169166711151444	-0.5483158063310735	0.7609779533443656	-0.21658570437196392	0.5008327550312283	0.7087225751347889	0.2126995142262318	-0.23403085464154166	-0.8358031281695404	-0.8062937062937063	0.6027705119308173	0.6714354347942134	0.04103987615437997	0.7140500720653392	-0.706587305823947	0.7990658196765067	-0.8196711685261303	-0.7440452677093898	0.19854801686862755	0.41872097368280575	-0.5731650029359953	0.5770938984679442	0.36039609245716114	-0.7692414455773234	0.6520525276250467	-0.5606523247744621	0.6944749906581967	-0.7724390113703091	-0.15220733465008274	-0.6163134575348316	-0.06259008167405114	-0.7890353920888272	-0.5801580099290023	0.4751508033950782	-0.6538835210590935	0.16949767789462447	-0.7441413548283777	0.5908236801366572	-0.8169059947685902
ExuR_UxuR	0.1626381252335451	-0.1350077403512518	0.26789088773821595	-0.21299845192974964	-0.21509635402765173	0.09135215929109058	-0.20239150162814284	-0.0032456093524795815	0.29995195644050604	-0.16617733411626542	0.33839748038221323	0.27224683713233333	-0.2871670314418406	0.3796775743340629	1.0	-0.22374419473656115	0.08293386003309668	0.24950088079859073	0.17849783803982278	0.16209896973255752	0.21326536059360487	-0.17276463994021246	-0.1968558159397854	0.28474350077403515	0.18692147547109378	-0.18361714621256606	0.30460684353814127	-0.24402925318955854	-0.21606790156408476	0.18364383707895157	-0.2447872737949074	-0.12117119521699675	-0.29914055410238616	-0.04214487802274062	-0.16540863716436235	0.2551593444723216	-0.03119094645812203	0.07564191533657183	0.4809961031335077	0.11051620135589602	0.19620455879997864	-0.2751454652218011	-0.11179736294240111	-0.17320770832221213	-0.27769177387498	-0.13860033096674318	-0.19480595740137724	0.05312016228046763	-0.13227993380665137	-0.013633694549725085	-0.1141194683179416	0.18451395932311962	-0.08359045534618054	-0.02649869214754711	0.1177334116265414	0.028986280894677842	-0.03137244434954359	-0.19899108525062723	-0.2292905567714728	0.09889499813163935	0.22603960924571612	0.207249239310308	0.33401484012171034	-0.29403192227619707	0.3432765707574868	-0.2124913254684247	-0.27262584743500773	0.15630171355362196	0.18077189985586933	-0.02492393103080126	0.17239096781081514	0.19995729461378317	-0.11962312496663642	0.16040676880371538	0.02288474883894731	0.21512304489403727	-0.1973202370148935	0.04981049484866279	-0.21122084022847382	-0.02646666310788448	-0.2102653072118721	-0.3074681044146693	0.30367800138792506	-0.22467837506005445	0.040719585757753696	-0.20697165429989858	0.17510275983558427	-0.201633481022794
FabR	0.2096834463246677	-0.35298670794854003	-0.11638819196071104	-0.2478513852559654	-0.24028719372230822	0.2008114023381199	-0.22210003736721293	0.04847061335610954	-0.1208829338600331	-0.1778198900336305	0.049693055036566486	0.20667271659638073	-0.14074627662413922	0.025270912293813057	-0.22374419473656115	1.0	0.3144664495809534	0.22460364063417498	0.257732343991886	0.1847114717343725	0.2241338813857898	-0.35968611541130624	0.12122457694976779	0.12529226498692148	0.3680029893770352	-0.3905354187796936	0.05994234772860727	-0.08248011530454279	0.010841829925799391	0.2517215608818662	-0.07311695937650137	-0.03051299845192975	-0.31209096247264184	-0.4180483638498906	-0.3589494474990658	0.009667431804836386	-0.11950568515454012	0.3856616665776971	-0.2876634815566113	0.16532856456520578	0.24113062510009076	0.21849677040516735	-0.41487748892329046	-0.30704638872577805	-0.13404686916137298	-0.26817914909517965	-0.35083008594458975	0.16360967276997812	-0.15252228687343192	-0.03563764479795014	-0.14047936796028399	0.17542305023221053	0.3043986547803342	0.3184166978060108	0.3603320343778359	0.15848502642395773	-0.10935781775476432	-0.27833235466823253	-0.28739123471947897	0.36320397160091816	0.14088506912934393	-0.11303581914268937	0.14838520258367588	-0.11705546362034912	0.02143810388085197	-0.26284097581807503	-0.09583088667058133	-0.15953664655954733	-0.00859979714941547	-0.11086852079218491	0.37545507927187316	0.168963860566914	-0.31981529920461216	0.29175252228687343	-0.20318155127315432	-0.0017188917952276732	-0.30869588426840333	0.2284684780867987	-0.30138258687877006	-0.0518069716542999	-0.29386110073132976	0.04728020071531522	-0.08734852933326216	0.011968184487268456	-0.21091122617840175	-0.20636844071958577	0.0996530187369882	-0.2923076923076923
FadP	0.843495435861848	-0.7033256819516361	0.32548977739817436	-0.8590775636577164	-0.8988042491859286	0.7629744301500027	-0.8801473335824481	0.0835424117866866	0.2366572358938771	-0.7468478086798698	0.5084503282976566	0.8014946885175893	-0.857225217530561	0.7214594565739604	0.08293386003309668	0.3144664495809534	1.0	0.7202370148935034	0.6819035925906155	0.6062830299471521	0.807452089894838	-0.8988522927454226	0.1554155767896226	0.7191053221587572	0.7512945070196979	-0.7951689531842203	0.4679549458175412	-0.6535739070090215	-0.7113703090802328	0.6986441039876155	-0.759008167405114	-0.5624406128222922	-0.7069823306464528	-0.8197138739123472	-0.8698873645438531	0.2895959002829232	-0.14462712859659424	0.8400683286179469	-0.06454919126674852	0.6070624032456093	0.8611754657556184	0.06652431537927721	-0.8682432071745049	-0.8871136497090696	-0.8708055303475151	-0.815416644424278	-0.8772540436662574	-0.23974803822132065	-0.4262851652164629	-0.4559227032509475	-0.676923076923077	0.854006299044467	-0.12417658677200662	0.6877809213687076	0.865088346767736	0.21386323600064058	-0.3970960337372551	-0.8945817541237389	-0.8928041424224631	0.7753002722468372	0.8055570383814659	-0.0597448353173544	0.6959750173490632	-0.770239683980142	0.6556664709336465	-0.8873698820263706	-0.7880424918592858	0.08947312229754978	0.3583782629584156	-0.5558212779586825	0.7701329205145999	0.41972455025890143	-0.8868574173917685	0.8557892489190199	-0.5986067367746757	0.521646292638659	-0.9066300112101638	-0.020669406928948912	-0.6942240965141728	-0.08487695510596274	-0.8931884908984146	-0.5353387070944323	0.438691079912454	-0.6368494101318529	-0.05873592056798164	-0.84741899322052	0.6108471680990765	-0.8951422623178349
FadR	0.7541237388565633	-0.7350557839107458	0.3280307478780761	-0.7633107350664603	-0.8474083168739658	0.754262531361768	-0.8223989750707308	0.14531575294934074	0.33736721293973204	-0.5825601879036993	0.5018523461271552	0.7841776544066621	-0.8004750974216623	0.7080873325148135	0.24950088079859073	0.22460364063417498	0.7202370148935034	1.0	0.668147120055517	0.7261570490578124	0.8310094485667004	-0.8349436822719265	-0.07045854908450329	0.769935408103347	0.7960017082154487	-0.7571931884908985	0.5541077243367319	-0.6212245769497677	-0.5761864090108365	0.72889019377569	-0.648700154807025	-0.44369828644637804	-0.7589441093257887	-0.6934180323493301	-0.850488442854855	0.17266855282122456	-0.19372764639940213	0.7202210003736721	0.024945283723909677	0.44908450328297655	0.7349757113115891	0.05450274915923771	-0.8041477606363102	-0.8246997277531629	-0.7733037954412	-0.7654032989910853	-0.8624139219559067	-0.07208135376074308	-0.4144611114076763	-0.32120322425665937	-0.5847114717343725	0.7056904927133935	-0.10101959109592698	0.45278919553728714	0.7594352212672824	0.23554689585223937	-0.32160892542571934	-0.8592590615491379	-0.8708108685207921	0.7585437463300059	0.7724016441573693	0.17297282869801953	0.716388191960711	-0.7339294293492766	0.7601131692734746	-0.8570543959856937	-0.7424918592857525	0.13741525649922595	0.3258634495275717	-0.48826135696364703	0.7034858271499493	0.4866225377675759	-0.8234132279933807	0.719196071104468	-0.4829552127262051	0.5864196871830459	-0.8450061388992687	0.041781882239897504	-0.7192227619708536	0.05990498051566754	-0.8344739230235414	-0.48332888485560244	0.4752629050338974	-0.669780601078311	-0.0032082421395398493	-0.7361821384722148	0.49259061549137884	-0.806229648214381
FixJ	0.7022740618160466	-0.6432445417178242	0.1944055944055944	-0.7048150322959483	-0.7971067100838093	0.6042758767949608	-0.7909251054289222	0.17851385255965407	0.2732771045748145	-0.5791010516201356	0.595051513372124	0.7315272513745796	-0.7313190626167725	0.6198473282442748	0.17849783803982278	0.257732343991886	0.6819035925906155	0.668147120055517	1.0	0.5968451395932312	0.6842203597928789	-0.7731756792825495	0.21883307532162494	0.6589601238456201	0.5924945283723909	-0.7128863502909304	0.584535312016228	-0.48848022206800834	-0.5942934927667752	0.5154006299044467	-0.5009395184967704	-0.46598515987828965	-0.6636310254630865	-0.6705065926439973	-0.7725671275289596	0.254620188971334	-0.18679335931244329	0.586323600064058	0.002669086638552287	0.49528639299631666	0.7505471627609032	0.16986601185074468	-0.7485186569156035	-0.7891581700742006	-0.6961138098542679	-0.7509528639299632	-0.7906848876314525	-0.09002829231836866	-0.22035445470559975	-0.2637484652751828	-0.48390006939625263	0.69203544547056	-0.07555116639086104	0.49797149415470027	0.654620188971334	0.2860940586131426	-0.0805156675385683	-0.7865104361287567	-0.7881225644584423	0.5914589227566327	0.6246997277531628	0.04607911172796669	0.5306357764373032	-0.5666631078844819	0.6331767469172049	-0.790711578497838	-0.6458068648908344	0.013996690332568194	0.3071211231516575	-0.5860566914002029	0.5603533870709443	0.41792024769124003	-0.7655154006299044	0.6195377141942028	-0.5834303101478674	0.5175412373885656	-0.7765600811402338	-0.13896332674958628	-0.6125233545080874	-0.09948219719212086	-0.7923824267335717	-0.3276570757486788	0.4770458549084503	-0.5876314525169487	-0.11081513905941387	-0.709699460844499	0.5204345273047564	-0.7665510062456627
FnrN_FixK	0.6658677200661933	-0.6386750653926226	0.2662253776757594	-0.6854641541664442	-0.7285111834730156	0.6942134201676187	-0.6881545934981049	0.027123258420968344	0.20238082528158863	-0.4185501521379384	0.42443281908930763	0.6829605508994822	-0.7159184327123258	0.6217477179309241	0.16209896973255752	0.1847114717343725	0.6062830299471521	0.7261570490578124	0.5968451395932312	1.0	0.7513478887524689	-0.7222495062189719	-0.18183419633801312	0.6778145518603534	0.6804355949394117	-0.6892969625794053	0.5968131105535686	-0.5798377195323761	-0.44542251641488284	0.6063577643730316	-0.6449954625527144	-0.437772914108792	-0.6843538141248064	-0.6580099290022954	-0.7078951582768377	0.11658570437196392	-0.08521859819569744	0.6260769764586559	0.06356696738376127	0.36104734959696794	0.594234772860727	-0.0020124913254684247	-0.702498265093685	-0.7148294453637966	-0.6780921368707629	-0.6807398708162067	-0.7155394224096514	-0.13281375113436183	-0.31754123738856566	-0.29691453584583355	-0.5087866332141141	0.7032295948326482	-0.20683286179469385	0.4338066513639033	0.7480809267068809	0.09233972134735494	-0.3334650082741686	-0.7312122991512304	-0.7472802007153152	0.7636417018096407	0.5795174291357498	0.09819035925906155	0.6219452303421769	-0.7091015854374633	0.719345539956227	-0.7384775529813697	-0.7036619868680938	0.06845673410558907	0.3426947098702824	-0.45238349436822717	0.6311589174184594	0.49877222014626593	-0.7272994181391128	0.6181337746223242	-0.4990498051566754	0.530112635456147	-0.7328297656541931	0.08054769657823092	-0.7020231676720227	0.02072278866171996	-0.7036086051353226	-0.5540970479901778	0.29212085624299367	-0.5238562963753803	-0.09973842950942187	-0.647883414295628	0.400816740511397	-0.7277211338280041
FruR	0.8349490204452037	-0.712608765280521	0.3465595473229061	-0.8538941974056478	-0.9008594458976138	0.8257887151016922	-0.86095126247798	0.09457641595046175	0.259723482624246	-0.6380878663321411	0.47639993594192065	0.8466930016548337	-0.853904873752202	0.7833609138952651	0.21326536059360487	0.2241338813857898	0.807452089894838	0.8310094485667004	0.6842203597928789	0.7513478887524689	1.0	-0.8814605242086158	0.008204772326909731	0.8175358992152886	0.8007793732984573	-0.7652591683126034	0.5107457428068115	-0.701889713340095	-0.6747451022260182	0.6881972988843218	-0.7886350290930444	-0.5090268510115838	-0.7161533123365185	-0.8103293652911974	-0.8599423477286072	0.20027224683713232	-0.16898521326002242	0.76395665403299	0.10793786366305451	0.4875834089574548	0.7954198473282442	-0.005012544707201196	-0.8554689585223937	-0.8929749639673303	-0.8476004911119415	-0.7682859125607218	-0.8646666310788448	-0.20113703090802326	-0.4224737094966103	-0.45936582501468	-0.7002188651043613	0.8235733731916938	-0.28624886563817864	0.5464794747237496	0.8652057865798324	0.22048257086425024	-0.4476004911119415	-0.9067314365024288	-0.8974963967330379	0.8059840922436342	0.7626488015800993	0.09983451662840975	0.777077883948113	-0.7930390220466557	0.7572358938771152	-0.8870442534564672	-0.8322745956333742	0.07549778465809	0.29419740564778735	-0.49402124592964286	0.7843751668179149	0.46492286339614586	-0.8758340895745476	0.7917792131532589	-0.6030267442481183	0.6420274382106443	-0.8866972721934554	-0.008605135322692574	-0.689078097475044	0.07159024181924946	-0.8846580900016014	-0.5952169967437143	0.4301980462285806	-0.6735279987188384	0.004462712859659424	-0.801323866972722	0.5459082901830994	-0.885709710137191
FUR	-0.8684727486254203	0.8189505151337212	-0.37201729568141784	0.8949874552927988	0.9653766081246997	-0.8007953878182886	0.9406822185448139	-0.16903859499279347	-0.28628089467784124	0.7192014092777451	-0.6222174771793092	-0.8812469972775316	0.895510596273955	-0.7873004857737682	-0.17276463994021246	-0.35968611541130624	-0.8988522927454226	-0.8349436822719265	-0.7731756792825495	-0.7222495062189719	-0.8814605242086158	1.0	-0.09417071478140181	-0.8161533123365184	-0.8485720386483745	0.8925425719318849	-0.5539635936582501	0.6591950034698126	0.6664282282602894	-0.7493994555063257	0.7317941600384349	0.5161746650296268	0.7958575775369668	0.8696311322265521	0.9728126834997064	-0.23077990711578497	0.2176052954678909	-0.8463406822185449	-0.027673090268510114	-0.6095393156461859	-0.8934607377355469	-0.04928735386750654	0.9502215341909999	0.9701969785939252	0.8542038114557199	0.8319329525436395	0.9790636844071958	0.0821438103880852	0.4136870762824961	0.36666844605775906	0.6984412534030855	-0.8725991565686222	0.04874286019324187	-0.6315432658944109	-0.9111941493620883	-0.3000053381732771	0.3258474350077403	0.9717770778839481	0.9653872844712539	-0.8337799604975178	-0.803165536753323	-0.09025783376928415	-0.7718678268296589	0.7786366305450275	-0.7595366465595473	0.9636203491165323	0.8227299418139112	-0.14780334169647147	-0.3401857684300432	0.5878076122350931	-0.8101852346127155	-0.5247958148721508	0.9371750387017562	-0.8475844765921102	0.6113969999466182	-0.6120802861260877	0.9676987135002402	-0.016318795708108687	0.7907916510969946	0.05769497677894624	0.970442534564672	0.5059840922436343	-0.4953504510756419	0.652837239096781	0.03812523354508087	0.8839534511290237	-0.6295521272620509	0.9570917631986334
