	AcnR	AgaR	AmtR	AraR	ArgR	BioQ	BirA	CadR-PbrR	CblR	CcpA	CsoR	CueR	CzrA	DasR	ExuR_UxuR	FUR	FabR	FadP	FadR	FixJ	FnrN_FixK	FruR	GguR	GlcC	GntR	GulR	HcpR	HexR	HisR	HrcA	HutC	HypR	Irr	IscR	KdgR	LexA	LiuQ	LiuR	LldR	LtbR	MerR	MetJ	MetR	MntR	ModE	NadQ	NagC	NagQ	NagR	NarP	NiaR	NifA	NikR	NmlR	NnrR	NorR	NrdR	NrtR	NsrR	NtrC	PaaR	PdhR	PdxR	PhnF	PhnR	Phr	PhrR	PhsR	PrpR	PsrA	PurR	QorR	RbkR	RbsR	Rex	RutR	SahR_SamR	SdaR	SiaR	SoxR	ThiR	TrpR	TtrR	TyrR	VanR	XylR	ZntR	Zur
AcnR	1.0	0.04185837728649983	-0.26238980535916906	-0.1783787827778401	-0.09135525380615718	0.031209865459669073	0.035224878115687225	0.059369817578772806	0.07590867716555069	-0.05752939562837442	-0.10294642077831394	0.12641803513759522	-0.04108530031546528	-0.11018840633923116	0.16870285165650445	0.11693163256399705	-0.20502749410840534	0.09110088654472001	0.25473883714260775	0.031763488322797045	0.056162795047319795	0.011099889026047706	-0.009329293382710508	-0.07698100973827604	0.07048716318158581	0.28013067494607163	0.04767391114602426	-0.038406962680332675	-0.14565518273295178	-0.025818277035873267	0.1096347834761032	-0.26921283307771915	-0.18836394468758963	-0.10174939837155077	-0.022366862429706105	-0.2049427050212596	-0.13569994638337135	-0.14778488509831794	0.045269891145774885	-0.13811892916370527	-0.20025935485479868	0.13368994625868152	0.1022481577077021	-0.13661267596852827	-0.12248781156872281	-0.07147969426052694	-0.05401314230850759	-0.05783862641678824	-0.020795770520829437	0.027254703923989078	-0.10054240077806456	0.07744984351425828	0.09902118480280303	0.11644783600793027	-0.07596852828588885	0.09781917480267834	-0.06518036384493572	-0.021010237035374506	-0.0191997406451452	-0.15267771418596243	-0.024775870023317	0.06947966932256013	-0.17684759161585556	0.10247259940897019	-0.051065474631853264	-0.23777603212010126	-0.1070711604882854	-0.034352049277422414	0.00273569495879001	0.10124565144203793	-0.2417112432823352	-0.13898178281524706	-0.11311113604907792	0.05113031334555294	-0.2186136984251674	0.09004351675207921	-0.007763189067195352	0.046317285751692666	0.009094876494719385	-0.033514133592688185	-0.1941894537338371	-0.1354106659684036	-0.10818838140126436	-0.11178942380827692	-0.012366737739872069	-0.05472138056584247	-0.09205351687676903	0.023045175126871906
AgaR	0.04185837728649983	1.0	0.15791468721555132	0.10381426202321725	0.5383184328981658	0.22423970373695432	0.3274778987269168	0.11243781094527364	0.13973989700619707	0.30092395167022035	-0.125395578498485	0.08298607214553798	0.5057394730607614	-0.024317011434057782	0.17358071796406438	0.4295888976171773	0.22674846319779549	0.1307023778351351	0.14099178293993692	-0.13064751430815846	0.07234753550543024	-0.02039676305190838	-0.22480330178680533	0.07039239890771705	0.04723001533684959	0.2192271724086335	0.05633237322161124	0.2209877928652477	0.19945136473023353	0.15507175899948877	0.17130637539121435	0.12562999538647615	0.07865684110774449	0.254818638636392	0.47056197708200853	0.2718961583062133	0.14857791244279853	-0.06058679035898203	0.31105874138081524	0.09070686666916046	0.17446352198905224	-0.06630755994463772	0.3434581478572052	0.40436165039464333	0.33400167084377613	0.1974712901657128	0.43994812902904024	0.1960747640244891	0.14289704360403496	0.04898564820010225	0.20450878439880796	0.14041820970336288	0.18596491228070175	0.1548572924849437	-0.029903115998952606	0.14723126223518995	0.29886407561191536	0.4896794224366887	0.46552949538024163	0.12616865546951958	0.20565094327859448	0.19568074414892953	0.19760595518647364	0.18777042107756955	0.17616927891868975	0.3928153717627402	0.15581491041035425	0.09995885235476752	0.045594084714273245	0.2884350178929912	-0.07460691529819574	0.061205251935809675	0.2230277185501066	-0.014471502138430653	0.32452025586353944	0.08675669272684199	0.3479469818825671	0.09679173057020661	0.22271350016833127	0.2542251150263719	0.25873888701854136	0.1031558996994975	0.12355515654808663	0.11885684360154117	0.298160824947942	0.3059265078118181	0.062053142807266926	0.4505517525156174
AmtR	-0.26238980535916906	0.15791468721555132	1.0	0.048387136996720655	0.36875522138680034	-0.015608673424855671	0.36605194578486017	0.05184852678961084	0.061404755670270206	0.22432449282410005	-0.13527101335428124	0.00920959114203419	0.20111722091297896	0.2669235277247846	0.18838888265439718	0.24886843975610667	0.23859399743138943	0.19079290265464657	-0.061978328906844224	-0.17365054427112558	0.14464270128056458	0.04507537500467587	-0.027738500480055862	0.24441451888427537	0.05710545019264579	-0.08497612189678176	0.19258344867142982	0.2028578909961471	0.3816681005997581	0.1331512861756381	0.11633810895397698	0.08539009214578736	0.18636890734298434	0.33402660881058366	0.3234628860708986	0.30813102407760695	0.24618012693425104	0.12593922617488995	0.17065300066085612	0.09996882754149054	0.2545742465616778	-0.10940535418147358	0.145734984226736	0.3765807553710146	0.32896918914200923	0.18825421763363634	0.2931233556528136	0.3447449469444756	0.22108255713911645	-0.03267123031459245	0.13082706766917293	0.15724634970510853	0.1120836918166062	-0.0005311786930011596	-0.027174902430204866	-0.0144515517649846	0.32324343196299204	0.31197645855933365	0.28782653150288656	0.2806743226224766	0.2591678200476315	0.000665843713762017	0.23867379892517362	0.12344542949413334	0.19998503721991545	0.3362859886033492	0.13321113729597625	0.12871232808389133	0.30653998179528424	0.21467848726293345	0.0777989750495642	0.18723674858788764	0.400112220850634	0.11867729024052669	0.3938478035885734	0.14293195675756556	0.22798538635145077	0.11222833202409008	-0.02118480280302747	0.3093978727914313	0.3596578510954002	0.15935111410366712	0.06557438372049527	0.2818912954026858	0.012621105001309243	0.07736505442711256	0.26652452025586354	0.3186249205102308
AraR	-0.1783787827778401	0.10381426202321725	0.048387136996720655	1.0	0.2338757341113979	0.015050062968366189	0.22453895933864512	0.18988516066285116	0.16225389344006783	0.12733076472275215	0.13113629845758676	0.09680669335029116	0.29063953415878	-0.10212845546702577	-0.013259516951582938	0.12462748912081198	0.12650282422474096	-0.09800870335041584	-0.024785845210040024	-0.030526565169141758	0.06869162957144104	0.032631329567700346	0.05752440803501291	0.08421800770583174	0.16750084165637977	0.2494420129926807	0.1869175426127508	0.21947655207670919	0.25443459394755547	0.19244878365066895	0.2087382635693712	0.24134714896694473	0.023364381102008752	0.40007232010374194	0.2860160351126573	0.12609384156909687	0.11663736455566778	0.251611616104939	0.11081185550942031	0.223546428259704	0.03482088305340465	0.02540929438022918	0.0759485779124428	0.2862504520006484	0.30340777316425394	0.14050299879050862	0.24256412174715394	0.1766031995411414	0.16229878178032145	0.2237808451476951	0.2472574471003379	-0.1495006172146785	0.027434257285003552	0.11359493260514471	0.15973515879250363	0.06585867654210152	0.15299692016109925	0.2698063566877392	0.30111846781131935	0.13614384219254605	0.12960510729560218	0.0033641317223406775	0.296644596566042	0.13702165862417237	0.07483634459282534	0.21830446763675357	0.3297522412997668	-0.015892966246461925	-0.07000336662551902	0.03746430753500667	0.10100624696068529	0.059509470192895174	0.34690956246337235	0.08693125849449494	0.2282996047332261	0.21304255664035712	0.0034638835895709425	0.13633835833364505	0.01021209740769835	0.1391014850559234	0.2346288607089864	0.1275701692041048	0.2474020873078218	0.05417274529607601	0.0028853227596354067	0.28739261088043494	-0.03871120587538498	0.24036958066808814
ArgR	-0.09135525380615718	0.5383184328981658	0.36875522138680034	0.2338757341113979	1.0	0.12434818389256724	0.5036496714422873	0.2260402249404606	0.14112146036733625	0.3419868078155588	-0.056063043180089527	0.04478110699634659	0.5778999738151348	0.043683836456813674	0.2297310440279804	0.6016209678424917	0.2657963316250826	0.09573934837092732	0.06160924699809225	-0.1633761019464083	0.10144016758313695	0.066980885048442	-0.17130138779785284	0.2593723113754536	0.12249279916208432	0.14252796169528298	0.23861394780483547	0.3198867816306937	0.527465429743513	0.22607015050062967	0.38306961433434333	0.21724211025075127	0.21804511278195488	0.5618399231910622	0.6706093592189428	0.4772553273731593	0.21995536103941446	0.058746368408583646	0.48228780907492613	0.16582002269354978	0.23336699958852355	-0.16394967518298234	0.5307871669222808	0.6453771244030474	0.5390017331886932	0.38838140126435494	0.640698761829948	0.3818576291474956	0.28468933527849477	0.015568772677963565	0.31491913864262644	0.24459905983865135	0.20575568273918626	0.09208344243693811	0.07517550094140825	0.21916732128829536	0.6142296038603973	0.7619072557014427	0.6239903240688787	0.1934363271362486	0.35772765246449456	0.30418583772865	0.3438322173593187	0.3929550243768625	0.2708886644471876	0.5986733001658375	0.17582513497674535	0.200563598049851	0.1494607164677864	0.3112482699285527	-0.026127507824287084	0.15402436439357098	0.45740470579433656	0.06128505342959389	0.49157470791406377	0.2445691342784823	0.5634708662202771	0.269152981957381	0.08065686604571129	0.4300078554595444	0.5654609159715208	0.2806044963154154	0.06805820521452886	0.273671741542912	0.19910722078828913	0.45983865135475505	0.2992580954874749	0.6330178680532176
BioQ	0.031209865459669073	0.22423970373695432	-0.015608673424855671	0.015050062968366189	0.12434818389256724	1.0	0.0785122009002606	-0.05604309280664348	0.12788937517924165	0.11151510617339368	-0.023997805458920933	0.06778388757964564	0.04808289380166835	0.05048691380191773	0.17526652452025587	0.14503173356276264	0.22885322759635407	0.042367111809374185	0.11267721542662627	0.12569982169353733	0.08153967007069914	0.08061197770545768	-0.2704597314180975	0.09985910048753725	0.0532650033042806	0.2310427810820584	-0.05208793127096348	0.08948490629558972	0.02914001421464108	0.13875235352061746	0.1533161261362361	-0.07183381338919438	0.06350453247546728	-0.057893489943764885	-0.04029726056434619	-0.039040387037244856	0.144228731031559	-0.05111036297210689	0.22541178817690993	-0.14941582812753276	-0.01529944263644185	-0.053160263843688826	0.20177558323669872	-0.013788201847903341	-0.0022868115562538188	0.0025661167844985597	0.05841219965336226	-0.13444307285627002	0.06571403633461764	0.1393009887903839	0.12838314692203145	0.016456564296312922	0.07155450816094963	0.006286861432187434	0.06314542575343832	-0.028945498073542065	0.15770520829436777	0.08366438484270378	0.23988578411202136	-0.15322136186236737	0.09609845509295627	0.19572563248918315	0.029439269816331874	0.27326774648062946	-0.05378371301387798	-0.0013790695644584096	-0.0020922954151548026	-0.06598336637613936	-0.006616042594047307	-0.000306736991733064	-0.2342897043604035	-0.0904574870010848	0.15527625032731082	0.09827304579857604	0.05193830347011808	0.06271649272434818	0.1061684060898515	0.1693961271337548	0.1840247384630731	0.10503123480342648	0.07117545106547463	0.0013690943777353833	0.13060761356126635	-0.08719560094265515	0.18968565692839062	0.018306961433434334	0.0724822005261911	0.05246698836643848
BirA	0.035224878115687225	0.3274778987269168	0.36605194578486017	0.22453895933864512	0.5036496714422873	0.0785122009002606	1.0	0.11186922530206113	0.0045910796892729335	0.2824798314193444	-0.06450205114776993	0.24719260838663823	0.5100288033516628	0.13216374269005848	0.29365702814249556	0.5480392523597551	0.21984064639209966	0.13765009538772305	-0.06847716305689597	-0.2373421114976496	0.2850035536602701	0.16816917916682253	-0.14240327186124516	0.16379007219541392	0.32921856881008493	0.09202359131659996	0.27883888826543973	0.39984289080911234	0.3691941296026135	0.3239317198468809	0.4522525218518934	0.16229878178032145	0.13361014476489733	0.42724472873726604	0.5155500692028578	0.24911781942418235	0.2696367785134478	0.14569009588648238	0.4083567126772154	0.09559470816344344	0.3077270290153244	-0.01397274280227933	0.4737241112732079	0.6107732016608686	0.5114153543061635	0.39168318806967667	0.6573822616242098	0.3763563136697465	0.3151635307173406	0.11804885347697602	0.2253619122432948	0.24870384917517674	0.4304667140488036	0.004611030062718987	-0.05642713749547999	-0.04519008965199067	0.4957293731842043	0.6334517886756693	0.5935111410366712	0.21293781717976534	0.3246200077307697	0.1957056821157371	0.3427299592264243	0.36223643686330254	0.2558909712091173	0.5839598997493735	0.323028965448447	0.144423247172658	0.11154004414020124	0.43253157770047007	-0.10896145837229891	0.1518447860945897	0.42400279305228245	0.1545630244766144	0.5659945884612028	0.3557725158667814	0.515405428995374	0.2926245963166623	0.24151672714123618	0.33920871831319593	0.41919475305178366	0.22353146547961944	0.026157433384456166	0.48846743724984104	0.0278282771605631	0.3394431352011871	0.13334580231673712	0.6359306225763414
CadR-PbrR	0.059369817578772806	0.11243781094527364	0.05184852678961084	0.18988516066285116	0.2260402249404606	-0.05604309280664348	0.11186922530206113	1.0	0.14490205613536328	-0.04125986608311824	0.21422461626703576	0.022975348819810722	0.21008491377697977	-0.0988615818152346	0.07749971944787341	0.17097719422935448	0.09261711492662003	-0.13415878003466378	0.21894287958702727	0.08936021646155189	0.14089701866606816	0.05955934612651031	0.13589446252447038	0.002446414543822242	0.14838838389506104	0.1751617850596641	0.05570892405142209	0.15713662265115524	0.18392997418920434	0.2249878427411813	0.07756455816157308	0.18908714572500904	-0.016232122595044828	0.23273856282497288	0.05934487961196524	0.18468808838015435	0.02038678786518535	0.19956109178418682	0.025095075998453845	0.20534171249018068	0.009289392635818402	-0.007224528984151922	0.0026808314318133644	0.13395428870684173	0.3507300589782915	0.08240751131560244	0.004860409730794648	0.23678848863452162	0.05932492923851918	0.06533996683250415	0.1999600992531079	-0.09511589920073817	0.11934562775096946	0.015858053092931333	0.10751006870409856	0.1302135936857068	0.0838988017306949	0.21495280489781668	0.11299642140176311	0.19369069439768577	0.11464232721106248	0.07741493036072769	0.2873527101335428	0.17169540767341238	0.23989575929874438	0.013872990935049066	0.125764660407237	0.17774535842092795	0.15290215588723052	0.03463634209902867	0.18521178568311325	0.1224080100749386	0.07124527737253582	0.14597937630145014	0.16765046945722514	0.10649259965834985	0.04747939500492525	0.34937842117732143	-0.017384256661554385	0.21320215962792555	0.2638810957742615	0.18317684759161584	0.016237110188406338	0.11293158268806344	0.20408982655644084	0.2776668038254841	0.10057232633823364	0.2028229778426165
CblR	0.07590867716555069	0.13973989700619707	0.061404755670270206	0.16225389344006783	0.14112146036733625	0.12788937517924165	0.0045910796892729335	0.14490205613536328	1.0	-0.07097095973765259	-0.027000336662551902	-0.07087619546378383	0.126143717502712	-0.07777403708275664	-0.09647252459506976	0.07294105911545032	0.1133305901569845	-0.07668674172994676	0.08656716417910448	0.17181510991408872	-0.0214990211848028	-0.19926682377585755	-0.07293607152208881	-0.1170214092445043	0.020416713425354432	0.06775396201947655	0.15641342161373584	0.011463983341438173	0.1877953590443771	0.056058055586728016	-0.11316599957605457	0.09694634596441352	0.09779922442923228	-0.0067008316811930325	0.16605942717490244	0.02750408359206474	0.027678649359717703	-0.02049152732577713	0.01947405828002843	0.05604309280664348	-0.07927031509121062	-0.2509083654409656	-0.07743488073417375	0.07595855309916583	0.0131697402710757	-0.01864113018865572	0.10999887779149366	-0.02310003865384855	-0.1932118854349805	0.1597152084190576	0.0504370378683026	-0.3506502574845073	-0.14688711829324555	-0.0705270639284779	0.07442736193718126	0.037997980024688585	0.013488946246212547	0.03130462973353782	0.05410790658237634	-0.05193331587675657	0.13234329605107295	-0.0325764660407237	-0.0868065686604571	0.15235850821082558	-0.059833663761393534	-0.1015349318570057	-0.09101110986421278	0.03287572164241449	-0.007847978154341077	-0.05068142994301675	0.1167570667963441	-0.008541253631591417	0.035818401725707306	0.039165076871282685	0.13003404032469232	0.04589334031596404	-0.13061260115462786	0.05632738562824973	-0.034446813551291165	0.0930909362959638	0.04934974251549271	0.19501240663848676	0.10910111098642128	-0.13561515729622564	-0.012227085125749697	0.14606416538859587	-0.10539034152545543	-0.01631691168219055
CcpA	-0.05752939562837442	0.30092395167022035	0.22432449282410005	0.12733076472275215	0.3419868078155588	0.11151510617339368	0.2824798314193444	-0.04125986608311824	-0.07097095973765259	1.0	-0.2042943178842629	-0.021070088155712666	0.3628548984401302	0.03882093292933827	0.2928789635780995	0.33259018192246786	0.02149403359144129	0.2380603249417075	0.07522038928166187	-0.10990411351762491	0.09571441040411975	-0.17956582999788026	-0.2864399805483859	-0.034666267659197746	0.051988179403733216	0.08318058828663699	0.25530742278582025	0.15695706929014078	0.22711754510654747	0.0907617301961371	0.242389555979501	-0.08221798276786493	0.004072369979675557	0.1387723038940635	0.4775096946345964	0.18167059439643884	0.12338557837379519	0.0546216286986122	0.2862654147807329	0.01935435603935211	-0.14954051796157058	0.00460105487599596	0.4840185039713712	0.3027992867741493	0.25135226125014026	0.2067033254778738	0.3904113517624908	0.005992593423858153	0.33468995872766494	0.1044377111934064	0.038751106622277084	0.24850434544071623	0.2408084888839013	0.09905609795633362	-0.06119527674908665	-0.02981832691180688	0.37199715707178393	0.439663836207434	0.43496552326088855	-0.09811344281100762	0.10910111098642128	0.2131921844412025	0.011882941183805285	0.3517824411775708	-0.0017830646267409818	0.34313894188206834	0.05973889948752478	0.02621229691143281	0.06915547575406177	0.22530206112295664	-0.1747927031509121	0.1295652065487101	0.30097382760383545	0.07130512849287397	0.1522487811568723	0.1575755308669684	0.3423708525043953	0.03912018853102907	0.1503634708662203	0.1718599982543423	0.2585643212508884	-0.1268170426065163	0.024017755832366986	0.015493958777540867	0.11576453571740296	0.13873240314717142	0.29749248743749923	0.26834499183281585
CsoR	-0.10294642077831394	-0.125395578498485	-0.13527101335428124	0.13113629845758676	-0.056063043180089527	-0.023997805458920933	-0.06450205114776993	0.21422461626703576	-0.027000336662551902	-0.2042943178842629	1.0	-0.022561378570805122	-0.11907131011608624	-0.1255352311126074	-0.11479195501190788	-0.10388408833027843	-0.10408857965810048	-0.21249890896395218	-0.04412773226598835	-0.049220065088093366	0.029638773550792405	0.03620244641454382	0.13230838289754238	-0.0011695906432748538	0.09014326861930946	0.003179590767964688	-0.0811855509420317	0.023967879898751855	0.04040698761829948	0.11674709160962107	-0.13604409032531578	0.07225775882492301	-0.01877080761605506	0.011025075125625007	-0.1383433708649734	-0.09695632115113655	0.04691080936171274	0.2778164316263295	-0.05632738562824973	0.11369468447237496	0.075649322310752	0.11488173169241511	-0.2155213905410292	-0.02573348794872754	0.05139465579371314	-0.08790383919999002	-0.15140587787877655	0.12253269990897642	-0.10735046571653013	0.0007805583610768214	0.16857816182246663	-0.1484831481689298	-0.08390877691741792	-0.14274741580318956	0.08992381451140288	-0.004516265788850235	-0.11199391513609895	-0.11723088816568786	-0.09480168081896283	0.09655232608885397	-0.0347610319330665	-0.09854237584009776	0.21038416937867055	-0.11746031746031746	-0.029568947243731217	-0.16557064302547414	0.06678138131398147	-0.07261686554695196	-0.1228269679173057	-0.0900036160051871	0.2024838214940336	-0.04472125587600843	-0.13939575306425267	-0.019264579358844874	0.09501115974014639	-0.05224254666517039	-0.1724186087108318	0.033489195625880624	-0.21035424381850149	0.028062694048554222	-0.07406825521515231	0.1312659758849861	-0.025957929649995635	0.053399668325041456	-0.030302123467873664	-0.13809897879025923	-0.0041721218469058215	-0.03154403421489046
CueR	0.12641803513759522	0.08298607214553798	0.00920959114203419	0.09680669335029116	0.04478110699634659	0.06778388757964564	0.24719260838663823	0.022975348819810722	-0.07087619546378383	-0.021070088155712666	-0.022561378570805122	1.0	0.10331550268706592	-0.021439170064464646	0.19576054564271375	0.16176510929063953	0.13626853202658387	-0.08983403783089565	0.03288569682913752	0.04367884886345216	0.18001970099377798	0.3981620718462824	0.08659708973927356	0.2765346201324206	0.35394705669646753	-0.06073641815982743	0.12447287372660507	0.335283482337685	0.11526078878789012	0.2573623112507637	0.12197907704584846	0.05455678998491253	-0.04907542488060948	0.14108654721380565	0.06402324218506465	0.20838414444070374	0.2804099801743164	0.16060300003740696	0.36510430304617264	0.10461726455442087	0.35955809922816995	0.1102382822728463	0.09319567575655557	0.1495006172146785	0.36344842205015027	0.2471726580131922	0.039688774174241576	0.18199977555829874	0.25623511515106173	0.28129278419930426	0.09221311986433746	0.0076684247933266	0.15905684609533785	0.2662402274342573	-0.024775870023317	0.04339455604184591	0.05325004052419606	0.1373308894125862	0.2295415154802429	0.23573610643524234	0.2873776481003504	-0.002635943091559745	0.20818962829960475	0.15346076634372	0.2815521390541029	0.17155575505929002	0.26577638125163655	0.1528522799536154	-0.03642688811581192	0.24829486651953267	-0.045344705046197586	0.0320477811444033	0.22597538622676094	0.2560106734497936	0.2303694559782541	0.47302086060923454	0.1753962019476552	0.1629970448509333	0.057554333595181986	0.2242696292971234	0.13245302310502624	0.12673724111273207	0.04829736031621342	0.27592114614895447	0.11753513136074016	0.06576889986159429	-0.02066110550006858	0.31117844362149155
CzrA	-0.04108530031546528	0.5057394730607614	0.20111722091297896	0.29063953415878	0.5778999738151348	0.04808289380166835	0.5100288033516628	0.21008491377697977	0.126143717502712	0.3628548984401302	-0.11907131011608624	0.10331550268706592	1.0	-0.11117594982481079	0.20971084427486628	0.5445030486664423	0.22640431925585108	0.08534021621217222	0.11359493260514471	-0.05306051197645856	0.175131859499495	0.015873015873015872	-0.10264716517662315	0.05530492898913952	0.18861831194902678	0.32208631030312096	0.1425728500355366	0.2719410466464669	0.2927393109639771	0.20781555879749125	0.41703512512624846	0.31175700445142707	0.09163954662776344	0.5531864487088368	0.5291013603660893	0.3270190401376576	0.04382847666429756	0.028371924836968043	0.3530692402648412	0.21131684933727354	0.10101622214740832	0.05718525168643	0.45249691392660757	0.5382186810309355	0.5145425753438322	0.2045586603324231	0.5774311400391526	0.25084352672726595	0.29377673038317187	0.15292709385403808	0.230903128467936	0.11010860484544695	0.20534171249018068	0.1923091310365466	-0.05249691392660756	0.22680332672477213	0.3713138567812566	0.6015910422823227	0.5398246860933428	0.1084327734759785	0.27669422311998904	0.23182084564645444	0.32904899063579346	0.3320465342460629	0.2283794062270103	0.5265876133118866	0.20084290327809573	0.1497350341026696	0.1756904699559845	0.3931944288582152	-0.07336500455117895	0.07584882604521254	0.3765109290639534	0.08991383932467986	0.4355191461240165	0.14553049289891395	0.44750932056509435	0.26976146834748566	0.0821681068342498	0.22680831431813364	0.355253806157184	0.17108193368994626	0.23724734722378085	0.25198069801369094	0.1394805421513984	0.42901033678724176	0.09209341762366115	0.5069265202808015
DasR	-0.11018840633923116	-0.024317011434057782	0.2669235277247846	-0.10212845546702577	0.043683836456813674	0.05048691380191773	0.13216374269005848	-0.0988615818152346	-0.07777403708275664	0.03882093292933827	-0.1255352311126074	-0.021439170064464646	-0.11117594982481079	1.0	0.003478846369655482	0.010715844337211186	0.23898801730694896	0.12016858065561915	0.03938951857255078	-0.20325689846506814	0.09442262372348782	0.2140899512462749	-0.11281686804074864	0.12126086360179054	0.024396812927841995	-0.13310639783538447	0.021838177533385704	0.12031322086310303	0.024641205002556142	0.0690158231399394	0.0023466626765919775	0.04163892317859325	0.04819262085562164	0.0557139116447836	-0.09380416214666018	0.18337136373271487	0.13451788675669274	-0.02279080786543473	0.05452686442474345	-0.14982979837653837	0.15817902966371153	-0.03974363770121822	-0.01898028653723862	0.05539969326300827	0.06674646816045088	0.07927031509121062	0.066038229903116	0.10589408845496827	0.12658761331188667	-0.1123879350116585	0.02916993977481016	0.08371426077631891	0.10315091210613599	0.026137483011010113	-0.008755720146136485	-0.10270701629696131	0.10141522961632939	0.10108106086110799	0.021239666330004115	0.14120126186112048	0.13199416451576704	0.22920235913165998	0.07944488085886357	0.003354156535617651	0.2970286412548785	0.09992892679459843	-0.009453983216748339	0.07736006683375105	0.1873315128617564	0.03512512624845696	0.17733138817192234	0.12939562837441865	0.02830708612326837	0.12796418907966434	0.09221810745769897	0.09446252447037994	0.05629746006808065	0.05085599571066971	0.144607788127034	0.09078666816294467	0.07260190276686741	0.04486589608349231	-0.10132046534246063	0.19431913116123642	-0.08823800795521142	-0.039474307659696506	0.20603498796743103	0.034985473634334595
ExuR_UxuR	0.16870285165650445	0.17358071796406438	0.18838888265439718	-0.013259516951582938	0.2297310440279804	0.17526652452025587	0.29365702814249556	0.07749971944787341	-0.09647252459506976	0.2928789635780995	-0.11479195501190788	0.19576054564271375	0.20971084427486628	0.003478846369655482	1.0	0.3263058142869612	0.03872616865546952	0.1229765957181511	0.1314555044327236	-0.1083180588286637	0.2254766268906096	0.2799660843651417	-0.0019027668674172994	0.07740994276736618	0.22984077108193368	0.21796032369480917	0.10614346812304393	0.20439905734485467	0.2117158568061946	0.31873464756418407	0.2917268295115899	-0.09654235090213095	0.11793413882966122	0.19271312609882915	0.1760695270514595	0.11486178131896907	0.14188456215164777	0.043309766954700187	0.3350091647028018	-0.08768937268544495	0.10562974600680806	0.030581428696118407	0.4209803114752054	0.217715931620095	0.24861407249466952	0.2008678412449033	0.20649883415005174	0.07755458297485006	0.22273843813513886	0.018990261723961645	0.10752503148418309	0.3286699335403185	0.15276250327310814	0.13934088953727602	-0.08659708973927356	0.08810334293445056	0.2529732290926321	0.2871831319592514	0.19883789074676742	0.08675669272684199	0.16081746655195203	0.047574159278794	0.14149552986944974	0.2913078716692228	0.20277310190900136	0.23874362523223483	0.052531827080138156	0.15980498509956484	0.06320527687377649	0.2778064564396065	-0.3205501315477749	0.056616666043217495	0.26607563685332736	0.25719772066983376	0.19158094240576565	0.2891831568972182	0.2877517176024639	0.1943889574682976	0.19739647626529008	0.27165176623149917	0.18640880808987642	0.05785358919687278	0.15758550605369145	0.18958091746779884	0.20394019875559546	0.2011720844399556	0.14192446289853988	0.2521203506278133
FUR	0.11693163256399705	0.4295888976171773	0.24886843975610667	0.12462748912081198	0.6016209678424917	0.14503173356276264	0.5480392523597551	0.17097719422935448	0.07294105911545032	0.33259018192246786	-0.10388408833027843	0.16176510929063953	0.5445030486664423	0.010715844337211186	0.3263058142869612	1.0	0.16013915385478622	0.24006533747303582	0.2351226324517762	-0.04876619409219567	0.2520056359804985	0.08214316886744223	-0.2515916657314929	0.13287198094739336	0.21659372311375455	0.2381750395890223	0.2907043728724797	0.26269404855422135	0.3340365839973067	0.3704460155363533	0.5343233706155938	0.07002830459232659	0.07597351587925036	0.46399331662489557	0.5606778139378297	0.43454656541852144	0.09417823164877367	0.07265177870048255	0.46213793189441266	-0.04808788139502986	0.1701592289180663	-0.039274803925235975	0.6507687128268432	0.5507874163019489	0.492402648412075	0.23667377398720682	0.6622451651516852	0.23549171436052818	0.3026446713799424	0.165715283232958	0.237297223157396	0.3712988940011721	0.38673549545505553	0.15279741642663874	-0.045474382473596926	0.09085649447000586	0.6007980149378421	0.652195164528236	0.6797216922904276	-0.058212695918901734	0.30464968391127073	0.324914275739099	0.22281325203556154	0.49458721430441777	0.2591329068941009	0.47201336675020883	0.09212334318383023	0.22904275614409159	0.1249018067556952	0.4148505592339057	-0.2355316151074203	0.09353981969849998	0.44088080898764326	0.2000698263070612	0.36370278931158745	0.25084851432062744	0.6515368022045163	0.2919163580593274	0.17368046983129465	0.30748762453397177	0.520507737004202	0.08311574957293733	0.17690744273619372	0.15640843402037433	0.2794673250289904	0.38686517288245487	0.2326687365179117	0.7387398845372137
FabR	-0.20502749410840534	0.22674846319779549	0.23859399743138943	0.12650282422474096	0.2657963316250826	0.22885322759635407	0.21984064639209966	0.09261711492662003	0.1133305901569845	0.02149403359144129	-0.10408857965810048	0.13626853202658387	0.22640431925585108	0.23898801730694896	0.03872616865546952	0.16013915385478622	1.0	-0.11399394007406576	0.10921083804037457	-0.008471427324530231	0.11090661978328907	0.22815496452574222	-0.08792877716679759	0.18927168667938504	0.07204827990373945	-0.05275128118804474	0.12609882916245838	0.23908278158081772	0.18230401875335103	0.3348146485617028	0.1072257758824923	0.43925485355178995	0.11158493248045487	0.23195551066721531	0.08491627077644359	0.34464519507724534	0.19716205937729897	0.10083168119303233	0.1939001733188693	0.10736044090325315	0.25654933353283704	-0.13709148493123355	0.13821868103093554	0.30357236374518387	0.3307996359056846	0.15253307397847854	0.18038379530916845	0.26643973116871783	0.2623349418321924	0.1310714597438871	0.2293569745258669	-0.14062270103118493	0.24421501514981483	-0.039828426788363944	0.0013890447511814362	-0.04863651666479632	0.12073716629883166	0.16745096572276463	0.20578062070599384	0.24225987855210165	0.4403122233444307	0.14137084003541192	0.31381688050973205	0.16034364518260827	0.3012431576453572	0.2542999289267946	0.2938315939101485	0.1939699996259305	0.05936482998541129	0.07672664247683886	0.1480342647663936	0.1240688786643225	0.27591117096223144	0.29618573797678277	0.31318345615281984	0.24791082183069615	0.16983004775620644	0.2808688387635756	0.0357785009788152	0.269706604820509	0.21693287946233744	0.18798488759211462	0.08483148168929787	0.19589022307011308	-0.08315565031982942	0.2804149677676779	0.22270352498160825	0.23601042407012557
FadP	0.09110088654472001	0.1307023778351351	0.19079290265464657	-0.09800870335041584	0.09573934837092732	0.042367111809374185	0.13765009538772305	-0.13415878003466378	-0.07668674172994676	0.2380603249417075	-0.21249890896395218	-0.08983403783089565	0.08534021621217222	0.12016858065561915	0.1229765957181511	0.24006533747303582	-0.11399394007406576	1.0	0.1727627526527762	-0.1310764473372486	0.041529196124639955	-0.037559071808875424	-0.1771568224042694	-0.06041721218469058	-0.009553735083978603	0.08542999289267945	0.07183880098255589	-0.07625282110749511	-0.030566465916033864	-0.0348009326799586	0.2537812192171972	-0.28820060100500006	0.12782952405890347	0.03267621790795396	0.23889824062644172	-0.05909051235052806	0.02502524969139266	-0.16741106497587252	0.034561528198605966	-0.23329218568810084	-0.17563061883564632	-0.021823214753301165	0.31233556528136264	0.049663960897268045	0.14475242833451787	-0.08153468247733762	0.20959114203418996	-0.07420790782927468	0.17905709547500592	-0.15182982331450517	-0.0906420279554608	0.2836269778924924	0.16594970012094915	0.021379318944126487	-0.06286612052519358	0.1039838401975087	0.28502849162707766	0.16003940198755595	0.19647377149341014	-0.11623835708674672	-0.07856706442723725	0.06798339131410616	-0.11697652090425067	0.24192072220351873	-0.037683761642913254	0.12053267497100961	-0.055230115088716815	0.028755969525804562	0.06563922243419494	0.23970623075100686	-0.3442262372348782	-0.06428758463322486	0.1576403695806681	0.032302148405840475	-0.06386862679085774	-0.022461626703574857	0.13297672040798514	-0.013394181972343796	0.008476414917891745	0.021962867367423533	0.0768114315639846	-0.22609508846743726	-0.022182321475330117	-0.02160376064539458	0.08592875222883078	-0.08381401264354917	0.0049551740046633996	0.1707278145612788
FadR	0.25473883714260775	0.14099178293993692	-0.061978328906844224	-0.024785845210040024	0.06160924699809225	0.11267721542662627	-0.06847716305689597	0.21894287958702727	0.08656716417910448	0.07522038928166187	-0.04412773226598835	0.03288569682913752	0.11359493260514471	0.03938951857255078	0.1314555044327236	0.2351226324517762	0.10921083804037457	0.1727627526527762	1.0	-0.023618748363445928	0.2238556590481178	-0.05678624421750895	-0.13234329605107295	-0.06487612064988342	0.12104140949388396	0.21255876008429034	0.10947019289517326	0.017144852180201748	-0.005194578486016035	0.16719161086796594	0.08513572488435017	-0.12289679422436689	-0.04928490380179304	0.055539345877130636	0.11611366725270889	0.026406813052531827	-0.06563922243419494	0.07628274666766419	0.04074115637352087	-0.03955410915348072	0.04322497786755446	0.050402124714772005	0.20402000024937966	0.026895597201960122	0.1612613623611267	-0.10419830671205377	0.07669671691666978	-0.03558897243107769	0.17625406800583548	-0.04947443234953054	0.005349193880222945	-0.02169353732590182	0.06264167882392549	-0.07361937181261612	-0.06615793214379231	-0.05996832878215439	0.08613324355665282	0.09945011783189317	0.05261162857392237	-0.15028366937243606	0.024426738488011072	0.1105026247210065	-0.05805808052469482	0.28449980673075725	0.039723687327772164	-0.07548473172982206	0.08554470753999427	0.13825359418446614	0.07303582338931906	-0.08995872766493347	-0.06759435903190812	0.039075300190775444	0.09706604820508984	0.21271836307185876	-0.031164977119415453	0.05691592164490829	0.12276711679696754	0.22731704884100798	0.05916532625095076	0.030416838115188468	0.06259180289031036	-0.1209765707801843	0.1578747864686592	-0.039279791518597486	0.09145001808002594	0.21010985174378732	0.08717565056920909	0.08615319393009888
FixJ	0.031763488322797045	-0.13064751430815846	-0.17365054427112558	-0.030526565169141758	-0.1633761019464083	0.12569982169353733	-0.2373421114976496	0.08936021646155189	0.17181510991408872	-0.10990411351762491	-0.049220065088093366	0.04367884886345216	-0.05306051197645856	-0.20325689846506814	-0.1083180588286637	-0.04876619409219567	-0.008471427324530231	-0.1310764473372486	-0.023618748363445928	1.0	-0.12850783675606928	0.017414182221723463	0.11156996970037032	0.02577837628898116	0.12962505766904825	0.12399905235726132	0.05300564844948191	-0.21772091921345652	0.0021371837554084215	-0.07476651828576417	0.04347934512899163	-0.07096098455092956	-0.018710956495716906	-0.12880709235776008	-0.1330764722752154	-0.025199815459045625	-0.15871270215339342	-0.12119602488809088	-0.014072494669509595	0.009683412511377948	-0.19531664983353908	-0.062088055960797514	0.021583810271948528	-0.2490330303370366	-0.040985548448235015	-0.1445379618199728	-0.20100749385902567	-0.07604832977967306	-0.2340253619122433	0.2678562076833876	0.0679634409406601	-0.13888203094801682	0.0834848314816893	0.12758014439082782	0.09434282222970361	0.11862741430691155	-0.14944076609434032	-0.1322884325240963	-0.05513036322148655	-0.17274778987269168	-0.05579371313856781	0.1619845633985461	-0.11957006945223755	0.0033591441289791643	-0.21410990161972093	-0.27448471926083867	-0.06816793226848215	-0.0851806132246038	-0.02175837603960149	-0.07822790807865435	-0.1940847142732453	-0.12112619858102969	-0.06969912343046672	-0.030586416289479917	-0.15736106435242334	-0.13620868090624572	-0.06190351500642153	0.12318607463933466	-0.07299093504906545	-0.07528024040200003	-0.10025810795645831	-0.1316450329804611	0.11218843127719796	-0.2499657102956396	0.1374855048067931	-0.05261661616728388	-0.06031746031746032	-0.19632414369256473
FnrN_FixK	0.056162795047319795	0.07234753550543024	0.14464270128056458	0.06869162957144104	0.10144016758313695	0.08153967007069914	0.2850035536602701	0.14089701866606816	-0.0214990211848028	0.09571441040411975	0.029638773550792405	0.18001970099377798	0.175131859499495	0.09442262372348782	0.2254766268906096	0.2520056359804985	0.11090661978328907	0.041529196124639955	0.2238556590481178	-0.12850783675606928	1.0	0.28612576216661056	-0.10415840596516165	0.15309667202832952	0.2695669522063866	0.11168468434768514	0.2970735295951321	0.31959251362236435	0.05458671554508161	0.3936034115138593	0.14975997206947717	0.13007892866494594	-0.09186398832903153	0.18734148804847942	0.058506963927231016	0.2129627551465729	0.18461327447973166	0.1480342647663936	0.17258319929176175	0.05752440803501291	0.20084290327809573	0.24632476714173493	0.212244541702515	0.15065773887454956	0.2701255626628761	0.06136984251673961	0.19330664970884923	0.16935123879350117	0.21451389668200352	-0.011224578860085536	0.08662701529944264	0.0664122994052295	0.2560256362298782	0.11105624758413446	0.2552725096322897	-0.024396812927841995	0.1055649072931084	0.14376987244229977	0.14055287472412376	0.2099552363495804	0.347722540181299	0.20159602987568423	0.24747191361488297	0.16660307485130738	0.2502150899637153	0.12853277472287683	0.16218905472636816	0.24267883639446877	0.057768800109727056	0.03812266985872642	-0.0065911046272397415	0.27553710146011795	0.1710170949762466	0.12005386600830434	0.3128842005511291	0.32396164540704997	0.16401950149004352	0.2980760358607963	0.252369730295889	0.09621815733363259	0.19537650095387724	0.04596316662302522	-0.04980860110475193	0.25521764610531306	0.11677701716979015	0.19621441663861144	0.0848414568760209	0.3606503821743413
FruR	0.011099889026047706	-0.02039676305190838	0.04507537500467587	0.032631329567700346	0.066980885048442	0.08061197770545768	0.16816917916682253	0.05955934612651031	-0.19926682377585755	-0.17956582999788026	0.03620244641454382	0.3981620718462824	0.015873015873015872	0.2140899512462749	0.2799660843651417	0.08214316886744223	0.22815496452574222	-0.037559071808875424	-0.05678624421750895	0.017414182221723463	0.28612576216661056	1.0	0.041953141560368584	0.22520230925572637	0.26078878789012333	-0.013853040561603013	0.05799324181099515	0.3044850933303408	0.07682639434406913	0.19351612863003279	0.1953615381737927	-0.017159814960286287	0.07582887567176648	0.2173318869312585	-0.15728126285863914	0.24125238469307597	0.2009077419917954	0.14764523248419556	0.2060300003740695	-0.013823115001433933	0.2988441252384693	0.08517562563124229	0.022825721018965323	0.06642726218531403	0.14202421476577015	0.2345141460616716	-0.0652102894051048	0.18734148804847942	0.24619010212097409	-0.04658661579321438	0.21625955435853314	0.07680644397062307	0.15348570431052758	0.06071646778638137	0.009059963341188793	0.008341749897130888	0.05614783226723525	0.02721480317709697	0.047733762266362424	0.28322797042357134	0.3871744036708687	-0.02487063429718575	0.20812478958590505	0.028007830521577577	0.3433334580231674	0.07244229977929899	0.22091796655818652	0.2570081921220963	-0.03215750819835659	0.05614783226723525	0.00307485130737291	-0.008147233756031871	0.1994763026970411	0.3499420192271724	0.16129627551465728	0.21842416987742988	0.03517001458871058	0.3175825134976745	0.22395541091534807	0.21302759386027256	0.06815296948839761	0.13306649708849239	-0.027798351600394018	0.30569707851718847	0.12931582688063442	0.09779922442923228	0.06817291986184366	0.12294667015798202
