	FadR	LtbR	HrcA	PurR	FruR	NmlR	GguR	FixJ	LiuR	MetJ	BioQ	AcnR	CueR	FadP	PrpR	DasR	CsoR	NtrC	RbsR	RutR	HypR	VanR	TtrR	PhsR	ZntR	NnrR	MerR	NifA	GntR	PhnR	CblR	GlcC	PaaR	FnrN_FixK	HcpR	CadR-PbrR	PdxR	AmtR	NagR	AgaR	FabR	CzrA	Zur	Phr	BirA	ArgR	SahR_SamR	ThiR	MntR	NsrR	FUR	NagC	NrtR	MetR	IscR	KdgR	NarP	TyrR	LiuQ	Rex	Irr	NagQ	SoxR	ExuR_UxuR	LexA	AraR	PsrA	NikR	LldR	PdhR	HutC	PhnF	NadQ	SiaR	RbkR	PhrR	GulR	HexR	NorR	ModE	NiaR	TrpR	SdaR	XylR	HisR	NrdR	CcpA	QorR
FadR	1.0	0.25350718966813873	0.1331912174655501	0.19518690875369663	0.27819463842443637	0.05990918909138201	0.0286173106174124	0.05193637581919243	0.07675953203544227	0.04743541173077902	0.11087864925841527	0.10092676886192331	0.16959474359771784	-0.07008724858779425	0.006055945400365279	0.11133100745825582	0.13970517554325393	-0.0157251019219569	0.26717971625831916	0.12313755647409401	0.2316243617508524	-0.013983522852570809	0.12690343848776653	0.012377651243136879	-0.026943585278002388	-0.003782845446166547	0.014639442242339597	-0.16369146908979876	0.13803145020384391	-0.016765525781590154	-0.0033757230663100574	0.08355621398804644	0.04213151183764864	-0.03895369548376882	0.008023703569671645	-0.06977059784790586	0.13712673380416282	0.008035012524667658	-0.13446912938009964	-0.03914594771870105	-0.06623089493415361	-0.10737287320965107	-0.11293687906768975	-0.013056188542897694	-0.20587387122492945	-0.21823455903557232	-0.1637253959547868	-0.17103098088221158	-0.20153123250646024	-0.1728856495015578	-0.15093496785429542	-0.2291250826967334	-0.2049013010952723	0.0027989663615133643	-0.3499499578741426	-0.18265658661811354	-0.11727951778615897	-0.011325918428507614	-0.02094983913011518	0.02226167790965276	0.08330741697813414	-0.04162260886282803	0.02400325697903885	-0.0711276724474275	-0.1119756178930286	-0.18574393133202527	-0.2049917727352404	-0.20899514280382922	-0.14256634115724537	0.046677711746046104	-0.017692860091263266	-0.10554082250029687	-0.09751146445312721	-0.24727595546533523	-0.14794940373534785	-0.1376017099139954	-0.11819554314083607	-0.07383051269147474	0.14930647833486946	0.1069092060548145	0.05669744587251415	-0.0982578554828641	-0.08209735879356068	-0.23290227366540195	0.15596745282752147	0.06517916211952435	0.19932598628223758	-0.02324555699430594
LtbR	0.25350718966813873	1.0	0.29464916794363616	0.04362429389712243	0.21053316068328706	-0.056245087672673603	0.08316040056318597	0.10862816721420857	0.30038280812661505	0.2150454337266965	0.08305861996822184	0.12632668178296985	0.15109329322423962	-0.11784496553595965	0.018495795895980233	-0.14711254106564284	0.05434518323334332	-0.09078263623049912	-0.07413585447636711	0.13667437560432227	0.1829393104930139	-0.01128068260852356	0.053779735483542646	-0.02167361224986005	-0.1750456599057964	0.029171449412217065	-0.018541031715964287	9.612611746611554e-05	0.23732407506884326	-0.03687284776450232	0.08979875714584594	-0.0283685136075001	0.039564379053553554	0.021820628664808227	-0.273693674336023	0.161384442270612	0.02100638390509525	-0.058484260761884295	0.002086502196764508	0.08896189447614093	-0.14007837105812238	-0.14125450237770779	-0.0383543208689801	-0.09246767052490515	-0.21869822619040888	-0.1632278019349622	-0.1045795613256357	-0.14649054854086208	-0.16355576162984659	0.011834821403328226	-0.09263730484984535	-0.2286161797219128	-0.1429282277171178	0.0077749065597593455	-0.16058150646589503	-0.20978676965355017	-0.023901476384074728	-0.024580013683835545	0.006644011060157986	-0.05705933243238658	0.03533482988504447	-0.07482570073112393	-0.14724824852559498	-0.13855166213366055	-0.19328700431436632	-0.20519533392516864	-0.1796144777241859	-0.2667386670134746	-0.0811134797089075	-0.2065750264346823	0.06211443531560466	0.02956726283707754	-0.003703682761194452	-0.08397464532289894	-0.002335299206676807	0.1008249882669592	-0.12978722201175	-0.05885745627675275	0.015691175056968862	0.07155741273727602	0.14844699775517242	0.13713804275915883	-0.13707018902918275	-0.08660963183697011	0.04532063714652448	0.012332415423152823	-0.036183001509745495	0.016358403401733664
HrcA	0.1331912174655501	0.29464916794363616	1.0	0.25661715229204246	0.2901482038552228	0.2364419765791542	-0.048340128130460104	0.12625882805299377	0.1473500291205591	0.13751123827402728	0.21010342039343854	0.2084862398290086	0.267880871468072	-0.045942629671305225	-0.16781923766334372	-0.08071766628404703	0.08465318262265975	0.2024924936811214	0.1051676269854284	0.2946944037636202	0.2739537803009313	0.032451046361061005	0.08925592730603729	0.1502564305545346	-0.008329045354564012	0.08898451238613296	-0.11686108645130647	0.1298663846967221	0.257103437356871	0.135611333834697	0.14340320382695038	-0.1060723433851095	0.024138964438991016	0.14945349474981764	0.20837315027904846	-0.03515388660510826	0.07856896483480444	0.04344335061718622	-0.11418086411725124	0.14462457096651984	0.05785095928210754	0.039971501433410044	0.026185885293269474	-0.31812655851536037	-0.08789885270651565	-0.1238839475038309	-0.1544859797230437	-0.16444916907453166	-0.16552351979915295	-0.05655042945756597	-0.26341383424464665	-0.35005173846910675	-0.1876099089063675	-0.003217397696365867	-0.09661805700844213	-0.23159043488586437	0.08296814832825372	0.14407043217171517	0.18120904037862381	0.05951337566652153	0.0127282288480133	-0.03674844925954617	0.11528914170686058	0.0037941544011625607	0.015634630281988793	-0.2031710309808822	-0.025959706193349204	-0.02702274796297448	-0.148933282820001	-0.20547805780006898	0.01134853633849964	0.05708195034237861	0.03919118353868511	0.08045756031913871	-0.043658220762110476	-0.04708483412590259	-0.19498334756376837	-0.04300230137234169	0.12464164748856382	0.04820442067050794	0.07746068724519511	0.22924948120168956	0.006383905095249673	-0.2148192546267762	0.02972558820702173	-0.12294530423916178	-0.14012360687810643	-0.018405324256012122
PurR	0.19518690875369663	0.04362429389712243	0.25661715229204246	1.0	0.2169001023460427	0.05684446228746233	-0.09027373325567851	0.11494987305698016	0.1901091879604865	0.25938784626606576	0.143912106801771	0.23555987808946513	0.09927566143250532	0.16472058399443598	-0.10344866582603435	0.0397679402434818	0.10206897331652069	0.13450305624508768	0.2267162752825825	0.082368773713465	0.18193281349836868	0.1559787617825175	-0.08157714686374405	0.016629818321637988	0.02919406732220909	0.0017698514568761274	-0.04797824157058767	0.00568274988549683	0.11167027610813622	-0.04236899989256493	0.09865366890772458	-0.12874679815211676	-0.09739837490316708	-0.11404515665729908	0.14835652611520433	-0.033389689625730135	0.088181576581416	-0.22507647680816054	-0.14032716806803466	-0.0663100576191257	-0.08779707211155154	-0.13172105331606832	-0.2623847193400094	-0.22168379030935648	-0.18162747171347632	-0.19671361767815845	-0.11809376254587195	-0.23200886622071687	-0.23949539442807788	-0.28573771140677745	-0.3470774833051552	-0.3085591825887329	-0.18128820306359592	-0.19510774606872452	-0.22202305895923688	-0.28447110844722395	-0.07602444996070139	0.013406766147774115	0.14005575314813035	0.003975097681098778	0.04772944456067537	0.07393229328643887	0.15498357374286828	-0.0455920520664288	-0.18842415366608048	-0.22984885581647826	-0.20297877874594997	-0.023098540579357764	-0.04399748941199089	-0.08545611842737671	-0.21184499946282465	-0.049380551990093356	-0.25129063448892003	-0.2435892361366348	-0.09154033621523203	-0.12191618933452454	-0.03488247168520393	0.0009556066971631486	0.0389310775737768	0.07331030076165812	-0.13515897563485646	-0.025620437543468797	-0.002640640991569174	-0.17627833600036188	0.1844320925524877	-0.058077138382027806	0.05471837874821177	-0.15405623943319519
FruR	0.27819463842443637	0.21053316068328706	0.2901482038552228	0.2169001023460427	1.0	0.24780747635014785	0.12045733414003879	0.28326105026265047	0.16820374213320818	0.16183680047045254	0.2585736015063528	0.2103295994933588	0.1485940141701206	0.15314021407851808	-0.10059880916703892	-0.023200321174321886	-0.11138755223323589	0.26301802081978615	0.020667115255214842	0.1976522609428276	0.059422904026553425	0.01509180044218014	-0.05814499211200389	0.10007859723722229	-0.061345426375875735	0.13925281734341338	0.04464209984676366	0.13342870552046637	0.10461348819062374	0.10312070613114994	0.05494455784813204	0.10267965688630543	0.042289837207592836	0.13590536666459335	0.1601404572210505	-0.05698016974741449	0.015363215362084466	0.048249656490491996	0.06511130838954826	0.19016573273546658	0.04818180276051592	-0.20231155040118518	-0.2665464147785424	-0.22425092309345154	-0.3766051647997467	-0.32591842850761377	-0.28708347705130305	-0.23399924230001526	-0.3217228062040927	-0.2626561342599137	-0.3881968436706606	-0.42124161016901235	-0.4119230312522971	-0.2156561172964812	-0.32101034203934387	-0.26020209102577874	-0.16554613770914497	-0.2435892361366348	-0.15675907967724242	-0.03784541789415949	-0.17117799729715977	-0.20664288016465837	0.07810529767996788	-0.08399726323289096	-0.1060723433851095	-0.21060101441326315	-0.12723139818265095	-0.055510005597932725	-0.21070279500822728	0.021933718214768364	-0.059784790586425864	-0.09435626600923942	-0.19566188486352917	-0.2181440873956042	-0.2822206264030172	-0.19647612962324215	-0.24813543604503227	-0.15691740504718663	-0.004710179755839662	-0.05453743546827555	-0.06267988306540534	0.12077398487992717	-0.07765293948012734	-0.1432674963669982	0.13289718463565375	-0.05089595195955918	-0.24023047650281876	-0.2518221553737327
NmlR	0.05990918909138201	-0.056245087672673603	0.2364419765791542	0.05684446228746233	0.24780747635014785	1.0	-0.09406223317934306	0.0725412918219292	0.05436780114333535	-0.054978484713120085	0.18401366121763518	0.13894747555852102	0.14281513816715766	0.09869890472770863	0.16590802426901743	-0.10679611650485436	-0.12331849975403023	0.10123211064681568	0.04224460138760878	0.04996861764988606	0.2910981560748879	0.09524967345392449	-0.11369457905242267	-0.16145229600058805	-0.08925592730603729	0.08439307665775143	-0.0026519499465651876	-0.0005824111822947001	-0.13199246823597266	0.10400280462083901	0.029714279252025716	-0.1832785791428943	0.036160383599753466	-0.01244550497311296	-0.05273931162390939	-0.08954996013593364	-0.1391171098834612	0.10497537475049618	-0.08156583790874804	-0.05987526222639397	0.03712164477441462	-0.1602535467710106	-0.11036974628359467	-0.22344798728873458	-0.18611712684689372	-0.21284018750247383	-0.18757598204137946	-0.30106134542637586	-0.17755624791491142	-0.2502954464492709	-0.2448332211861963	-0.3392064506279297	-0.2546493941227361	-0.042866593912389526	-0.17376774799124686	-0.12726532504763896	0.012253252738180728	-0.1245398668935997	-0.11274462683275752	0.019909415270481932	-0.152246806633833	-0.01632447653674562	-0.012524667658085055	-0.030607686696710792	-0.09930958829749337	-0.023765768924122566	-0.1403497859780267	-0.162221304940317	-0.08932378103601336	-0.08132834985383176	-0.0341926254304471	-0.07675953203544227	0.03763054774923523	-0.14063250985292705	-0.25927475671610567	-0.0650660725695642	-0.14273597548218556	-0.19767487885281962	0.008758785644412528	-0.2593086835810937	-0.055102883218076236	0.006553539420189877	-0.02040700929030653	-0.1109804298533794	-0.07769817530011139	-0.11869313716066067	-0.15898694381145712	-0.05763608913718328
GguR	0.0286173106174124	0.08316040056318597	-0.048340128130460104	-0.09027373325567851	0.12045733414003879	-0.09406223317934306	1.0	0.1608981572057834	0.1553341513477447	0.3069306930693069	0.10646815680996997	0.2400156063578945	0.13122345929624374	0.10321117777111806	0.13358703089041057	-0.11379635964738678	0.022125970449700594	-0.012343724378148837	-0.051461399709359854	-0.09653889432347004	0.0894255616309775	-0.10504322848047226	0.21325861883732633	-0.019129097375756993	-0.1945988430939039	-0.002697185766549242	0.16559137352912903	0.038297776094000036	-0.022012880899740458	-0.1095668104788777	0.07206631571209662	0.2106462502332472	0.17003579284256237	-0.002810275316509378	0.061492442790823915	-0.013779961662642564	0.02056533466025072	-0.14065512776291908	-0.10806271946440789	-0.033649795590638444	-0.05172150567426817	-0.26625238194864603	-0.21280626063748578	-0.21849466500048062	-0.2774708653046915	-0.3265178031224025	-0.3467608325652668	-0.2036460070907148	-0.20336328321581446	-0.31010850942318674	-0.1562388677474258	-0.2995798723218981	-0.2876149979361157	-0.2840413681573754	-0.2909285217499477	-0.3436847968063511	-0.12783077279743965	-0.12261734454427739	-0.009923608009001928	0.0702908097777225	-0.11574149990670111	0.04414450582693906	-0.13923019943342135	-0.15786735726685175	-0.1407003635829031	-0.28234502490797336	-0.09405092422434705	-0.0801069827142623	-0.09944529575744554	-0.051461399709359854	-0.3049516259450046	-0.36086309944529577	-0.12444939525363159	-0.13682139201927046	-0.1172229730111789	-0.09191353173010049	-0.2782285652894244	-0.08599894826718538	-0.07929273795454932	-0.05210601014413263	-0.026581698718129952	-0.11259761041780934	-0.10575569264522112	-0.06265726515541331	-0.07355909777157042	-0.013802579572634591	-0.02894527031229679	0.03897631339376085
FixJ	0.05193637581919243	0.10862816721420857	0.12625882805299377	0.11494987305698016	0.28326105026265047	0.0725412918219292	0.1608981572057834	1.0	0.2768714906899028	0.2086445651989528	0.14481682320145206	0.2570242746718989	0.0211307824100514	0.12155430277465211	0.050726317634618975	-0.006847572250086231	0.09891377487263289	0.16559137352912903	0.00910936324928895	-0.0629739158953017	0.15940537514630962	0.0012383305720634885	0.017410136216362927	0.07225856794702885	0.003839390221146615	0.09364380184449056	-0.21479663671678417	0.013553782562722291	0.039473907413585446	-0.09285217499476961	-0.10325641359110212	-0.12299054005914584	0.033457543355706214	-0.14621913362095776	-0.024704412188791696	-0.16105648257572758	-0.17384691067621896	-0.23386353484006311	-0.05738729212727098	0.014831694477271827	-0.11230357758791298	-0.17440104947102364	-0.2159727680363696	-0.20747974283436338	-0.33573460144415357	-0.3013440693012762	-0.30911332138353753	-0.1659871869539895	-0.34748460568501166	-0.2926474829093418	-0.3403486550825271	-0.4557452318618498	-0.34559601020067743	-0.2079094831242119	-0.23291358262039796	-0.3030064856856902	-0.0017019977269000458	-0.18413805972259134	0.014967401937223991	-0.07493879028108408	-0.00013005298245415633	-0.04119286857297951	-0.1891818536508134	-0.35216651305336133	-0.13308943687058597	-0.1626397362751695	-0.10386709716088685	0.02100638390509525	-0.17181129877693652	-0.1286223996471606	-0.04852107141039632	-0.26105026265047976	-0.011913984088300321	-0.019660618260569633	-0.3112167870127961	-0.0353574477950365	-0.08841906463633228	-0.04328502524724203	-0.0999994345522502	-0.11515343424690841	-0.19194123866984072	-0.11354756263747448	-0.08954996013593364	-0.005750603615472912	-0.11811638045586398	-0.052863710128865544	0.02960118970206558	-0.0016002171319359235
LiuR	0.07675953203544227	0.30038280812661505	0.1473500291205591	0.1901091879604865	0.16820374213320818	0.05436780114333535	0.1553341513477447	0.2768714906899028	1.0	0.29896918875211337	0.30437486924020785	0.13704757111919072	-0.052377425064036955	0.13164189063109624	0.10139043601675987	0.13537384577978073	0.024681794278799667	0.12092100129487535	-0.004902431990771893	0.19040322079038285	0.0966746017834222	0.19045976556536293	0.0049589767657519605	0.19785582213275582	0.06025976669625843	0.19030144019541875	0.19145495360501213	0.18174056126343646	0.2312059304159999	0.09336107796959021	-0.0007068096872508496	0.0071642229899746114	0.12217629529943286	0.06333580245517413	0.13115560556626765	0.07226987690202487	0.07498402610106814	-0.1463322231709179	0.014990019847216018	0.15879469157652487	-0.04482304312669988	-0.1525860752837134	-0.12097754606985542	-0.16503723473432438	-0.28490084873707244	-0.2256984693329413	-0.4257765011224138	-0.2591277403011575	-0.37018167836201094	-0.237923449683632	-0.34573171766062955	-0.40460613736987633	-0.2494359658695738	-0.16867871824304076	-0.20511617124019654	-0.26385488348949115	-0.24271844660194175	-0.08166761850371217	-0.16612289441394168	-0.04497005954164805	-0.09820131070788404	0.009335542349209221	-0.13363226671039463	-0.12135074158472386	-0.07030211873271851	-0.2973293902776914	-0.09736444803817904	0.0051964648206682465	-0.01417577508750304	-0.17771457328485563	-0.19939384001221366	-0.12598741313308945	-0.005942855850405143	-0.08372584831298664	-0.05962646521648167	-0.13390368163029895	-0.2696903042674342	-0.07233773063200095	-0.12326195497905017	-0.06335842036516616	0.06702252178387456	0.006666628970150013	0.10721454783970687	-0.12311493856410198	-0.06899027995318092	0.06552973972440077	-0.023121158489349793	-0.11266546414778543
MetJ	0.04743541173077902	0.2150454337266965	0.13751123827402728	0.25938784626606576	0.16183680047045254	-0.054978484713120085	0.3069306930693069	0.2086445651989528	0.29896918875211337	1.0	0.045264092371544405	0.24469751372624413	0.1587494557565408	0.18143521947854407	0.08508292291250827	0.09440150182922347	-0.08667748556694618	0.07319721121169798	-0.15449728867803972	0.06116448309593952	0.2905440172800832	0.06225014277555682	0.1961707878383498	0.10941979406392953	0.003307869336333976	0.19140971778502808	-0.11812768941085999	0.003364414111314044	0.11746046106609519	0.07416978134135516	0.12793255339240378	-0.029080977772248957	0.03806028803908375	-0.07341208135662224	0.07473522909115583	0.03748353133428706	-0.05175543253925621	-0.10140174497175589	0.04433675806187129	0.0736269515015465	-0.1282944399522762	-0.17531707482570072	-0.2097302248785701	-0.2248729156182323	-0.2637983387145111	-0.20577209062996535	-0.2618192715902087	-0.20050211760182302	-0.24876873752480902	-0.2366116109040944	-0.34110635506726	-0.27955171302395804	-0.3174932570355836	-0.2776065727646437	-0.2332076154502943	-0.24396243165150325	-0.2100694935284505	-0.1266998772978383	-0.044856969991687916	-0.10412720312579517	-0.08567098857230097	-0.06709037551385064	-0.2620002148701449	-0.23248384233054945	-0.17108752565719165	-0.28175695924818067	-0.17798598820475994	-0.10331295836608219	-0.1713023958021159	-0.09971671067734986	-0.2968091783478748	-0.15062962606940306	-0.16526341383424464	-0.12477735494851598	-0.14640007690089396	0.0007633544622309175	-0.16728771677853108	-0.09889115696264086	0.026977512142990427	-0.020361773470322475	-0.05814499211200389	0.08789885270651565	-0.11527783275186457	0.15971071693120198	-0.1059931807001374	-0.01062476321875477	0.02663824349311002	0.022951524164409588
BioQ	0.11087864925841527	0.08305861996822184	0.21010342039343854	0.143912106801771	0.2585736015063528	0.18401366121763518	0.10646815680996997	0.14481682320145206	0.30437486924020785	0.045264092371544405	1.0	0.14442100977659159	0.17731875985999515	0.12873548919712074	0.21146049499296019	0.19273286551956167	0.20002714149199044	0.1337792831253428	0.041419047672899785	-0.057907504057087604	-0.006236888680301497	0.034113462745475005	0.18533680895216878	0.0052869364606363545	0.1903353670604068	0.15684955131721054	0.09979587336232196	0.1274575772825712	0.16683535857869053	0.09982980022731	-0.0010460783371312574	0.014062685537542903	0.1756902703405692	0.07821838722992802	0.1003387032021306	0.07419239925134719	0.0787838349797287	-0.19680408931812657	-0.08602156617717739	0.026626934538114006	-0.016403639221717718	-0.2850139382870326	-0.3406766147774115	-0.3564073711768664	-0.270391459477187	-0.27742562948470745	-0.3179343062804282	-0.24797711067508807	-0.42938405776614214	-0.3712334111766402	-0.43171370249532093	-0.49716993401224757	-0.41211528348722937	-0.2869251516813589	-0.24995617779939044	-0.19719990274298704	0.07574172608580104	-0.041226795437967555	-0.14257765011224138	-0.13763563677898344	0.004099496186054928	0.03447534930534744	-0.1293687906768975	-0.16518425114927254	-0.1575620154819594	-0.13189068764100853	-0.051303074339415666	-0.2178839814306959	-0.17925259116431347	-0.24906277035470537	-0.2326874035204777	-0.14696552465069465	-0.1268808205777745	-0.18434162091251957	-0.14171816953254435	-0.24580579131585345	-0.35367060406783113	-0.30734912440415946	-0.0642179009448632	-0.12349944303396644	-0.06355067260009839	-0.283656863687511	0.055362989182984546	-0.041826170052756274	-0.05987526222639397	-0.2341801855799515	-0.12855454591718452	-0.12014068340015041
AcnR	0.10092676886192331	0.12632668178296985	0.2084862398290086	0.23555987808946513	0.2103295994933588	0.13894747555852102	0.2400156063578945	0.2570242746718989	0.13704757111919072	0.24469751372624413	0.14442100977659159	1.0	0.21068017709823525	0.08657570497198207	0.0022335186117126847	-0.03936081786362531	-0.03513126869511623	0.12200666097449266	0.09311228095967793	0.1369344815692306	0.19239359686968124	-0.0034435767962861393	0.14158246207259217	0.06989499635286202	0.04723185054085077	0.16199512584039671	0.034136080655467034	0.14287168294213773	0.1405194203029669	-0.053564865338618387	0.006542230465193864	-0.08650785124200598	-0.10937455824394547	-0.2252008753131167	0.005942855850405143	-0.07671429621545821	-0.04138512080791174	-0.0025162424866130243	0.035052106010144135	-0.0970930331182747	0.009629575179105575	-0.2709003624520076	-0.3076770840990438	-0.4197601370645346	-0.2942646634737717	-0.3306229537859554	-0.38389944077217547	-0.3129809839921742	-0.2780250040994962	-0.35904235769093756	-0.5478001255294005	-0.5223097409683858	-0.38265545572261395	-0.48983042221983475	-0.31812655851536037	-0.4963217623875466	-0.01424362881747912	-0.100655353942019	-0.024297289808935207	-0.01842794216600415	0.010228949793894295	-0.07811660663496389	-0.13348525029544644	-0.2472533375553432	-0.2592860656711017	-0.39881595241191736	-0.326121989697542	-0.2284578543519686	-0.1748647166258602	-0.16501461682433236	-0.2559951597672617	-0.18623021639685386	-0.18499754030228838	-0.10352782851100643	-0.24512725401609264	-0.04900735647522491	-0.29305460528919824	-0.13707018902918275	-0.10035001215712662	-0.15943930201129763	-0.02880956285234463	0.026118031563293394	-0.0363526358346857	-0.2566284612470385	-0.1985230504775206	-0.0759565962307253	-0.09198138546007656	-0.006734482700126095
CueR	0.16959474359771784	0.15109329322423962	0.267880871468072	0.09927566143250532	0.1485940141701206	0.14281513816715766	0.13122345929624374	0.0211307824100514	-0.052377425064036955	0.1587494557565408	0.17731875985999515	0.21068017709823525	1.0	0.07993734838932208	0.023663988329158444	-0.005049448405720069	0.040163753668342274	0.1896002849856659	0.12414405346873922	0.04247078048752905	0.14509954707635242	0.03579849703988103	0.16604373172896958	0.046202735636213535	0.05414162204341508	0.1312008413862517	0.0856144437973209	0.0542434026383792	0.08529779305743253	-0.08520732141746441	-0.020587952570242745	-0.020305228695342407	0.1088995821341129	0.1490011365499771	0.1291199936669852	-0.06392386811496684	0.08847560941131234	-0.06419528303487117	-0.10520155385041645	-0.07690654845039044	0.062340614415524936	-0.35663355027678667	-0.2715110460217924	-0.3498594862341745	-0.2601455462507987	-0.24624684056069798	-0.2376972705837117	-0.3064104811394903	-0.21695664712102278	-0.31021029001815087	-0.3880159003907244	-0.2899333337102985	-0.3033570632905666	-0.33277165523519797	-0.2875358352511436	-0.2182232500805763	0.12208582365946474	-0.021209945095023493	0.019830252585509835	0.061537678610807965	0.07713272755031071	0.03998281038840606	-0.12831705786226824	-0.1668127406686985	-0.05319166982374993	-0.22218138432918105	-0.19963132806712997	-0.3063991721844943	-0.18240778960820125	-0.09097488846543135	-0.11167027610813622	-0.2543892881578278	-0.26269006112490173	-0.1670389197686188	-0.09970540172235384	0.003907243951122697	-0.12492437136346415	-0.14403650530672713	-0.15993689603112224	-0.17647058823529413	-0.0554082250029686	-0.10220468077647285	0.00016397984744219711	-0.22955482298658192	0.04638367891614975	-0.13756778304900735	-0.11249582982284521	0.0024031529366528885
FadP	-0.07008724858779425	-0.11784496553595965	-0.045942629671305225	0.16472058399443598	0.15314021407851808	0.09869890472770863	0.10321117777111806	0.12155430277465211	0.13164189063109624	0.18143521947854407	0.12873548919712074	0.08657570497198207	0.07993734838932208	1.0	0.22333489773877443	0.17252376294168537	0.09686685401835443	0.14777976941040763	0.015182272082148248	-0.003217397696365867	-0.18781347009629576	0.14003313523813832	0.06509999943455225	-0.0071868408999666384	0.10030477633714256	0.016086988481829337	0.03400037319551487	0.05212862805412466	0.15793521099682784	0.1871123148865429	0.09216232874001277	0.00766181700979921	-0.07406800074639103	-0.05674268169249821	-0.0397679402434818	0.07556078280586483	0.006666628970150013	-0.1125636835528213	-0.1049979926604882	-0.04256125212749716	-0.2617174909952446	-0.3465911982403266	-0.4015753374309447	-0.20885943534387705	-0.4235260190782071	-0.32084070771440365	-0.3065461885994425	-0.33090567766085577	-0.363532012824355	-0.40138308519601246	-0.2987769365171811	-0.28678944422140673	-0.37875386624898927	-0.22859356181192078	-0.2742251952208356	-0.24422253761641155	-0.1877682342763117	-0.19872661166744887	-0.07894216034967289	-0.013802579572634591	-0.2299506364114424	-0.1265528608828901	0.08250448117341717	-0.048996047520228896	0.027938773317651582	-0.055430842912960625	-0.12208582365946474	-0.06706775760385862	-0.28837269792084863	-0.06649100089906192	-0.2768827996448988	-0.22393427235356317	-0.4030115747154384	-0.2773803936647234	-0.3363339760589423	-0.23372782738011094	-0.15718881996709094	-0.31169176312262864	-0.3183188107502926	-0.24236786899706533	-0.3384713685531888	-0.16631514664887392	-0.14387817993678295	-0.11087864925841527	-0.13796359647386783	-0.26252042679996157	-0.09446935555919955	-0.19302689834945802
PrpR	0.006055945400365279	0.018495795895980233	-0.16781923766334372	-0.10344866582603435	-0.10059880916703892	0.16590802426901743	0.13358703089041057	0.050726317634618975	0.10139043601675987	0.08508292291250827	0.21146049499296019	0.0022335186117126847	0.023663988329158444	0.22333489773877443	1.0	0.01634709444673765	0.05003647137986214	0.0752893678859605	-0.0878423079315356	-0.18283752989804977	0.06607256956420941	0.09928697038750134	0.23948408547308186	-0.11266546414778543	0.13034136080655467	0.1608189945208113	0.029420246422129363	-0.05353093847363034	0.04882641319528869	0.304499267745164	0.02012428541540619	-0.03282424187592946	0.007198149854962652	-0.05673137273750219	-0.08814764971642795	0.053587483248610415	-0.18146914634353212	-0.17726221508501508	-0.05071500867962296	-0.17718305240004298	-0.17381298381123092	-0.15297057975357786	-0.2655399177838972	-0.07914572153960113	-0.09337238692458623	-0.18730456712147514	-0.19133055510005598	-0.07286925151681359	-0.05056799226467478	-0.2300297990964145	-0.13924150838841737	-0.15284618124862173	-0.17010364657253846	-0.27260801465640566	-0.2596366432759781	-0.19144364465001612	0.05313512504876987	-0.03385335678056669	-0.19207694612979287	0.047480647550763075	0.061752548755732224	0.15837626024167237	-0.18083584486375537	-0.05946813984653748	-0.19831948928759238	0.004755415575823716	0.0891089108910891	-0.16986615851762218	-0.14503169334637633	-0.10819842692436006	-0.1723654375717412	-0.27569535937031736	-0.13267100553573347	-0.12292268632916975	0.028391131517492126	0.12648500715291403	-0.19730168333795114	-0.14075690835788318	-0.12822658622230013	-0.10367484492595462	-0.15861374829658864	-0.4057370328694777	0.18041741352890286	0.04100061633804728	-0.010081933378946119	0.00027706939740233306	-0.11777711180598356	-0.03133145981645566
DasR	0.11133100745825582	-0.14711254106564284	-0.08071766628404703	0.0397679402434818	-0.023200321174321886	-0.10679611650485436	-0.11379635964738678	-0.006847572250086231	0.13537384577978073	0.09440150182922347	0.19273286551956167	-0.03936081786362531	-0.005049448405720069	0.17252376294168537	0.01634709444673765	1.0	0.16002736767109035	0.128124805627336	0.08406511696286705	0.036567505979609956	-0.12891643247705695	-0.03620561941973752	0.04326240733725	0.13213948465092082	0.2543214344278517	0.1866712656416984	0.1437650903868228	-0.06500952779458415	0.054503508603287516	0.14937433206484554	-0.14720301270561092	-0.021549213744903904	-0.006022018535377239	0.09021718848069844	0.16493545413936025	0.14785893209537973	0.13211686674092882	0.024546086818847505	-0.06577853673431307	-0.012943098992937557	-0.0005937201372907137	-0.24254881227700154	-0.18230600901323712	-0.0947520794340999	-0.16559137352912903	-0.11357018054746651	-0.20102232953163962	-0.11682715958631842	-0.18030432397894272	-0.22971314835652612	-0.13833679198873627	-0.07311804852672589	-0.17066909432233915	-0.12314886542909002	-0.22992801850145037	-0.10230646137143697	0.05143878179936783	-0.0267060972230861	0.12697129221774262	-0.03540268361502055	-0.161384442270612	-0.22654664095764232	-0.10379924343091076	0.018122600381111784	0.13772610841895155	-0.022691418199501275	0.06733917252376294	-0.09806560324793187	0.009346851304205235	0.05797535778706368	-0.32566963149770145	-0.2499109419794064	-0.14229492623734105	0.1454953605012129	0.05039835793973458	-0.40136046728602043	-0.08121526030387162	-0.15131947232415988	-0.1064116120349899	-0.14928386042487743	-0.17884546878445698	-0.0866887945219422	0.10561998518526895	0.02893396135730078	-0.07265438137188933	-0.04722054158585476	-0.027972700182639622	0.010737852768714907
CsoR	0.13970517554325393	0.05434518323334332	0.08465318262265975	0.10206897331652069	-0.11138755223323589	-0.12331849975403023	0.022125970449700594	0.09891377487263289	0.024681794278799667	-0.08667748556694618	0.20002714149199044	-0.03513126869511623	0.040163753668342274	0.09686685401835443	0.05003647137986214	0.16002736767109035	1.0	0.24997879570938247	0.17460461066095187	-0.03234926576609688	0.06283820843534953	-0.1059931807001374	-0.05043228480472262	-0.09355333020452244	-0.1894193417057297	0.007763597604763332	0.08731078704672295	-0.005128611090692165	-0.01920826006072909	-0.03271115232596932	-0.044087961051958995	-0.036703213439562114	0.002663258901561201	0.14003313523813832	0.03229272099111682	0.20016284895194258	0.16092077511577543	-0.04397487150199886	-0.01528405267711237	-0.047141378900882665	0.022193824179676677	-0.04527540132654042	-0.2591390492561535	-0.22011184556491056	-0.02852683897744429	-0.13970517554325393	-0.04857761618537639	-0.007989776704683604	-0.1140564656122951	-0.14124319342271177	-0.12070613114995109	-0.11592244318663734	-0.1418312590825045	0.09830309130284816	-0.032326647856104854	-0.04691519980096239	0.13607500098953357	0.12616835641302565	-0.09708172416327869	-0.15696264086717066	-0.08267411549835738	-0.0281197165975878	-0.04433675806187129	-0.11703072077624667	-0.026660861403102046	-0.10343735687103833	0.08746911241666713	0.01920826006072909	0.04218805661262871	0.04414450582693906	-0.13446912938009964	0.03362717768064642	0.1260552668630655	0.11708726555122674	-0.12089838338488332	-0.16245879299523328	-0.04291182973237358	-0.030030929991914097	-0.0052190827306602735	-0.05014956092982228	-0.11304996861764989	-0.1333608517904903	-0.03124098817648755	0.03846741041894024	0.023064613714369724	-0.025360331578560484	0.0920153123250646	0.018631503355932395
NtrC	-0.0157251019219569	-0.09078263623049912	0.2024924936811214	0.13450305624508768	0.26301802081978615	0.10123211064681568	-0.012343724378148837	0.16559137352912903	0.12092100129487535	0.07319721121169798	0.1337792831253428	0.12200666097449266	0.1896002849856659	0.14777976941040763	0.0752893678859605	0.128124805627336	0.24997879570938247	1.0	0.2573861612317714	-0.1639741929646991	-0.0731293574817219	0.05753430854221916	-0.028922652402304766	0.0737852768714907	0.12288875946418171	0.232947509485386	-0.006836263295090217	0.05722896675732679	-0.09781680623801958	0.007073751350006503	-0.01994334213546997	-0.17324753606143026	-0.06159422338578804	0.1471690858406229	0.1235446788539505	0.022827125659453436	0.14460195305652782	-0.050986423599527285	-0.10142436288174791	-0.037890653714143546	-0.014164466132507025	-0.17399392709116715	-0.15153434246908415	-0.13865344272862465	-0.03167072846633607	-0.013180587047853843	-0.07293710524678967	-0.1682150510882042	-0.08846430045631633	-0.14929516937987344	-0.36184697852994896	-0.21479663671678417	-0.1835386851078026	-0.13005863693165434	-0.067384408343747	-0.1202990087700946	0.22710077975244697	0.20278652651101775	0.09901555546759702	0.07333291867165015	-0.1606493601958711	-0.06254417560545318	0.042934447642365606	-0.15714358414710689	-0.017794640686227388	-0.012592521388061136	0.04087621783309113	-0.06935216651305336	0.003092999191409718	0.0323605747210929	-0.12394049227881097	-0.10604972547511747	0.06684157850393835	0.048441908725424226	-0.2106462502332472	-0.04924484453014119	-0.1363577248644339	0.01883506454586064	-0.1425211053372613	-0.31352381383198286	-0.14654709331584215	-0.02975951507200977	-0.12408750869375915	-0.17765802850987555	-0.005908928985417103	-0.06590293523926921	0.003907243951122697	0.08988922878581404
RbsR	0.26717971625831916	-0.07413585447636711	0.1051676269854284	0.2267162752825825	0.020667115255214842	0.04224460138760878	-0.051461399709359854	0.00910936324928895	-0.004902431990771893	-0.15449728867803972	0.041419047672899785	0.09311228095967793	0.12414405346873922	0.015182272082148248	-0.0878423079315356	0.08406511696286705	0.17460461066095187	0.2573861612317714	1.0	-0.0322814120361208	-0.002606714126581133	0.0017924693668681547	0.020497480930274637	0.0015889081769399098	0.13339477865547833	0.12642846237793395	0.018371397391024082	-0.01747798994633901	-0.042696959587449325	-0.17584859571051337	0.030845174751627076	-0.10073451662699108	-0.015962589976873186	0.09556632419381288	0.06612911433918948	-0.0016002171319359235	0.14928386042487743	0.038942386528772806	-0.28582818304674557	-0.16495807204935228	-0.12893905038704898	-0.12081922069991123	-0.040310770083290454	0.02988391357696592	0.07292579629179366	-0.006847572250086231	0.05797535778706368	-0.20218715189622902	-0.05501241157810813	-0.21478532776178816	-0.13208293987594077	-0.15744892593199925	-0.051133440014475465	-0.058099756292019834	-0.054107695178427034	-0.15653290057732216	0.07326506494167406	0.19388637892915506	0.18837891784609642	0.15196408275893267	0.11150064178319602	-0.10703360455977065	0.2684802460828607	0.03366110454563446	0.10735025529965904	0.10368615388095064	0.019140406330753007	0.02040700929030653	0.017749404866243334	0.004009024546086819	-0.01134853633849964	-0.03091302848160316	0.06275904575037744	-0.04835143708545612	-0.12326195497905017	-0.10971382689382587	0.015589394462004738	0.08973090341586985	0.008204646849607863	-0.11049414478855081	-0.1438329441167989	-0.029951767306942004	-0.2094814278686578	-0.22192127836427275	0.07318590225670198	0.025303786803580416	0.0416791536378081	-0.010330730388858417
RutR	0.12313755647409401	0.13667437560432227	0.2946944037636202	0.082368773713465	0.1976522609428276	0.04996861764988606	-0.09653889432347004	-0.0629739158953017	0.19040322079038285	0.06116448309593952	-0.057907504057087604	0.1369344815692306	0.04247078048752905	-0.003217397696365867	-0.18283752989804977	0.036567505979609956	-0.03234926576609688	-0.1639741929646991	-0.0322814120361208	1.0	0.19885101017240503	0.23280049307043782	0.13821239348378014	0.152258115588829	-0.11869313716066067	0.07250736495694116	0.03265460755098925	0.06861708443831248	0.032598062776009185	-0.03170465533132411	0.03888584175379274	0.0825270990834092	-0.027825683767691445	0.18805095815121203	0.11820685209583208	0.07224725899203284	0.09679900028837836	0.12451724898360766	-0.03972270442349775	0.09903817337758905	-0.06385601438499075	0.20034379223187881	0.11751700584107526	0.017376209351374888	0.011054503508603288	0.10094938677191534	-0.05672006378250618	0.009776591594053752	0.06699990387388254	0.03946259845858943	0.03734782387433489	-0.04285528495739351	0.14777976941040763	0.21472878298680811	0.02418420025897507	-0.03740436864931496	-0.06566544718435292	-0.12267388931925745	-0.037890653714143546	0.06800640086852774	0.06126626369090364	-0.1245398668935997	0.10309808822115793	0.15093496785429542	0.22567585142294927	-0.0979977495179558	-0.0672147740188068	0.11243928504786516	-0.1867730462366625	0.07776602903008747	0.14055334716795495	0.08787623479652362	0.10011252410221033	0.09347416751955036	0.06195610994566047	-0.01616615116680143	-0.06419528303487117	0.00813679311963178	0.16136182436061997	0.22923817224669354	0.043748692402078584	0.3291867165014617	0.1535021006383905	-0.01417577508750304	-0.08396333636790293	0.09371165557446665	-0.07167050228723615	-0.18822059247615225
HypR	0.2316243617508524	0.1829393104930139	0.2739537803009313	0.18193281349836868	0.059422904026553425	0.2910981560748879	0.0894255616309775	0.15940537514630962	0.0966746017834222	0.2905440172800832	-0.006236888680301497	0.19239359686968124	0.14509954707635242	-0.18781347009629576	0.06607256956420941	-0.12891643247705695	0.06283820843534953	-0.0731293574817219	-0.002606714126581133	0.19885101017240503	1.0	0.28144030850829227	0.133123363735574	0.06867362921329255	-0.07783388276006356	0.02211466149470458	-0.09748884654313518	-0.08173547223368825	-0.01071523485872288	-0.09678769133338234	0.1625492646352014	0.0014984365369718011	0.060214530876274375	-0.06001096968634613	0.09275039439980548	-0.03925903726866119	-0.20801126371917603	-0.10071189871699905	0.011337227383503626	0.11804852672588789	0.016810761601574208	0.20110149221661172	0.025122843523644196	-0.009346851304205235	-0.019773707810529766	-0.16327303775494625	-0.10617412398007361	0.027181073332918672	0.023189012219325872	-0.018201763066083877	-0.11666883421637424	-0.1881866656111642	-0.010579527398770716	-0.11619385810654166	-0.17082741969228332	-0.22099394405459963	0.14223838146236098	-0.0430136103273377	-0.16010653035606245	0.1786305986395327	0.019004698870800845	0.024613940548823585	-0.08364668562801454	-0.12219891320942489	-0.11723428196617491	-0.15084449621432733	0.07325375598667805	-0.09225280037998089	-0.039813176063465856	-0.104828358335548	0.0542434026383792	-0.038320394003992064	0.02400325697903885	-0.03142193145642377	-0.06342627409514223	0.02557520172348474	-0.06470418600969177	0.029872604621969907	0.2648726894391324	0.132286501065869	0.2374371646188034	0.07972247824439782	0.13963732181327784	0.10895612690909297	-0.10869602094418465	0.20055866237680306	0.1523259693188051	0.004687561845847635
VanR	-0.013983522852570809	-0.01128068260852356	0.032451046361061005	0.1559787617825175	0.01509180044218014	0.09524967345392449	-0.10504322848047226	0.0012383305720634885	0.19045976556536293	0.06225014277555682	0.034113462745475005	-0.0034435767962861393	0.03579849703988103	0.14003313523813832	0.09928697038750134	-0.03620561941973752	-0.1059931807001374	0.05753430854221916	0.0017924693668681547	0.23280049307043782	0.28144030850829227	1.0	-0.0052643185506443275	0.004110805141050941	0.02956726283707754	0.08513946768748834	0.05744383690225105	0.05109951314948742	0.016482801906689812	-0.02550734799350866	0.10360699119597853	0.059400286116561396	0.024071110709014933	-0.072382966451985	0.09295395558973372	0.0395983059185416	-0.09403961526935103	-0.014922166117239937	-0.028979197177284834	-0.0024710066666289703	-0.10589140010517328	0.10224991659645691	0.07115029035741953	0.16637169142385397	0.004540545430899458	0.017579770541303132	-0.07485962759611198	0.004551854385895471	0.06981583366788992	0.051303074339415666	0.03271115232596932	-0.001950794736812345	0.06562021136436888	-0.01826961679605996	-0.09832570921284019	-0.04411057896195102	0.13717196962414688	-0.18612843580188973	-0.13256922494076934	0.21737507845587528	-0.04888295797026876	-0.1201293744451544	0.05904970851168498	5.654477498006797e-06	-0.03297125829087763	0.1753849285556768	0.08175809014368027	-0.1292896279919254	0.024580013683835545	-0.03181774488128424	0.04283266704740148	-0.08123787821386365	-0.0520833922341406	-0.08154321999875601	0.041543446177855936	0.18639985072179405	-0.09003624520076223	0.09573595851875308	-0.03308434784083777	-0.02169623015985208	0.054763614568195826	-0.025281168893588387	0.183877953757683	0.1317775980910484	0.07636371861058179	-0.013316294507806007	-0.029929149396949975	-0.009245070709241113
