	IscR	NsrR	Phr	Zur	SahR_SamR	FUR	NagC	ThiR	MntR	ArgR	NrtR	RbkR	KdgR	MetR	BirA	CzrA	HexR	PhrR	AgaR	GulR	XylR	AraR	ModE	NadQ	SiaR	HutC	Irr	PhnF	HypR	SoxR	NagQ	NarP	PdhR	VanR	NiaR	Rex	TrpR	TyrR	HisR	CcpA	PsrA	GguR	NrdR	LldR	NagR	NifA	CueR	AcnR	FruR	FadP	MerR	LiuR	RbsR	FadR	NnrR	GntR	NtrC	HrcA	PurR	NmlR	ZntR	BioQ	DasR	CsoR	PdxR	GlcC	FixJ	PaaR	AmtR	PrpR	PhsR	RutR	HcpR	TtrR	FabR	LexA	FnrN_FixK	PhnR	LtbR	QorR	CblR	LiuQ	MetJ	NorR	ExuR_UxuR	SdaR	CadR-PbrR	NikR
IscR	1.0	0.8615437997117387	0.8484652751828324	0.8607270592003416	0.8513372124059146	0.8721133828004057	0.8504724283350238	0.8536699941280094	0.8486094058613143	0.8499012437943736	0.8505952063203972	0.8208081994341536	0.8179522767309026	0.8246890514066086	0.7972828698019537	0.8082261250200181	0.5774995996370043	0.6490417978967598	0.717914909517963	0.7100891474937276	0.6958255484973043	0.6823199701062297	0.6908717236961511	0.7179362622110713	0.6497624512891689	0.6368333956120216	0.6774302033844019	0.689280948059574	0.2802540970479902	0.2077029840388619	0.060695030160679016	0.14533176746917206	0.1641755191373512	0.14868947846047081	0.43062510009074895	0.537975764693322	0.4474883894731223	0.3091122617840175	0.3429989857470773	0.4507660278652645	0.46026797629851063	0.32223882987241764	0.45055783910745745	0.33637965088346766	0.36676987135002403	-0.7207441413548283	-0.7889339667965622	-0.7914375700635242	-0.7683072652538301	-0.7651203758073987	-0.698062243100411	-0.7790423317140874	-0.7437836972188118	-0.7264132813751134	-0.8460577590348582	-0.7554262531361768	-0.8227299418139112	-0.5726792291677788	-0.5886990871723696	-0.5289115464687983	-0.5058559760849837	-0.6276357230555704	-0.5553355041904661	-0.5451662840975818	-0.5847968825068062	-0.5613676399935942	-0.6331927614370363	-0.6026744248118294	-0.08457801740244489	-0.15034965034965034	-0.31371910532215874	-0.256867559920995	-0.21812309827577003	-0.2477232690973149	-0.4437196391394865	-0.271873165002936	-0.4339294293492767	-0.42227085891208027	-0.40823146319329523	-0.35499386110073133	0.12363743127101906	0.016575028025409704	-0.2620349116532323	-0.19669033256819515	-0.06640687556718092	-0.03723375860780441	-0.005759888965995837	-0.10190572785992634
NsrR	0.8615437997117387	1.0	0.9492393103080126	0.9128222922116052	0.9402177974697059	0.9089734692788128	0.9329578818128437	0.9220733465008274	0.9115037634121603	0.9352052527625047	0.944461645225004	0.8919767255645118	0.8814284951689532	0.8790423317140874	0.9004057011690599	0.9088240004270539	0.6482997918112422	0.746911866759195	0.7645171622270859	0.7675599209950354	0.7402551646826456	0.7456947632520151	0.8168205839961565	0.8067474510222602	0.6626434634068222	0.7175999572946138	0.7295574654353281	0.7687770245022153	0.29647146746383385	0.20565312550045375	0.20652858591789888	0.16467730742539902	0.17754230502322105	0.16244595099556933	0.4738749799818502	0.6373245075535152	0.5888378796775743	0.4466449580953398	0.4405007206533924	0.4904126407943202	0.508936102065873	0.3900389686649229	0.5045000800725992	0.33787967757433407	0.34811295574654355	-0.7954785672342924	-0.856461858751935	-0.8735813804516095	-0.8287780921368708	-0.8400309614050072	-0.8105108631826189	-0.820418512784925	-0.8313244007900497	-0.7992152885282656	-0.8502428868841082	-0.8221107137137671	-0.8339881492553248	-0.5906635349383441	-0.6409224363422836	-0.6323279773661453	-0.5422356269684514	-0.6721080446271286	-0.6519511023327818	-0.6296055089948219	-0.715518069716543	-0.6595046175198847	-0.7632306624673036	-0.7021886510436128	-0.18333422302887953	-0.18780761223509315	-0.28620616025196177	-0.3238135909891635	-0.34730689158170075	-0.3461912133667859	-0.36444776597448353	-0.3803928895531949	-0.47404046335344047	-0.5413281375113436	-0.4532109112261784	-0.41828858164736027	0.027769177387497998	-0.008183419633801313	-0.18489296962579405	-0.1646506165590135	-0.04476058292852186	0.03205039235573587	-0.009912987775583195	0.02818021672983505
Phr	0.8484652751828324	0.9492393103080126	1.0	0.9245449207281269	0.9229594832648268	0.9077990711578497	0.9412534030854641	0.9231196284631399	0.9212619441627076	0.9183953451129023	0.954161106069503	0.8801900389686649	0.8803822132066407	0.8869001227779854	0.9030534351145039	0.8897720600010677	0.6843057705653125	0.7293332621576897	0.7615064324987989	0.7449634335130518	0.7514866812576736	0.7301500026690866	0.7892916244061282	0.8098756205626435	0.6773234399188598	0.6630598409224363	0.7227299418139113	0.75717183579779	0.29887898361180804	0.2388512251107671	0.12615704905781241	0.19665830352853253	0.17966689798750868	0.15477499599637004	0.4356429829712272	0.6457107777718465	0.5524422142742753	0.42221213900603216	0.4572999519564405	0.4868467410452143	0.5627128596594245	0.4120055517002082	0.48002989377035177	0.32078684674104524	0.30736667912240434	-0.795350451075642	-0.8570917631986334	-0.8379971173864303	-0.8243901137030908	-0.8379757646933219	-0.8208348903005391	-0.7817701382586879	-0.8067954945817541	-0.790759622057332	-0.8605775903485827	-0.81812309827577	-0.8329205145999039	-0.5903592590615492	-0.6022527091229382	-0.6051726899055143	-0.5223776223776224	-0.6701222441680457	-0.6422035979287888	-0.6438103880851972	-0.6785298670794854	-0.7051833662520686	-0.7196925212192388	-0.7162013558960124	-0.2244915389953558	-0.2240377942668019	-0.3141995409170982	-0.3526877702450222	-0.3361074040463353	-0.3745422516414883	-0.31509635402765174	-0.36987135002402177	-0.5259862275129451	-0.5413601665510063	-0.46352960017082157	-0.44499546255271444	0.02646666310788448	0.05165750280254097	-0.2107243901137031	-0.2172796668979875	-0.061848075588533606	-0.02099503549885229	0.01080446271285966	0.05877328778092137
Zur	0.8607270592003416	0.9128222922116052	0.9245449207281269	1.0	0.9045854908450328	0.9257993914482464	0.9185981956974323	0.9273367853520526	0.9202476912400577	0.9138258687877009	0.9340148401217103	0.8832808412961085	0.8816366839267603	0.9059787540703571	0.8614797416324134	0.8520204985853841	0.6729247851385256	0.7415843698286446	0.7706347088026477	0.7670100891474937	0.7425452410185235	0.7381412480649122	0.7866545668072386	0.7822025302941333	0.6630064591896653	0.6685314685314685	0.7016815245822879	0.7306411146105802	0.3280467623979074	0.2962846313991352	0.14016441573693483	0.12955746543532803	0.16702076549404793	0.17382693642235628	0.42082421395398495	0.60975284257727	0.478353707361341	0.39527571664976247	0.48454065018950515	0.5454545454545454	0.5720546628943576	0.3774995996370042	0.4397960817808146	0.2463246676987135	0.32195590668873114	-0.8061335610953931	-0.8434207014359686	-0.8483745262371216	-0.8775049378102813	-0.8347194789942881	-0.8144397587145679	-0.7855228740724924	-0.7709229701596114	-0.7647200128116158	-0.8759408530400897	-0.8132119788608339	-0.8140927774515561	-0.5543105749212619	-0.5782789729354615	-0.572177440879731	-0.5670634708802648	-0.6897667218277905	-0.66712752895959	-0.613425505791918	-0.6593978540543426	-0.6656381786152779	-0.6912827630384882	-0.6982490791651097	-0.17558319543052367	-0.18374526237121658	-0.37099770458549086	-0.32188651043612876	-0.2485239950888806	-0.36118614210217265	-0.3145785512197726	-0.3497250840762291	-0.4712806277691774	-0.5354454705599744	-0.45286926813644374	-0.40877061869428283	0.09571878503176214	0.10329899108525063	-0.1940586131425826	-0.18678802113916618	-0.08905674478193562	-0.01116745849570277	-0.055468958522393634	0.05010409437890354
SahR_SamR	0.8513372124059146	0.9402177974697059	0.9229594832648268	0.9045854908450328	1.0	0.9330753216249399	0.9401804302567661	0.9437623445257033	0.9257566860620295	0.9499386110073132	0.9399722414989591	0.899028452463567	0.9058826669513692	0.9158703891528319	0.9118560828484492	0.885554903112155	0.6158810654993861	0.7342924251321198	0.8169540383280841	0.7882827096567555	0.787957081086852	0.7528639299631666	0.7910532215875727	0.7734692788127903	0.6610793786366306	0.6856082848449261	0.7164308973469279	0.7660492179576149	0.2745529279880425	0.23062510009074894	0.16339614583889392	0.1508621149842524	0.20204985853840815	0.14717343724977314	0.4743447392302354	0.6300325628569904	0.5393797042652004	0.41355896012384563	0.44755778572572463	0.5195804195804196	0.5334756846207228	0.3744194736561149	0.4449260663001121	0.28083595793519456	0.32005017882880477	-0.7828858164736028	-0.8264079432018363	-0.8587732877809213	-0.8710404099717077	-0.8798056904927134	-0.8438157262584743	-0.7926119681844873	-0.7640847701916404	-0.78106549938611	-0.8703037420594673	-0.8503710030427588	-0.822051993807719	-0.6177921315325895	-0.6433299524902578	-0.6356483211445043	-0.5427214007366679	-0.6981796829125073	-0.5943095072866065	-0.6168686275556504	-0.6925052047189452	-0.6561735973949714	-0.7592323706827524	-0.722463033150056	-0.19387711525116105	-0.19268136443708964	-0.3041050552500934	-0.343490097688571	-0.28829338600330967	-0.30346981263011796	-0.3654513425505792	-0.35380878663321413	-0.4540383280841296	-0.5510222601825655	-0.44021245929642877	-0.45124112528692684	0.08948913681738109	0.030646452783857366	-0.16946031068168474	-0.22830833288848557	-0.05971280627769177	0.0050178828804783	-0.05320023487962419	0.06483211445043506
FUR	0.8721133828004057	0.9089734692788128	0.9077990711578497	0.9257993914482464	0.9330753216249399	1.0	0.9517909571344686	0.952271392729408	0.9490684887631452	0.952426199754444	0.9509582021032402	0.8902418192494529	0.9455666470933647	0.9273741525649922	0.8995996370042172	0.8633214114130144	0.6222601825655261	0.75477499599637	0.8122777985373405	0.7936956173597395	0.7976458655847969	0.7449580953397748	0.7572519083969466	0.7901670848235733	0.6632573533336892	0.6440399295361128	0.7019270805530348	0.7083969465648855	0.3039769390914429	0.30987028238936637	0.11553942240965141	0.09843591522980837	0.20904286553141516	0.11877969358885389	0.4117012758234132	0.6255645118240538	0.4867453157529493	0.37578070784177653	0.4711952169967437	0.596733037954412	0.5729407996583569	0.33113222655207386	0.4512304489403726	0.2759622057331981	0.2936742646666311	-0.7915069663161266	-0.8169166711151444	-0.8461805370202317	-0.8724283350237548	-0.858191426893717	-0.8357283937436609	-0.7819569743233865	-0.7656755458282176	-0.7630011210163882	-0.9006459189665297	-0.8572305557038381	-0.8316340148401217	-0.6014306304382641	-0.5868894464314311	-0.6059574013772487	-0.5754817701382587	-0.6938397480382213	-0.6439064752041851	-0.6407569529706935	-0.6525062723536006	-0.6781882239897508	-0.7388885923237068	-0.708631826189078	-0.20065659531308386	-0.21882239897507072	-0.3658837345860247	-0.30200715315219134	-0.25058452997384295	-0.2934714140821011	-0.375241552340789	-0.3357017028772754	-0.48018470079538783	-0.5243634228367052	-0.45725724657022365	-0.45456680723856296	0.11028665990498052	0.12820690759622058	-0.16014519831313725	-0.19795014146159184	-0.0856509902311429	0.002386163454865745	-0.06737842310361394	-0.01864623925692628
NagC	0.8504724283350238	0.9329578818128437	0.9412534030854641	0.9185981956974323	0.9401804302567661	0.9517909571344686	1.0	0.9578551219772594	0.9538194629797683	0.9381946297976832	0.9683553088133241	0.8937116318795708	0.944461645225004	0.9249933272834037	0.9240057652271393	0.8604921795761491	0.6204505418245876	0.759979714941547	0.808375593871777	0.7815405968077723	0.7746490151070303	0.733128703357711	0.7553728714034058	0.7878449794480329	0.6718571504831047	0.645689425078738	0.7161533123365185	0.7231569956760796	0.25901884375166817	0.2787914375700635	0.1110820477232691	0.08932365344579085	0.18603000053381732	0.09980248758874713	0.43831206960977953	0.6425132119788608	0.5093311268883788	0.3949394117333049	0.49187530027224685	0.5648694816633748	0.574526237121657	0.3688517589280948	0.4468051032936529	0.2691773874979982	0.3029466716489617	-0.7634121603587253	-0.8138045160945925	-0.8348956387124326	-0.8433513051833662	-0.8304115731596647	-0.8187583408957455	-0.7815939785405435	-0.7675012010889873	-0.7882133134041531	-0.8698980408904073	-0.8612715528746063	-0.8485506859552661	-0.6487054929803021	-0.6095286392996316	-0.5957775049378102	-0.5345219665830353	-0.6936635883200769	-0.6444189398387872	-0.6393476752255378	-0.6851225110767095	-0.6626060961938824	-0.7416217370415844	-0.7093204505418246	-0.22365878396412747	-0.20761223509315113	-0.31944162707521484	-0.30879730956066836	-0.2984252388832542	-0.33135642982971225	-0.37124326055623763	-0.3275556504564138	-0.5062937062937063	-0.5275930176693535	-0.508065979821705	-0.46984999733091337	0.06293172476378583	0.09103720706774142	-0.20179362622110714	-0.2648321144504351	-0.09121870495916297	-0.026050285592270326	-0.1081620669406929	-0.0226338546949234
ThiR	0.8536699941280094	0.9220733465008274	0.9231196284631399	0.9273367853520526	0.9437623445257033	0.952271392729408	0.9578551219772594	1.0	0.9466129290556772	0.9406875567180911	0.9505738536272887	0.9074574280681151	0.9306731436502429	0.9251588106549938	0.8951262477980035	0.8603320343778359	0.6272033310201249	0.7552661079378636	0.7899642342390434	0.7700688624352746	0.7711952169967438	0.7318422035979288	0.7621843805049912	0.7722361607857791	0.6360700368333956	0.6412907702984039	0.6805210057118454	0.7399348742860193	0.2820423850958202	0.30517802807879146	0.13686008647840708	0.11381519244114664	0.1799071157849784	0.12197192120856243	0.43363049164575884	0.6385736401003577	0.5090535418779694	0.38629157102439543	0.4747717930924038	0.5583035285325362	0.570442534564672	0.35113436182138474	0.4248438584316447	0.2710617626648161	0.3012384562002883	-0.7681791490951796	-0.8296535525543159	-0.8492980302140607	-0.8796081780814605	-0.8533123365184434	-0.8357017028772754	-0.7704905781241659	-0.7662040249826509	-0.7657609566006512	-0.8825655260769765	-0.8469065285859179	-0.8385576255805264	-0.6484866278759408	-0.6112955746543532	-0.5811402338119895	-0.5465275182832434	-0.6834516628409758	-0.6423317140874393	-0.6401644157369348	-0.6804836384989057	-0.6590028292318368	-0.7316767202263386	-0.7011210163881919	-0.19899108525062723	-0.21043612875673945	-0.3421075108098009	-0.32568728980942724	-0.31052687770245024	-0.31024929269204077	-0.3417872204131746	-0.34378369721881175	-0.5050178828804783	-0.5145038167938931	-0.4748999092510543	-0.4447605829285219	0.11542198259755512	0.109443228527198	-0.16972721934553994	-0.24649015107030375	-0.11299311375647253	0.009122938130571719	-0.08159931671382054	0.05513265360593605
MntR	0.8486094058613143	0.9115037634121603	0.9212619441627076	0.9202476912400577	0.9257566860620295	0.9490684887631452	0.9538194629797683	0.9466129290556772	1.0	0.9454652218010997	0.9609779533443655	0.8800512464634602	0.930625100090749	0.910975284257727	0.8937169700528479	0.8396946564885496	0.6647413655047243	0.7668019003896867	0.7664602572999519	0.7667058132706988	0.7789302300752683	0.7391715155073934	0.7601024929269204	0.7678214914856136	0.6590562109646079	0.6383761276891048	0.6879784337799605	0.7030214060748412	0.2457321304649549	0.2598676133027278	0.12565526076976458	0.18247477713126567	0.24755244755244754	0.0612608765280521	0.3888005124646346	0.6775369668499439	0.5414135482837773	0.4316607057065072	0.5169433619815299	0.5777665083008594	0.6167992313030481	0.3288848556024129	0.43953451129023646	0.30042171568889126	0.2714461111407676	-0.7620135589601238	-0.7937116318795708	-0.8526237121656969	-0.8810441466930017	-0.8443015000266909	-0.8243420701435968	-0.7612288474883895	-0.7585330699834517	-0.7726792291677788	-0.8531682058399616	-0.8352479581487215	-0.8180323493300593	-0.5952703784764853	-0.5825388352105909	-0.6002615704905782	-0.5515827683766615	-0.6987935728393744	-0.6597608498371857	-0.619446965248492	-0.67948006192281	-0.6939198206373779	-0.7306197619174718	-0.7029520098222388	-0.20807131799498213	-0.2368921155180697	-0.33036352960017085	-0.33577109912987774	-0.3126141034537981	-0.31431164255591737	-0.34777131265680883	-0.33226925746009717	-0.5283777291410879	-0.5474990658196766	-0.4613409491272087	-0.4431911599850531	0.04216623071584904	0.09120802861260877	-0.18031281695403834	-0.2610473495969679	-0.09075428388405488	0.007393369988789836	-0.09219025249559601	0.04126407943201836
ArgR	0.8499012437943736	0.9352052527625047	0.9183953451129023	0.9138258687877009	0.9499386110073132	0.952426199754444	0.9381946297976832	0.9406875567180911	0.9454652218010997	1.0	0.9568728980942721	0.9076496023060908	0.922922116051887	0.9160412106976993	0.9050712646132494	0.8872257513478887	0.6605722521753056	0.7745689425078738	0.7930763892595953	0.7923130304809695	0.7836598515987829	0.7254630865317888	0.7845353120162281	0.7882506806170928	0.6468371323333155	0.6653072118720974	0.6913788501574761	0.705669140020285	0.2985053114824107	0.27765974483531736	0.1649975978220253	0.15726792291677788	0.21001441306784818	0.11279560134521967	0.40332568195163615	0.6473335824480863	0.5540810334703464	0.44721614263598997	0.4805103293652912	0.5658570437196392	0.5489937543372658	0.34186729301233115	0.46477339454438693	0.27809213687076284	0.3036192814818769	-0.7864890834356483	-0.821694336198153	-0.86375380344846	-0.8681311055356857	-0.8861421021726366	-0.845171622270859	-0.7551913735119842	-0.756712752895959	-0.7806224310041104	-0.8652271392729408	-0.8468424705065927	-0.8281161586505098	-0.6060641648427908	-0.5907542838840549	-0.6368761009982384	-0.5575028025409705	-0.6849997330913361	-0.6658570437196392	-0.6269364223562697	-0.6992099503549886	-0.6745315752949341	-0.7519564405060588	-0.7203491165323226	-0.18983611808039288	-0.23678535205252763	-0.32045587999786473	-0.32961618534137616	-0.30367800138792506	-0.32294880691827255	-0.3396466129290557	-0.3147120055517002	-0.47612235093151123	-0.5685955266107938	-0.45559707468104416	-0.456456520578658	0.03785298670794854	0.06567554582821758	-0.1589280948059574	-0.19493941173330487	-0.0697752629050339	0.05634975711311589	-0.07415790316553675	0.029039662627448885
NrtR	0.8505952063203972	0.944461645225004	0.954161106069503	0.9340148401217103	0.9399722414989591	0.9509582021032402	0.9683553088133241	0.9505738536272887	0.9609779533443655	0.9568728980942721	1.0	0.898158330219399	0.9313350771366039	0.9241178668659584	0.9136016655100625	0.8700688624352747	0.6634548657449421	0.7599957294613783	0.7669513692414456	0.8012704852399509	0.7732931190946458	0.7477873271766402	0.7778625954198474	0.7959750173490632	0.6762558052634389	0.660540223135643	0.7094805957401378	0.732925852773181	0.2854321251267816	0.2580526343885122	0.14849196604921797	0.16551540062990444	0.21390060321358031	0.1150429722948807	0.4254417338386804	0.674883894731223	0.5436128756739443	0.4376928415096354	0.48959590028292316	0.5583035285325362	0.5655847968825068	0.3701062296482144	0.4527091229381306	0.2987882346660973	0.30586665243153793	-0.7861634548657449	-0.8357070410505525	-0.8648694816633747	-0.8569956760796456	-0.8588960657662947	-0.8352266054556131	-0.7846954572145411	-0.7902151283830673	-0.8089521165857043	-0.8706774141888646	-0.838594992793466	-0.8447765974483532	-0.6125500453744729	-0.5967063470880265	-0.629760316019858	-0.5455132653605936	-0.6996583569102653	-0.6857630918699621	-0.6308172743287247	-0.6746970586665243	-0.6929375967543906	-0.7513852559654086	-0.7099556931618001	-0.2222868734319116	-0.2582341322799338	-0.2950034698126301	-0.3299791811242193	-0.28584850264239575	-0.3130838627021833	-0.3715368600864784	-0.3385736401003577	-0.49994661826722897	-0.5505578391074575	-0.48381465862381895	-0.43915550098756206	0.02499332728340362	0.0954465381946298	-0.19469385576255804	-0.23013932632253242	-0.05052047189451769	0.026552073880318154	-0.0478460470826883	0.0325521806437837
RbkR	0.8208081994341536	0.8919767255645118	0.8801900389686649	0.8832808412961085	0.899028452463567	0.8902418192494529	0.8937116318795708	0.9074574280681151	0.8800512464634602	0.9076496023060908	0.898158330219399	1.0	0.8697165429989857	0.8909678108151391	0.8478407089094112	0.8155500987562057	0.6129343938504244	0.6889286286232851	0.7666150643249879	0.7594245449207281	0.7140821011050019	0.6973148988416163	0.7605135322692574	0.7610847168099076	0.585245289062083	0.6099610313350772	0.683051299845193	0.7112155020551967	0.3031548604067688	0.27732343991885977	0.17587145678748733	0.13101478673997757	0.20006939625260237	0.14871083115357925	0.39324721080446273	0.6282069075962206	0.46804569476325203	0.4278972935461485	0.4032456093524796	0.5854374633000587	0.4970853573907009	0.34520365131052155	0.44357550846100463	0.2800619228100144	0.33437249773127636	-0.7545614690652859	-0.7987935728393744	-0.8393103080125981	-0.8345379811028666	-0.8445203651310521	-0.7911493087065606	-0.7442267656008114	-0.7368494101318529	-0.784327123258421	-0.8395505258100678	-0.786627875940853	-0.80398227726472	-0.558346233918753	-0.5913414829445364	-0.608065979821705	-0.5421715688891261	-0.6702290076335878	-0.5789088773821598	-0.6053274969305503	-0.6389740030961405	-0.6541130625100091	-0.6982490791651097	-0.6926439972241499	-0.12674958629157101	-0.18709229701596114	-0.29306037473976404	-0.2674478193562163	-0.23777825228206909	-0.2874552927988043	-0.36631078844819304	-0.2699941280093952	-0.4074841189345006	-0.49189131479207815	-0.4238242673357177	-0.4128383067314365	0.1252068542144878	0.06372711258207442	-0.1769924731756793	-0.222868734319116	-0.037159024181924946	0.008306197619174718	-0.03567501201088987	0.029893770351785618
KdgR	0.8179522767309026	0.8814284951689532	0.8803822132066407	0.8816366839267603	0.9058826669513692	0.9455666470933647	0.944461645225004	0.9306731436502429	0.930625100090749	0.922922116051887	0.9313350771366039	0.8697165429989857	1.0	0.9269737895692094	0.8771739710671008	0.8148454598836278	0.6155607751027599	0.7338493567501201	0.793257887151017	0.7915923770885603	0.7645491912667485	0.7014092777451556	0.7403726044947418	0.7615064324987989	0.6748518656915603	0.5675812736881439	0.6992099503549886	0.6543586184807559	0.26421288635029094	0.31300912827630384	0.08523995088880586	0.09879891101265147	0.23985480168686277	0.12851652164629263	0.3441520311749319	0.5676506699407463	0.4449100517802808	0.41091656435167884	0.4947632520151604	0.5865584796882507	0.5548177013825869	0.3580472962152351	0.4279133080659798	0.2945123578711365	0.24975177494261463	-0.7194309507286607	-0.7792718731650029	-0.8222548443922489	-0.8271019057278599	-0.8473495969679176	-0.8055356856883574	-0.7570757486788021	-0.710671008380932	-0.80438797843378	-0.8448940372604494	-0.8594992793466076	-0.8390914429082368	-0.6821384722148081	-0.5685955266107938	-0.6025089414402391	-0.5621576896386057	-0.6971974590295201	-0.5715261837399241	-0.6174504884428549	-0.6443762344525703	-0.6579085037100304	-0.7133507713660385	-0.7195910959269738	-0.23567501201088986	-0.22034377835904553	-0.3408690546095126	-0.29879357283937436	-0.23658250146799764	-0.27824160572252177	-0.40097154753643305	-0.31363369454972506	-0.45955266107937864	-0.5240271179202477	-0.4630011210163882	-0.4728820797523088	0.06513639032723002	0.1457321304649549	-0.15897080019217424	-0.25020551967116855	-0.08002989377035179	-0.056002775850104096	-0.1554155767896226	-0.03148454598836278
MetR	0.8246890514066086	0.8790423317140874	0.8869001227779854	0.9059787540703571	0.9158703891528319	0.9273741525649922	0.9249933272834037	0.9251588106549938	0.910975284257727	0.9160412106976993	0.9241178668659584	0.8909678108151391	0.9269737895692094	1.0	0.8562963753803449	0.8155127315432659	0.6106389793412694	0.7060054449367427	0.7840922436342284	0.7874072492393103	0.7452677093898468	0.709496610259969	0.737516681791491	0.7681204291891315	0.6789462445950996	0.6115464687983772	0.715518069716543	0.7039502482250574	0.27188384134949023	0.3173810921902525	0.11723162333849357	0.06865424651684193	0.16619334863609672	0.151454652218011	0.30237014893503444	0.5197352266054556	0.4447018630224737	0.4031335077136604	0.45478033416964714	0.5479581487215075	0.5071264613249346	0.4160572252175306	0.3937276463994021	0.25119841990070996	0.3284364490471361	-0.737981102866599	-0.780702503603267	-0.8348422569796615	-0.8471894517696045	-0.8507339988256019	-0.7919713873912347	-0.7862969091976726	-0.7163721774408798	-0.8038701756259008	-0.8562963753803449	-0.8632947205466289	-0.839614583889393	-0.6621416751187743	-0.5938344098649442	-0.5516841936689265	-0.5284578017402445	-0.6436876100998239	-0.5962579405327497	-0.601174398120963	-0.6621950568515454	-0.6857257246570224	-0.7215822345593338	-0.6917098169006566	-0.19214754710937917	-0.2690813003790103	-0.34196338013131905	-0.31240591469599105	-0.1820263705759889	-0.2977419527037848	-0.3922756632680297	-0.3401857684300432	-0.42942934927667753	-0.5123632093097742	-0.4389526504030321	-0.44862542038114556	0.12037046922543106	0.156814178188224	-0.1835477499599637	-0.21544333529066353	-0.12015160412106977	-0.02178508514386377	-0.05855976084983719	0.009752842577270058
BirA	0.7972828698019537	0.9004057011690599	0.9030534351145039	0.8614797416324134	0.9118560828484492	0.8995996370042172	0.9240057652271393	0.8951262477980035	0.8937169700528479	0.9050712646132494	0.9136016655100625	0.8478407089094112	0.8771739710671008	0.8562963753803449	1.0	0.897854054342604	0.5952330112635457	0.7387658143383334	0.7249185928575241	0.7254363956654033	0.7804195804195804	0.7561575828751401	0.7335557572198793	0.7986067367746758	0.626028932899162	0.6157636256872898	0.6874286019324187	0.6683553088133241	0.3204291891314792	0.24272140073666792	0.12547910105162013	0.16800298937703517	0.16892115518069717	0.1292958949447499	0.4562483318208509	0.6570650723322479	0.5415256499225964	0.4446484812897027	0.46712752895959003	0.5676613462873005	0.6103293652911973	0.26872364276944427	0.415315219132013	0.2326482677627716	0.2643143116425559	-0.786013986013986	-0.7919286820050179	-0.8063951315859713	-0.8078524528906208	-0.8466502962686169	-0.862734212352533	-0.7030107297282869	-0.7711258207441414	-0.6824480862648802	-0.8085357390700902	-0.760492179576149	-0.7433940105695831	-0.5521859819569743	-0.5707201195750814	-0.6400790049645011	-0.539358351572092	-0.6747184113596327	-0.653904873752202	-0.6635936582501468	-0.6513799177921316	-0.6991245395825548	-0.720423850958202	-0.7427374152564993	-0.23584049538248011	-0.18176480008541077	-0.25829285218598197	-0.30138258687877006	-0.37892489190199113	-0.3872631185608285	-0.30447338920621364	-0.31733304863075856	-0.44591362835637643	-0.5700101425292265	-0.43946511503763414	-0.40659264399722417	0.07849783803982277	0.006491218704959163	-0.1507767042118187	-0.2005925372337586	-0.040671542198259754	0.003651310521539529	-0.13305396893183152	0.026455986761330274
CzrA	0.8082261250200181	0.9088240004270539	0.8897720600010677	0.8520204985853841	0.885554903112155	0.8633214114130144	0.8604921795761491	0.8603320343778359	0.8396946564885496	0.8872257513478887	0.8700688624352747	0.8155500987562057	0.8148454598836278	0.8155127315432659	0.897854054342604	1.0	0.6563497571131159	0.6997757967223616	0.7077830566380184	0.732819089307639	0.7493781028132173	0.7367746757059734	0.8133828004057012	0.7707147814018043	0.6116532322639193	0.727411519777932	0.7019110660332034	0.7300752682432071	0.31919073293119093	0.1773821598249079	0.1984786206160252	0.15786046015053648	0.16130358191426894	0.24729087706186942	0.4563711098062243	0.5779907115784978	0.5662147013292052	0.39180056584636735	0.4166817914909518	0.4589494474990658	0.47446217904233173	0.32677627715795654	0.4938877915977153	0.31861421021726366	0.3656915603480489	-0.8033043292585277	-0.8350397693909144	-0.7848502642395773	-0.7970426520044841	-0.8167832167832167	-0.8320664068755672	-0.7388031815512731	-0.8162493994555063	-0.6725778038755138	-0.8192708055303475	-0.7555810601612128	-0.7808519724550259	-0.5464367693375327	-0.6455239417071478	-0.5962312496663642	-0.520573319809961	-0.6735653659317782	-0.6516841936689265	-0.6875620562643463	-0.6531148241071906	-0.666972721934554	-0.7216516308119362	-0.7206640687556718	-0.15266107937863663	-0.16425025356323067	-0.24857737682165162	-0.31169593765013615	-0.3732771045748145	-0.38943041691133296	-0.2803021406074841	-0.3949821171195217	-0.4387871670314418	-0.5634602039182192	-0.4174611647894091	-0.42245235680350185	0.03994021245929643	-0.025046709016174666	-0.10973148988416163	-0.11952169967437143	-0.06330539689318315	-0.011535792451822987	-0.030988095873592057	0.07929856403138846
HexR	0.5774995996370043	0.6482997918112422	0.6843057705653125	0.6729247851385256	0.6158810654993861	0.6222601825655261	0.6204505418245876	0.6272033310201249	0.6647413655047243	0.6605722521753056	0.6634548657449421	0.6129343938504244	0.6155607751027599	0.6106389793412694	0.5952330112635457	0.6563497571131159	1.0	0.6093257887151017	0.5207014359686115	0.5467303688677735	0.47529493407356005	0.5476165056317728	0.6234185661666578	0.614087439278279	0.47976298510649656	0.6132813751134362	0.5680350184166978	0.5171408743927828	0.23078524528906208	0.15152938664389046	0.23493300592537233	0.2020979020979021	0.30014413067848184	0.07524689051406609	0.13212512678161534	0.5304863075855443	0.5632413388138579	0.40451075641915335	0.4229648214381039	0.40541824587626113	0.41077243367319705	0.4621790423317141	0.410003736721294	0.3552234025516468	0.24805423584049538	-0.6012064271606257	-0.6734425879464048	-0.6109592697378957	-0.6273261090054983	-0.6600117439812097	-0.6199327390167085	-0.5007793732984572	-0.6043559493941173	-0.6042118187156356	-0.6196231249666364	-0.5590989163508248	-0.5948219719212086	-0.46357764373031546	-0.43773554689585226	-0.5327977366145306	-0.46630545027491593	-0.5763518923824267	-0.5770031495222335	-0.5528212245769498	-0.5694870015480703	-0.5031281695403833	-0.48866171995942986	-0.6137404580152672	-0.1569369561735974	-0.22166764533176747	-0.1598889659958362	-0.3492446484812897	-0.30624566273421233	-0.3894677841242727	-0.179581487215075	-0.3338226658837346	-0.4216676453317675	-0.5445790850371003	-0.360796455452944	-0.41430630438264027	-0.17615971814445097	0.030870656061495756	-0.022527091229381305	-0.05296535525543159	-0.10665670207654941	-0.018422035979287887	-0.05770565312550045	0.17098169006565953
PhrR	0.6490417978967598	0.746911866759195	0.7293332621576897	0.7415843698286446	0.7342924251321198	0.75477499599637	0.759979714941547	0.7552661079378636	0.7668019003896867	0.7745689425078738	0.7599957294613783	0.6889286286232851	0.7338493567501201	0.7060054449367427	0.7387658143383334	0.6997757967223616	0.6093257887151017	1.0	0.6783643837078952	0.6192814818769017	0.5886937489990925	0.5985373405220733	0.6540009608711899	0.6562643463406822	0.5034644744568408	0.583003256285699	0.6135589601238456	0.5308920087546042	0.2422516414882827	0.14922329578818128	0.14743500774035126	0.029653552554315912	0.13052367479848395	0.1108631826189078	0.3538728447125394	0.5057278599263332	0.5066300112101639	0.42630651790957136	0.4767522553782096	0.45164148828270967	0.4656114877488923	0.28963326749586293	0.37635723055570386	0.17323439918859765	0.26071638285378745	-0.6564671969252122	-0.6453851492019431	-0.7037634121603588	-0.724144557732344	-0.6519938077189985	-0.6580579725617893	-0.6277851919073293	-0.6448086264880158	-0.5786473068915817	-0.6996530187369882	-0.6672182779053009	-0.6370896279293226	-0.5592163561629211	-0.46634281748785567	-0.5636470399829179	-0.5887844979448033	-0.5638872577803875	-0.5938290716916671	-0.5497944803288315	-0.5795654726952437	-0.589894837986441	-0.5976138365451342	-0.6350771366038541	-0.1720012811615865	-0.13121763732450756	-0.26624673036886776	-0.28466342817487855	-0.226851011583836	-0.31006779480061925	-0.20647520418512785	-0.4043239203544547	-0.410820477232691	-0.5011530454278545	-0.307708322212139	-0.4706026797629851	-0.056862221747717934	-0.0980141995409171	0.02605562376554743	-0.14472855388885925	-0.17262584743500775	0.015400629904446699	-0.17446217904233172	-0.02738482891154647
AgaR	0.717914909517963	0.7645171622270859	0.7615064324987989	0.7706347088026477	0.8169540383280841	0.8122777985373405	0.808375593871777	0.7899642342390434	0.7664602572999519	0.7930763892595953	0.7669513692414456	0.7666150643249879	0.793257887151017	0.7840922436342284	0.7249185928575241	0.7077830566380184	0.5207014359686115	0.6783643837078952	1.0	0.7267068809053542	0.6434046869161373	0.608423637431271	0.6767629317247638	0.7135589601238456	0.5985480168686276	0.5487695510596274	0.6513852559654086	0.5965728927560988	0.22411786686595847	0.22105375540490044	0.09998932365344579	-0.07536433032616238	0.1899535578924892	0.15744942080819943	0.40387017562590083	0.4656702076549405	0.38023274435488175	0.269780601078311	0.3409704799017776	0.45770565312550043	0.39225431057492127	0.3716222708589121	0.37731276357230553	0.2018683606469866	0.3656488549618321	-0.6551273154326589	-0.6844018576843004	-0.6927934660759089	-0.7294400256232317	-0.7069022580472962	-0.6804462712859659	-0.6879730956066834	-0.631137564725351	-0.6630651790957135	-0.7780601078311002	-0.8078311001975124	-0.7665189772060002	-0.6018043025676614	-0.5476004911119415	-0.5419420274382106	-0.48337692841509633	-0.5993754337265788	-0.4508994821971921	-0.5464901510703037	-0.6256552607697646	-0.5620028826135697	-0.6821117813484225	-0.5989056744781935	-0.2595313083862702	-0.1156301713553622	-0.2879410665670208	-0.20294133347568463	-0.16645491912667484	-0.16672716596380718	-0.33130838627021836	-0.35770565312550046	-0.3408690546095126	-0.45594405594405596	-0.33274435488175946	-0.5660171889179523	0.0844872684567341	-0.0021139166177334117	-0.127667752095233	-0.14476058292852187	-0.13927827897293546	-0.07772914108791971	-0.07219879357283937	0.012459296428762078
GulR	0.7100891474937276	0.7675599209950354	0.7449634335130518	0.7670100891474937	0.7882827096567555	0.7936956173597395	0.7815405968077723	0.7700688624352746	0.7667058132706988	0.7923130304809695	0.8012704852399509	0.7594245449207281	0.7915923770885603	0.7874072492393103	0.7254363956654033	0.732819089307639	0.5467303688677735	0.6192814818769017	0.7267068809053542	1.0	0.6371163187957081	0.5867666684460577	0.6863556291037207	0.6824587626114343	0.62490791651097	0.5753910211925479	0.6595526610793786	0.5909090909090909	0.3035765760956601	0.1983878716703144	0.11990604815032296	0.0009395184967704052	0.26493353974270006	0.18861367639993595	0.2913681738109219	0.4628730048577377	0.42948273100944856	0.37637858324881224	0.31113542945604017	0.4210217263652378	0.4458549084503283	0.291117279666898	0.38350504457374684	0.24203277638392143	0.3288154593498105	-0.701889713340095	-0.7001441306784818	-0.6938130571718358	-0.7304382640260503	-0.7307532162493995	-0.6495062189718678	-0.6708055303475151	-0.7092670688090535	-0.6857630918699621	-0.7467517215608819	-0.7324133881385789	-0.7877542305023221	-0.5862755565045641	-0.6141728500507126	-0.5679069022580473	-0.48690546095126247	-0.5368387337852987	-0.5297496396733038	-0.5452250040036299	-0.5711311589174185	-0.5922596487481984	-0.6585544226765601	-0.6434740831687397	-0.1747077350130785	-0.20352319436288901	-0.20682218544813966	-0.16239256926279827	-0.17353333689211553	-0.20352853253616612	-0.3186088720439865	-0.35853306998345164	-0.37098702823893664	-0.4442321037740885	-0.3466769871350024	-0.4996797096033737	0.03377996049751775	0.08707628249612982	-0.016494955426253136	-0.11307852452890621	-0.16862755565045642	-0.06758661186142102	-0.0687343191159985	-0.02510009074894571
XylR	0.6958255484973043	0.7402551646826456	0.7514866812576736	0.7425452410185235	0.787957081086852	0.7976458655847969	0.7746490151070303	0.7711952169967438	0.7789302300752683	0.7836598515987829	0.7732931190946458	0.7140821011050019	0.7645491912667485	0.7452677093898468	0.7804195804195804	0.7493781028132173	0.47529493407356005	0.5886937489990925	0.6434046869161373	0.6371163187957081	1.0	0.637164362355202	0.6646025729995195	0.677232690973149	0.5238296055089948	0.537420594672503	0.6174237975764694	0.5868040356589975	0.24647947472374954	0.20719051940425987	0.04729087706186943	0.1650883467677361	0.16004911119414936	0.0908984145625367	0.3143596861154113	0.5211445043506112	0.39129877755831954	0.34934073560027756	0.45768430043239205	0.5587786259541985	0.5128916884642075	0.2495916297443015	0.29710671008380934	0.07653872844712539	0.21660171889179522	-0.6993700955533017	-0.6948753536539796	-0.6473442587946405	-0.7000480435594939	-0.7659744835317355	-0.7513905941386857	-0.5735173223722843	-0.6150696631612662	-0.5842577270058186	-0.7310735066460258	-0.6342977633053969	-0.6314898841616399	-0.4864570543959857	-0.4535205252762505	-0.5743073720172956	-0.47347461698606735	-0.5669353547216143	-0.553856830192708	-0.5736401003576576	-0.5976298510649656	-0.6582821758394277	-0.6111674584957028	-0.6523621416751187	-0.1606790156408477	-0.21986868093738324	-0.36109005498318475	-0.3718678268296589	-0.33167138205306146	-0.36075908824000424	-0.21852346127155287	-0.30144664495809537	-0.42213206640687556	-0.4628996957241232	-0.3681577964020712	-0.3675972882079752	0.038274702396839805	-0.011242192921582234	-0.03736187476645492	-0.13602733144717877	-0.05318422035979288	0.0655794587092297	0.0007206533924091176	0.030843965195110234
AraR	0.6823199701062297	0.7456947632520151	0.7301500026690866	0.7381412480649122	0.7528639299631666	0.7449580953397748	0.733128703357711	0.7318422035979288	0.7391715155073934	0.7254630865317888	0.7477873271766402	0.6973148988416163	0.7014092777451556	0.709496610259969	0.7561575828751401	0.7367746757059734	0.5476165056317728	0.5985373405220733	0.608423637431271	0.5867666684460577	0.637164362355202	1.0	0.6623979074360754	0.6613623018203171	0.5397266855282122	0.6672609832915176	0.6255858645171622	0.598110286659905	0.2741739176853681	0.2084182992579939	0.2214701329205146	0.1315165750280254	0.0912560721721027	0.16763465542091496	0.40522073346500825	0.5211658570437196	0.47472374953290986	0.37659211017989647	0.35362728874179256	0.42444883360913893	0.446709016174665	0.2848182351999146	0.2700208188757807	0.21053755404900443	0.23830139326322533	-0.6591202690439332	-0.6825068061709283	-0.6894250787380558	-0.6637804943148454	-0.7251908396946565	-0.731543265894411	-0.6858431644691186	-0.6931991672449688	-0.6043559493941173	-0.690759622057332	-0.5899855869321519	-0.6405701169059947	-0.5101265147066674	-0.5435274649015107	-0.4564405060588267	-0.5480435594939411	-0.6429242513211979	-0.511840068328618	-0.5801686862755565	-0.523381198953718	-0.596578230929376	-0.5844285485506859	-0.6090748945710778	-0.1773608071317995	-0.09587893023007527	-0.21899322051993808	-0.2394437623445257	-0.22626915069663162	-0.28221320664068755	-0.23053435114503817	-0.3110927240698233	-0.3564885496183206	-0.4498425238883254	-0.3989377035178562	-0.42906635349383443	0.0046922543105749216	0.004089040730262105	-0.20230075268243208	-0.12948273100944857	-0.11440772967490524	0.03204505418245876	0.05898681471200555	0.015710243954518765
ModE	0.6908717236961511	0.8168205839961565	0.7892916244061282	0.7866545668072386	0.7910532215875727	0.7572519083969466	0.7553728714034058	0.7621843805049912	0.7601024929269204	0.7845353120162281	0.7778625954198474	0.7605135322692574	0.7403726044947418	0.737516681791491	0.7335557572198793	0.8133828004057012	0.6234185661666578	0.6540009608711899	0.6767629317247638	0.6863556291037207	0.6646025729995195	0.6623979074360754	1.0	0.7222014626594779	0.602962686168793	0.6387497998185021	0.6405167351732237	0.6617573266428228	0.25349383440986495	0.1705866652431538	0.3094485667004751	0.233128703357711	0.2373511984199007	0.15510596273955052	0.372689905514333	0.5706026797629851	0.5563604334596701	0.442470506592644	0.4902258047296215	0.5077243367319704	0.4447765974483532	0.3936956173597395	0.43600064058079324	0.2353600597875407	0.2933486360967277	-0.7298564031388459	-0.7375807398708162	-0.7872684567341056	-0.7404206480542358	-0.7677734479261197	-0.7593391341482945	-0.7051993807718998	-0.737981102866599	-0.6683659851598783	-0.6953184220359793	-0.7156675385683019	-0.6671008380932045	-0.5279987188384135	-0.5873058239470453	-0.6225324294026584	-0.5571504831046816	-0.6357977899962632	-0.5589014039395719	-0.6173490631505899	-0.6306464527838573	-0.606533924091176	-0.6904286553141515	-0.6650990231142903	-0.15665403298991085	-0.10924571611594512	-0.22265520738803182	-0.27171301980462287	-0.3164469118667592	-0.27909571344685846	-0.2707788394811296	-0.476111674584957	-0.3389900176159718	-0.4373511984199007	-0.28229861741312123	-0.4138899268670261	-0.03257887151016922	-0.03821598249079165	-0.09258527731810175	-0.06308653178882187	-0.03258954785672343	-0.011861421021726366	0.07199060481503229	0.06347088026477339
