	CueR	FruR	MerR	FadP	AcnR	NifA	FadR	GntR	BioQ	NnrR	NtrC	PurR	LiuR	RbsR	LtbR	ZntR	NmlR	PaaR	RutR	FixJ	GlcC	DasR	PhnR	PdxR	FnrN_FixK	HrcA	FabR	QorR	PrpR	CadR-PbrR	GguR	TtrR	CsoR	HcpR	MetJ	NorR	TyrR	CcpA	HisR	PsrA	NiaR	HutC	PhnF	HexR	HypR	XylR	IscR	MetR	BirA	RbkR	MntR	ThiR	KdgR	NagC	FUR	SahR_SamR	Zur	NsrR	NrtR	ArgR	Phr	NadQ	Rex	PhrR	AraR	CzrA	ModE	Irr	SiaR	AgaR	GulR	AmtR	VanR	CblR	PhsR	LexA	SdaR	SoxR	NarP	TrpR	NrdR	NagQ	NikR	NagR	LiuQ	ExuR_UxuR	LldR	PdhR
CueR	1.0	0.7440331126202283	0.7249209786769654	0.6874770286851644	0.6498973712334112	0.7498006796681953	0.7075051879831045	0.6129962510814189	0.6297448134305149	0.7361281530780148	0.738797066457074	0.5689591803269419	0.6599284143148753	0.6758627319042584	0.45496491396712485	0.42400099518803963	0.565679583378098	0.5369661466432194	0.6145681958258647	0.6217833091133214	0.5888403232099337	0.6898292913243351	0.5953203544226495	0.597355966321932	0.5471781330046197	0.5098020367427948	0.28853102329079283	0.2855567681268412	0.190516310340343	0.3181378674703564	0.20702738463452286	0.22622999021775392	0.3542473607726278	0.32323820617355853	0.31516361230640483	0.3084121661737847	-0.562399986429254	-0.5685972937670695	-0.579849703988103	-0.6084613601280173	-0.5768075950941753	-0.558238290990721	-0.6576892412256645	-0.5565193298313269	-0.524164409587732	-0.7588026078450221	-0.796223939926831	-0.769591350911219	-0.7923788952281864	-0.7711067508806849	-0.7824835596066746	-0.8184234185840057	-0.7434337380054397	-0.8120677858762461	-0.8005552696903042	-0.8267920452810558	-0.8338262152885763	-0.8670632340218603	-0.8409621658910609	-0.8421269882556502	-0.8474535060587727	-0.7035244358245076	-0.6920571554585498	-0.6935951733380077	-0.7159642863201225	-0.81696456338952	-0.7575133869754765	-0.5609411312347683	-0.49571107881776183	-0.6367789834380354	-0.69880860159117	0.02163968538487201	0.1067395717298743	-0.040751819328134986	-0.05763608913718328	-0.0681421083284799	-0.1099060791287581	0.07562863653584091	-0.28786379494602804	-0.300337572306631	-0.0002996873073943602	-0.1162277849715297	-0.08478889008261192	-0.23889601981328915	-0.09776026146303951	-0.047141378900882665	-0.21593884117138157	-0.12465295644355984
FruR	0.7440331126202283	1.0	0.6620092620341418	0.7065891626284273	0.7083194327428174	0.6869228898903597	0.7376548620024767	0.6552804338115137	0.7032982567245873	0.7879570938247451	0.7548897094164013	0.6973497463966842	0.654782839791689	0.6376384640177324	0.46093604220502005	0.3535009697428909	0.48722936257075167	0.5641189475886481	0.5196295186343306	0.5544837179320445	0.6578588755506047	0.6736348677700437	0.568212789297205	0.5883314202351132	0.6444125280603445	0.48971733266987466	0.3168712645108029	0.21970472318505407	0.13399415327026706	0.20805649953916008	0.1890913820108453	0.09733052117319099	0.17098574506222752	0.27899757422915333	0.25864145523632887	0.26625238194864603	-0.5437628285958236	-0.5618910834544334	-0.5690609609219061	-0.5238703767578357	-0.6159252704253864	-0.6400020356118993	-0.6137991868861358	-0.5212353902437645	-0.4609699690700081	-0.7052433969839017	-0.8018557995148459	-0.7680420240767651	-0.7450622275248656	-0.791236690773589	-0.8129838112309232	-0.812033859011258	-0.7622744570287983	-0.7649207524978654	-0.7944371250374609	-0.7988702353958982	-0.8267581184160677	-0.814487902245393	-0.8306710168446885	-0.8240892050370086	-0.7942674907125207	-0.6283425030110092	-0.6709659543909845	-0.6911750569688608	-0.7645927928029811	-0.7224103906678503	-0.7344996635585889	-0.45459171845225643	-0.45393579906248765	-0.5767510503191953	-0.6528942443073548	0.07040389932768262	0.238760312353337	-0.039372126818621324	-0.10944241197392154	-0.10620805084506166	0.011416390068475722	0.0801974543542304	-0.4333421920147469	-0.45686481840645515	-0.22017969929488665	-0.21071410396322326	-0.28845186060582073	-0.3132523989120785	-0.15220157081384894	-0.17348502411634653	-0.16899536898292913	-0.1128124805627336
MerR	0.7249209786769654	0.6620092620341418	1.0	0.7684604554116177	0.7471883110641161	0.6897953644593471	0.5728833877105586	0.47610135085467425	0.5270029572917314	0.7060689506986106	0.5367286585883031	0.5906271380993039	0.6096261824926068	0.61897868827431	0.5659849251629903	0.4969776817773154	0.6442202758254123	0.6076018795483203	0.3999016120915347	0.653097805497283	0.6057359019739781	0.6083256526680652	0.566527755002799	0.4805344612131116	0.41956788482960233	0.42199931015374526	0.2872983471962273	0.21028436367337477	0.16209690643536084	0.2574992507817315	0.39511792412822094	0.29298675155922216	0.3331787776150545	0.3193931614749139	0.19755048034786346	0.34318720278652654	-0.5620267909143856	-0.6838242362214519	-0.6460183996697785	-0.6152354241706295	-0.5991880170312862	-0.5137714799463956	-0.5168814425702993	-0.4550214587421049	-0.4603253586352353	-0.8187174514139021	-0.7317176606295696	-0.7673069420020243	-0.8378974390871412	-0.8029753860594512	-0.8303996019247841	-0.8203911767533121	-0.7910670564486488	-0.7951043533822257	-0.8121808754262062	-0.8312025377295011	-0.8010867905751169	-0.7904563728788642	-0.830331748194808	-0.8364046570276673	-0.8114344843964694	-0.6393234983121384	-0.6800696631627754	-0.5933865231183313	-0.7375191545425245	-0.7327807023991948	-0.7270018263962319	-0.4903280162396594	-0.40622331793430627	-0.5487500777490656	-0.643066762415819	0.038026361174095705	0.14345974860193045	-0.028854798672328683	-0.05768132495716733	-0.013112733317877762	-0.17567896138557318	-0.13939983375836157	-0.3518159354484849	-0.33524831637932495	0.05009301615484221	-0.13731898603909506	0.013304985552809992	-0.21219557706770106	-0.16041187214095481	-0.18338035973785843	-0.24089770484758355	-0.24133875409242808
FadP	0.6874770286851644	0.7065891626284273	0.7684604554116177	1.0	0.7393172783868907	0.7574794601104885	0.6191596315542462	0.6183001509745492	0.6417775415462734	0.7892802415592787	0.7022465239099581	0.6780905960384731	0.7610757077992208	0.7601709913995397	0.5937484096782036	0.48333908205212295	0.6435530474806476	0.6777400184335967	0.3646515993689603	0.5486369881991054	0.5483316464142131	0.6217493822483333	0.47120457334140037	0.5208848126388881	0.4669410973079033	0.541659362966565	0.39624881962782227	0.17464984648093593	0.2686385714528049	0.16103386466573558	0.3283724717417487	0.1734624062063545	0.24980916138444226	0.2834985383175668	0.2567867866169827	0.24804496440506416	-0.47092184946650006	-0.7175588489745605	-0.6294055447806346	-0.5535111478023873	-0.5643225087785764	-0.6339969805090161	-0.6484272070839294	-0.4759882613047141	-0.47679119710943113	-0.7972643637864643	-0.7947085399573652	-0.7916664310634376	-0.8105184590417922	-0.8193055170736948	-0.8284996974854538	-0.8318019123442898	-0.8101904993469079	-0.8137528201706521	-0.8575750207802048	-0.8667013474619878	-0.8479171732136092	-0.8456893090793945	-0.8456893090793945	-0.8529948940068193	-0.8261474348462831	-0.6992157239710265	-0.6285913000209216	-0.6567166710960074	-0.7663343718723671	-0.7780504492482372	-0.7879231669597571	-0.521574658893645	-0.5317979542100412	-0.5919842126988256	-0.7233490339325195	0.07709880068532267	0.09500087644401219	-0.00319477978637384	-0.0005824111822947001	-0.0008990619221830807	-0.049403169900085385	-0.12650762506290605	-0.46918027039711396	-0.38432918106202396	-0.1815370000735082	-0.259557480591006	-0.05597367275276928	-0.35428128763761585	-0.10453432550565166	-0.30818598707386446	-0.3486720459595931	-0.27697327128486693
AcnR	0.6498973712334112	0.7083194327428174	0.7471883110641161	0.7393172783868907	1.0	0.7255768980667341	0.6020944184652617	0.48598537752119014	0.6115034690219451	0.6815398273122573	0.6194536643841426	0.5853910919361497	0.6125438928815783	0.6821618198370379	0.40953684174813826	0.41344974017675895	0.5098698904727709	0.6444012191053485	0.39013067497497894	0.5616309774895251	0.5245941498775806	0.6494223951235786	0.5702710191064795	0.49254457141887803	0.5204663813040356	0.47180394795618913	0.2842110024823156	0.18896698350588914	0.1868522089216346	0.19117222973011178	0.29313376797417035	0.20043426387184693	0.30454450356514806	0.2631537282797383	0.2807165353885474	0.24406421224646738	-0.5344216317691164	-0.6616021396542853	-0.5310289452703123	-0.6134259913712673	-0.5069069442638153	-0.6167960599600794	-0.5526742851326824	-0.49462541913814456	-0.40295502994045834	-0.7266625577463515	-0.7361168441230188	-0.747912084183861	-0.7652487121927498	-0.771265076250629	-0.7983726413760737	-0.7479573200038451	-0.7402106858315758	-0.7440783484402124	-0.7619125704689258	-0.7706204658158563	-0.7881832729246654	-0.7528201706521309	-0.7921187892632782	-0.7875725893548806	-0.7792152716128267	-0.6702647991812316	-0.6211386986785487	-0.6727188424153666	-0.728754714420614	-0.7014548970602371	-0.7088509536276301	-0.46899932711717773	-0.5070087248587795	-0.5096776382378386	-0.6535614726521196	0.029827368801985853	0.05287501908386156	-0.06565413822935692	-0.072382966451985	0.023200321174321886	-0.06901289786317295	-0.04433675806187129	-0.3828363990025502	-0.4482473946994928	-0.13370012044037072	-0.1876099089063675	-0.06515654420953232	-0.25230844043856127	-0.0861120378171455	-0.2962663485080661	-0.30618430203957003	-0.2914374247247683
NifA	0.7498006796681953	0.6869228898903597	0.6897953644593471	0.7574794601104885	0.7255768980667341	1.0	0.5480376135843168	0.5512493568031847	0.6110737287320965	0.7502756557780278	0.7099139953972553	0.5569151432561874	0.676382943834075	0.6621562784490899	0.5343650869941363	0.4881566968804248	0.5699882952315791	0.587358850105456	0.48764779390560414	0.5387642704875856	0.5865672232557351	0.6430554534608229	0.49387902810840767	0.43882703518781346	0.5676925773673883	0.4860984670711503	0.20321626680086627	0.2335355751451787	0.23182792294078067	0.1836970104777468	0.27502813102555257	0.16401942878468315	0.2519917896986729	0.24645040175062624	0.18730456712147514	0.16438131534455558	-0.5061944800990664	-0.6155068390905338	-0.6216023658333851	-0.635591543163454	-0.5378934809528926	-0.5830840651169629	-0.6039264691746159	-0.5696377176267027	-0.6002510588009115	-0.7541093915216764	-0.7561563123759549	-0.7315140994396413	-0.7639594913232043	-0.7632470271584554	-0.7561450034209589	-0.7677593002018649	-0.7033434925445714	-0.715444074390306	-0.7713329299806051	-0.7693199359913148	-0.7994469921006949	-0.7929895787979712	-0.7680307151217691	-0.7882058908346574	-0.7824496327416866	-0.730371894985044	-0.6202226733238715	-0.7232246354275633	-0.7571741183255961	-0.7662778270973871	-0.7480477916438132	-0.5090895725780459	-0.5200818768341712	-0.5380970421428208	-0.6729224036052949	0.05754561749721517	0.040842290968103094	-0.13195854137098462	-0.05287501908386156	0.14116403073773967	0.03354801499567432	0.046327134141169686	-0.2583813492714206	-0.4321886786051535	-0.07862550960978451	-0.2509852927040277	-0.10109640318686351	-0.27252885197143356	-0.06003358759633816	-0.18167270753346038	-0.19032405810541078	-0.24744558979027542
FadR	0.7075051879831045	0.7376548620024767	0.5728833877105586	0.6191596315542462	0.6020944184652617	0.5480376135843168	1.0	0.6688398708517339	0.6129170883964468	0.6601772113247876	0.6989556180061182	0.6058829183889263	0.6469118071144636	0.5826317069171223	0.40514896720968496	0.314451148141656	0.4127485849670061	0.6279579985411448	0.46025750490525924	0.531549157200129	0.5912378216690887	0.5908193903342361	0.6052496169091495	0.5061605532340784	0.6174519793498482	0.5886933067949857	0.3134220332370187	0.29596100672317377	0.1786305986395327	0.24495761969115243	0.033966446330526825	0.17339455247637842	0.24962821810450606	0.3891694138003178	0.30318742896562645	0.2467557435355186	-0.546635303164811	-0.4424345918315418	-0.4469355559199552	-0.49021492668969924	-0.4440856992609598	-0.4614336362248446	-0.5760046592894583	-0.44461722014577243	-0.4189572012598176	-0.6015289707154611	-0.6747883811796371	-0.7328259382191789	-0.7057183730937343	-0.7509768109877807	-0.7222746832078982	-0.7486019304386178	-0.7483644423837016	-0.7780730671582292	-0.7383560172122295	-0.7633261898434275	-0.7181921504543373	-0.8079965620776812	-0.7809455417272166	-0.7678950076618171	-0.7822573805067543	-0.6895126405844468	-0.5605113909449198	-0.5531831881075029	-0.6335898581291596	-0.6732051274801952	-0.6675280320721964	-0.5611333834697004	-0.5301920826006072	-0.6050347467642253	-0.6591254785101582	0.11920204013548127	0.12927831903692938	0.030980882211579238	-0.02663824349311002	-0.08779707211155154	0.07834278573488417	0.08537695574240463	-0.27442875641076386	-0.321112122634308	-0.11396599397232698	-0.05238873401903297	-0.09166473472018818	-0.2867668263114147	-0.21392584718209115	-0.13176628913605237	-0.36053513975041135	-0.07043782619267067
GntR	0.6129962510814189	0.6552804338115137	0.47610135085467425	0.6183001509745492	0.48598537752119014	0.5512493568031847	0.6688398708517339	1.0	0.6246784015923008	0.7192891190889505	0.7741149329096245	0.6804541676326399	0.6673018529722761	0.6070590497085117	0.3308717507958677	0.22939649761663775	0.3598905293156386	0.4573397945162877	0.36467421727895233	0.37433206484554793	0.4970002996873074	0.45227338267807365	0.3967464136476469	0.5778932547737926	0.5278963647364165	0.6062108780838107	0.48577050737626587	0.4261836235022703	0.04892819379025281	0.08828335717638011	-0.04258387003748919	-0.06634398448411374	0.1907764163052513	0.20984331442853024	0.28738881883619544	0.27660007576999845	-0.28521749947696085	-0.30038280812661505	-0.3463424012304143	-0.3571650711615993	-0.4566047124415468	-0.5090669546680539	-0.5464769777948668	-0.42333376684327484	-0.348570265364629	-0.5361632108385025	-0.717151726594704	-0.7480477916438132	-0.549937518023647	-0.6599057964048832	-0.6587183561303018	-0.6898971450543112	-0.7250566861369175	-0.7293540890354027	-0.7343413381886447	-0.7000525866407314	-0.706385601438499	-0.7211890235282808	-0.6983675523463254	-0.6548167666566771	-0.6632645560386993	-0.5250238901674291	-0.42854719509643713	-0.5123917874368819	-0.6078732944682247	-0.559029917840442	-0.5219591633635094	-0.5127989098167384	-0.6409293699215723	-0.6766769766639714	-0.7069736670982918	0.2247824439782642	-0.038919768618780784	0.013938287032586753	-0.014413263142419325	-0.12332980870902624	0.24211907198715302	0.06669456208899016	-0.21628941877625799	-0.2576575761516757	-0.26974684904241425	-0.00785406924473144	-0.022793198794465397	-0.26742851326823147	-0.1020011195865446	-0.20226631458120112	-0.25303221355830613	-0.12539934747329673
BioQ	0.6297448134305149	0.7032982567245873	0.5270029572917314	0.6417775415462734	0.6115034690219451	0.6110737287320965	0.6129170883964468	0.6246784015923008	1.0	0.7059332432386586	0.6951558091274576	0.5639606222187039	0.5940876783280841	0.6208785927136403	0.3432663654714986	0.29706928431278307	0.3854940034266134	0.5509327060632963	0.4693838315870422	0.445962985790298	0.5613708715246167	0.5586906491905616	0.4915946191992129	0.4698248808318867	0.5458323673600941	0.5290159512810219	0.22292777535891795	0.26098240892050373	0.17557718079060905	0.08336396175311421	-0.011416390068475722	-0.026445991258177787	0.20460726826537592	0.167219863048555	0.3487512086445652	0.19673623558815048	-0.32416554048323165	-0.4324374756150658	-0.46487155854363277	-0.41475027000130055	-0.63392912677904	-0.6304120417752798	-0.6569089233309396	-0.5987922036064257	-0.5207264872689439	-0.559957252150115	-0.6400925072518674	-0.613233739136335	-0.5847238635913848	-0.627313388106372	-0.6329226297843947	-0.6387580505623378	-0.613199812271347	-0.6292132925457024	-0.6694957902415027	-0.6833492601116193	-0.7261875816365189	-0.6864705316905192	-0.6673131619272721	-0.6928487823082708	-0.6845819362061849	-0.5482411747742449	-0.5168814425702993	-0.6448875041701772	-0.7088848804926181	-0.680544639272608	-0.6682970410119253	-0.4652221361485092	-0.5912491306240847	-0.577452205528948	-0.6558232636513223	0.16277544373512165	0.11770925807600749	0.01673159891660211	-0.005773221525464939	-0.05604152648274536	0.14113010387275163	0.12455117584859571	-0.2043358533454716	-0.3574704129464917	-0.2799588354038145	-0.2383531899734805	-0.23805915714358414	-0.38607076013141006	-0.035911586589841164	-0.2852627352969449	-0.22047373212478302	-0.0927617033548015
NnrR	0.7361281530780148	0.7879570938247451	0.7060689506986106	0.7892802415592787	0.6815398273122573	0.7502756557780278	0.6601772113247876	0.7192891190889505	0.7059332432386586	1.0	0.8451804061045739	0.7318420591345257	0.7343639560986367	0.7177171743445047	0.44828132156448086	0.3291867165014617	0.5548229865819249	0.5808448920277521	0.42258737581353795	0.5080491487184127	0.657236883025824	0.5946870529428728	0.4892875923800261	0.5818287711124054	0.6462898145896828	0.6116165585719051	0.4569100542264392	0.3129809839921742	0.16853170182809257	0.02399194802404284	0.14031585911303865	0.02683049572804225	0.20837315027904846	0.23197493935572883	0.13864213377362863	0.20429061752548755	-0.41194564916228915	-0.5434009420359511	-0.5195051201293744	-0.4886882177652374	-0.580777038297776	-0.648099247389045	-0.6801488258477475	-0.5628410356740985	-0.5417385256515371	-0.759503763054775	-0.8557542790258467	-0.8322655794991264	-0.7273524040011082	-0.7737756642597441	-0.8115815008114176	-0.7977506488512929	-0.77373042843976	-0.7966423712616836	-0.8597124132744514	-0.831066830269549	-0.8611825774239331	-0.8075102770128526	-0.8178466618792091	-0.8115023381264455	-0.8042646069289967	-0.6439827877704961	-0.5601381954300513	-0.7081837252828652	-0.8006231234202803	-0.723778774222368	-0.7268095741612997	-0.6041526482745362	-0.6462106519047107	-0.6235135792277114	-0.7748047791643813	0.19877184748743293	0.0996714748573658	-0.10444385386568354	-0.018280925751055974	-0.04070658350815093	0.12331849975403023	-0.06577853673431307	-0.34815183402977645	-0.37859554087904507	-0.27607986384018185	-0.12667725938784627	-0.1124845208678492	-0.3848041571718565	-0.15251822155373732	-0.24597542564079367	-0.17167559131698434	-0.17887939564944502
NtrC	0.738797066457074	0.7548897094164013	0.5367286585883031	0.7022465239099581	0.6194536643841426	0.7099139953972553	0.6989556180061182	0.7741149329096245	0.6951558091274576	0.8451804061045739	1.0	0.6661370306076867	0.7298403741002313	0.6803410780826797	0.41177601483734894	0.3348411939994685	0.48657344318098283	0.541614127146581	0.3856975646165416	0.41283905660697423	0.5808222741177601	0.5283713408462491	0.5078795143934725	0.6019247841403215	0.7035922895544837	0.6677881380371047	0.3956946808330176	0.4184030624650129	0.16404204669467518	0.1305449219964829	0.05125783851943161	-0.03454320303532352	0.1518283752989805	0.1809489344137155	0.2455004495309611	0.16507116159931243	-0.4482247767895008	-0.4521489841731175	-0.41520262820114107	-0.41294083720193836	-0.5312777422802246	-0.6208899016686363	-0.6891055182045903	-0.5242661901826962	-0.4501925349588071	-0.6403073773967917	-0.7907164788437725	-0.7940865474325844	-0.6626877993339025	-0.7293540890354027	-0.7333122232840075	-0.7359698277080706	-0.7386500500421258	-0.7547540019564493	-0.7740131523146604	-0.7876969878598368	-0.8130969007808834	-0.7957941996369825	-0.7715817269905174	-0.7457633827346184	-0.7619691152439059	-0.5755523010896179	-0.4454427738604814	-0.7106264595620042	-0.7342621755036726	-0.7245817100270849	-0.6668381858174396	-0.5622303521043138	-0.6302650253603316	-0.643066762415819	-0.7436599171053598	0.06851530384334835	-0.024455615178879394	-0.09838225398782026	-0.15298188870857388	-0.07350255299659035	0.28121412940837204	0.05990918909138201	-0.24137268095741612	-0.361880905394937	-0.2811010398584119	-0.11835386851078027	-0.0892672362610333	-0.43291245172489834	-0.13847249944868845	-0.20122589072156788	-0.22633177081271805	-0.07118421722240756
PurR	0.5689591803269419	0.6973497463966842	0.5906271380993039	0.6780905960384731	0.5853910919361497	0.5569151432561874	0.6058829183889263	0.6804541676326399	0.5639606222187039	0.7318420591345257	0.6661370306076867	1.0	0.6970330956567958	0.6887323226897218	0.3471453370351313	0.35329740855296266	0.4424006649665538	0.4735794538905632	0.2929415157392381	0.38318697660742657	0.42790258466166436	0.45369831100757135	0.3634415411843869	0.41263549541704597	0.5013655563157686	0.5586680312805695	0.47672334337945504	0.24296724361185404	0.054854086208163934	0.04649676846610989	0.07485962759611198	0.04821572962550395	0.12292268632916975	0.2039965846955912	0.07715534546030274	0.2865180293015024	-0.30340229911055067	-0.39604525843789407	-0.371052467896704	-0.3008125484164636	-0.52246806633833	-0.6717010364657254	-0.5909890246591764	-0.40305681053542247	-0.36975193807216244	-0.5707799220813001	-0.7128882505612069	-0.7036149074644757	-0.6206750315237121	-0.6497051189984789	-0.6739967543299161	-0.6960265986621507	-0.6706719215610881	-0.6951558091274576	-0.7145280490356288	-0.7090771327275504	-0.7183391668692855	-0.6998829523157912	-0.6931767420031552	-0.6731598916602112	-0.6776947826136126	-0.5468614822647313	-0.4989454399466217	-0.5519278941029454	-0.6821165840170539	-0.6559702800662705	-0.6010087587856444	-0.5097454919678147	-0.5570056148961555	-0.5576162984659403	-0.6485516055888856	0.15819531696173614	0.04762766396571125	0.06237454128051297	-0.040028046208390115	0.018043437696139687	0.16831683168316833	0.05016086988481829	-0.30229402152094137	-0.42892039061130555	-0.3076431572340558	-0.12157692068464414	-0.052185172829104724	-0.33291867165014616	-0.03384204782557068	-0.13100858915131947	-0.24993355988939842	-0.14369723665684672
LiuR	0.6599284143148753	0.654782839791689	0.6096261824926068	0.7610757077992208	0.6125438928815783	0.676382943834075	0.6469118071144636	0.6673018529722761	0.5940876783280841	0.7343639560986367	0.7298403741002313	0.6970330956567958	1.0	0.7621613674788381	0.4990924563615699	0.35735732339653153	0.570689450441332	0.5955239156125778	0.3292093344114537	0.4091410283232778	0.41743049233535573	0.48907272223510184	0.38954260931518625	0.4627794018693703	0.48004817614828305	0.5743874787250284	0.461750286964733	0.275378708630429	0.12152037590966407	0.12879203397210082	0.144771587381468	0.09012671684073033	0.15290272602360178	0.1395355412183137	0.18109595082866367	0.23289096471040593	-0.3302158314060989	-0.48655082527099086	-0.3490113146094735	-0.41790546844518833	-0.5304408796105196	-0.6401264341168554	-0.6608896754895364	-0.4140943506115317	-0.44745576784977187	-0.609795816817547	-0.7536457243668399	-0.7868488162351358	-0.6540251398069561	-0.7006858881205082	-0.7036149074644757	-0.7327241576242147	-0.7293993248553867	-0.7390684813769783	-0.7738095911247321	-0.7760826910789308	-0.7618334077839537	-0.7842816834510407	-0.747109148379144	-0.7177171743445047	-0.7427438917506828	-0.6268157940865474	-0.4879305177805045	-0.5878112083052965	-0.7051868522089216	-0.6737818841849919	-0.7275785831010285	-0.5724197205557221	-0.5510797224782444	-0.5859113038659662	-0.6816416079072213	0.15185099320897252	-0.015193581037144263	-0.10089284199693527	-0.08407642591786306	0.02589185246337312	0.15510797224782444	0.09923042561252128	-0.22231709178913323	-0.3463989460053944	-0.26127644175040005	-0.19479109532883615	0.0026519499465651876	-0.3911597898796162	-0.17238805548173322	-0.2545023777077879	-0.3373517820085835	-0.1675704406534314
RbsR	0.6758627319042584	0.6376384640177324	0.61897868827431	0.7601709913995397	0.6821618198370379	0.6621562784490899	0.5826317069171223	0.6070590497085117	0.6208785927136403	0.7177171743445047	0.6803410780826797	0.6887323226897218	0.7621613674788381	1.0	0.42545985038252543	0.38588981685147383	0.5081961651333609	0.609761889952559	0.44191437990172516	0.4286150488264132	0.39948318075668215	0.4995561235164065	0.3875861601008759	0.38342446466234287	0.4454088469954934	0.5660075430729823	0.3743094469355559	0.18471481642738802	0.1282831309972802	0.07109374558243946	0.24386065105653912	0.01071523485872288	0.2242961589134356	0.3383243521382407	0.21288542332245788	0.2167078501111105	-0.40106643445612405	-0.43846514862794106	-0.5164743201904428	-0.4568082736314751	-0.6717349633307135	-0.6848307332160972	-0.6340648342389922	-0.4564463870716026	-0.4824230566974459	-0.6133355197312992	-0.68051071240762	-0.6721873215305539	-0.6740306811949042	-0.6990687075560783	-0.6765186512940272	-0.718011207174401	-0.6686815454817897	-0.694714759882613	-0.7367501456027956	-0.7323735800193383	-0.7446664141000051	-0.7630887017885112	-0.7343752650536327	-0.7253167921018259	-0.7334253128339676	-0.6279919254061328	-0.5641076386336521	-0.6489474190137461	-0.7181469146343532	-0.7542450989816286	-0.7659385584475067	-0.5294909273908545	-0.5670932027525997	-0.49061074011455974	-0.6345058834838366	0.16719724513856296	-0.033796812005586624	-0.08248186326342515	-0.07808267976997585	0.18780216114129974	0.04806871321055578	0.052433969839017026	-0.3346828686295243	-0.37150482609654456	-0.2815420891032564	-0.23458730795980798	-0.09135939293529581	-0.35028922652402306	0.04109108797801539	-0.20928917563372557	-0.2709116714070036	-0.15553771253767296
LtbR	0.45496491396712485	0.46093604220502005	0.5659849251629903	0.5937484096782036	0.40953684174813826	0.5343650869941363	0.40514896720968496	0.3308717507958677	0.3432663654714986	0.44828132156448086	0.41177601483734894	0.3471453370351313	0.4990924563615699	0.42545985038252543	1.0	0.5153660426008335	0.41867447738491725	0.48750077749065596	0.2238777275785831	0.4639894600539437	0.32710586878219516	0.4470825723349034	0.36499086801884073	0.29463785898864014	0.2568207134819707	0.27291335644129805	0.19850043256752858	0.2203719515298189	0.2496734539244901	0.18540466268214487	0.4353551860040373	0.2889381456706493	0.266207146128662	0.3239054345183233	0.20060389819678712	0.2166399963811344	-0.338618384968137	-0.5219478544085134	-0.5250125812124331	-0.49952219665141845	-0.34404668336622357	-0.31293574817219016	-0.3400320043426387	-0.32643864043743037	-0.3390141983929975	-0.554890840311901	-0.5061944800990664	-0.523259693188051	-0.641472199761381	-0.5904575037743637	-0.6369259998529836	-0.6418227773662575	-0.6151562614856574	-0.6060864795788545	-0.6050347467642253	-0.559041226795438	-0.5679526833322966	-0.6075340258183443	-0.6178364838197127	-0.5925609694036222	-0.6124873481065982	-0.4622365720295616	-0.5042832667047401	-0.3996075792616383	-0.5113739814872407	-0.519131924614506	-0.5093496785429542	-0.36145116510508846	-0.3029160140457221	-0.3079032631989641	-0.44448151268582026	0.009539103539137466	0.016708981006610085	0.10514500907543639	0.011020576643615247	0.18762121786136352	0.04239161780255696	-0.16775138393336764	-0.1949381117437843	-0.18952112230069382	0.024455615178879394	-0.08582931394224516	0.05821284584197997	-0.19313998789941816	-0.23649852135413427	-0.062476321875477095	-0.33096222243583584	-0.117302135696151
ZntR	0.42400099518803963	0.3535009697428909	0.4969776817773154	0.48333908205212295	0.41344974017675895	0.4881566968804248	0.314451148141656	0.22939649761663775	0.29706928431278307	0.3291867165014617	0.3348411939994685	0.35329740855296266	0.35735732339653153	0.38588981685147383	0.5153660426008335	1.0	0.5432199987560149	0.44755754844473594	0.22701030811247885	0.40951422383814623	0.2655738446488852	0.39872548077194925	0.24193812870721682	0.2889381456706493	0.2373580019338313	0.24262797496197364	0.17293088532154186	0.1657270809890812	0.03876144324883659	0.23723360342887514	0.31194056013254096	0.2320314841307089	0.2015086145964682	0.16071721392584717	0.11111613731333156	0.10921623287400128	-0.3987820255469293	-0.4735681449355672	-0.45435423039734013	-0.36968408434218636	-0.37100723207671993	-0.3532408637779826	-0.2558029075323295	-0.23096844236108363	-0.297012739537803	-0.485035425301525	-0.4094916059281542	-0.44313574704129466	-0.5361745197934985	-0.5013203204957846	-0.5047356249045807	-0.5029714279252026	-0.5289594065060418	-0.5081283114033848	-0.5056742681692499	-0.5195051201293744	-0.4684678062323651	-0.4834747895120751	-0.5132060321965949	-0.4989228220366297	-0.4818802268576372	-0.40637033434925446	-0.4528049035628863	-0.3497690145942064	-0.4464718887651187	-0.4773566448592318	-0.4644757451187723	-0.35736863235152755	-0.25371075085806694	-0.44728613352483165	-0.3778830767142962	-0.07775472007509146	0.1147350029120559	-0.010342039343854432	-0.13556609801471295	0.10609496129510153	0.0917665153151523	0.008442134904524147	-0.24306902420681817	-0.17766933746487157	0.02342650027424216	-0.07856896483480444	0.13052230408649088	-0.16026485572600663	-0.1262927549179818	-0.14336927696196233	-0.2890964710405935	-0.16243617508524125
NmlR	0.565679583378098	0.48722936257075167	0.6442202758254123	0.6435530474806476	0.5098698904727709	0.5699882952315791	0.4127485849670061	0.3598905293156386	0.3854940034266134	0.5548229865819249	0.48657344318098283	0.4424006649665538	0.570689450441332	0.5081961651333609	0.41867447738491725	0.5432199987560149	1.0	0.5378482451329085	0.26760945654816765	0.47823874334892086	0.3565204607268265	0.4115498357374287	0.2374258556638074	0.3781658005891966	0.2925117754493896	0.36278562179461804	0.4132687968968228	0.16586278844903338	0.14688636196572255	0.09882330323266479	0.25072518673911937	0.08481150799260394	0.010817015453687002	-0.01618876907679346	0.14902375445996913	0.07854634692481241	-0.47590909861974207	-0.5683371878021611	-0.5230561319981227	-0.34160394908708464	-0.41860662365494117	-0.4223951235786057	-0.3672413500630474	-0.28813520986593233	-0.3775324991094198	-0.6087327750479217	-0.5600590327450792	-0.583208463621919	-0.5628071088091104	-0.6237510672826277	-0.6085857586329735	-0.6086196854979615	-0.5985094797315255	-0.5836042770467795	-0.6126796003415305	-0.6252212314321095	-0.6289871134457821	-0.604016940814584	-0.6232647822177991	-0.5921086112037817	-0.5763552368943348	-0.4743484628302922	-0.4525221796879859	-0.49731695042719576	-0.53741850484306	-0.47437108074028417	-0.6250855239721573	-0.3823274960277296	-0.2967526335728947	-0.4593188616405901	-0.4953378833028934	-0.09606391821363747	0.09877806741268073	-0.13598452934956545	-0.1780990777547201	0.0859424034922053	0.00794454088469955	0.09479731525408394	-0.26384357453449514	-0.28724180242124725	-0.08706199003681064	-0.25436667024783577	0.11610338646657356	-0.2369508795539748	-0.18571000446703723	-0.2145591486618679	-0.2262073723077619	-0.22701030811247885
PaaR	0.5369661466432194	0.5641189475886481	0.6076018795483203	0.6777400184335967	0.6444012191053485	0.587358850105456	0.6279579985411448	0.4573397945162877	0.5509327060632963	0.5808448920277521	0.541614127146581	0.4735794538905632	0.5955239156125778	0.609761889952559	0.48750077749065596	0.44755754844473594	0.5378482451329085	1.0	0.3272076493771593	0.4524203990930218	0.4552363288870292	0.445951676835302	0.32672136431233073	0.351906407088453	0.38129838112309233	0.5186795664146655	0.22144630225444017	0.17934306280428158	0.17872107027950082	0.22392296339856715	0.2629727849998021	0.12477735494851598	0.18689744474161865	0.28725311137624326	0.18333512391787438	0.09622224358358165	-0.5364798615783909	-0.5312890512352206	-0.5304521885655156	-0.5067033830738871	-0.48984173117483076	-0.46600245404323415	-0.5068390905338392	-0.431770247270301	-0.3936703778887312	-0.6396401490520268	-0.5043511204347162	-0.5726798265206303	-0.6688285618967379	-0.6291115119507382	-0.633137499929319	-0.6375593013327604	-0.6595552188000068	-0.6098975974125111	-0.648087938434049	-0.6811327049324007	-0.6416192161763292	-0.6383170013174932	-0.6623711485940141	-0.6603920814697118	-0.6466403921945593	-0.5362197556134826	-0.43405465617949573	-0.5705198161163918	-0.631429847724921	-0.6862217346806069	-0.6718932887006576	-0.4935058325935392	-0.37740810060446367	-0.41058857456276754	-0.4826266178873741	0.12366907735890666	0.04326240733725	0.017534534721319075	-0.0448456610366919	0.2519578628336849	-0.00914329011427699	0.10334688523107022	-0.1897699193106061	-0.3508999100938078	-0.18209113886831288	-0.16626991082888987	-0.06906944263815303	-0.381852519917897	-0.16392895714471503	-0.21727329786091115	-0.3093960452584379	-0.24922109572464957
RutR	0.6145681958258647	0.5196295186343306	0.3999016120915347	0.3646515993689603	0.39013067497497894	0.48764779390560414	0.46025750490525924	0.36467421727895233	0.4693838315870422	0.42258737581353795	0.3856975646165416	0.2929415157392381	0.3292093344114537	0.44191437990172516	0.2238777275785831	0.22701030811247885	0.26760945654816765	0.3272076493771593	1.0	0.43700629343345526	0.4466528320450549	0.5409016629818322	0.459239698955618	0.3899497316950427	0.4032264448603627	0.2664446341835783	0.05138223702438776	-0.003534048436254248	0.32597497328259384	0.17693425539013066	0.1088995821341129	0.09722874057822686	0.2189696411103132	0.26642201627358625	0.2284465453969726	0.1925066864196414	-0.34439726097109996	-0.3015023946712204	-0.4935171415485352	-0.46983618978688274	-0.5068956353088193	-0.3636677202843071	-0.43648608150363866	-0.36683422768319096	-0.3662235441134062	-0.41884411170985747	-0.45089369016855996	-0.43890619787278556	-0.47452940611022837	-0.5061944800990664	-0.475863862799758	-0.5258494438821381	-0.4520924393981374	-0.4860419222961702	-0.4944105489932203	-0.45128950359342046	-0.5330984840345828	-0.5443848211206044	-0.5526742851326824	-0.5463299613799187	-0.5504803478634557	-0.3956946808330176	-0.403452623960283	-0.4881680058354208	-0.4174757281553398	-0.4824230566974459	-0.4455784813204336	-0.2168887933910467	-0.30719079903421526	-0.3376118879734918	-0.39754934945236386	0.030438052371770587	0.34213546997189725	0.1407682173128792	0.08182594387365635	-0.09532883613889659	-0.18989431781556226	0.0178851123261955	-0.10805141050941187	-0.28474252336712824	0.09813345697790796	-0.19014311482547455	-0.1876777626363436	-0.05717242198234672	0.018880300365844694	-0.04508314909160819	-0.05503502948810015	0.04751457441575111
FixJ	0.6217833091133214	0.5544837179320445	0.653097805497283	0.5486369881991054	0.5616309774895251	0.5387642704875856	0.531549157200129	0.37433206484554793	0.445962985790298	0.5080491487184127	0.41283905660697423	0.38318697660742657	0.4091410283232778	0.4286150488264132	0.4639894600539437	0.40951422383814623	0.47823874334892086	0.4524203990930218	0.43700629343345526	1.0	0.5134548292065072	0.5303390990155554	0.5073366845536638	0.3069193841143109	0.48240043878745387	0.30119705288632803	0.27336571464113857	0.1804513403938909	0.20348768172077059	0.2552035329175408	0.3249571673329526	0.2823110980429853	0.40485493437978864	0.4804439895731435	0.3883551690406048	0.2910755381648959	-0.4902036177347032	-0.4955301355378256	-0.5589620641104659	-0.6379664237126168	-0.3386749297431171	-0.2998399782868064	-0.3439335938162634	-0.29812101712741235	-0.401824134440857	-0.6271098269164438	-0.590706300784276	-0.6160835957953306	-0.721290804123245	-0.6852265466409576	-0.70377323283442	-0.7022352149549621	-0.6719611424306337	-0.7015227507902132	-0.6825237063969104	-0.6787125885632538	-0.6620318799441338	-0.6995436836659108	-0.7058088447337024	-0.7298856099202153	-0.7066909432233914	-0.6667816410424595	-0.6697445872514151	-0.4706391255915997	-0.5796687607081668	-0.5976952349718124	-0.5624791491142261	-0.491673781884185	-0.4248039309927566	-0.5240400110827759	-0.5941216051930721	-0.010817015453687002	0.07180620974718831	0.10925015973898931	-0.09062431086055493	0.06169600398075216	-0.2759554653352257	-0.14304131726707794	-0.22517825740312467	-0.17159642863201227	0.2074005801493913	-0.0591514891066491	-0.035436610480008596	0.022159897314688638	-0.16320518402497017	-0.14003313523813832	-0.23008634387139457	-0.11027927464362655
GlcC	0.5888403232099337	0.6578588755506047	0.6057359019739781	0.5483316464142131	0.5245941498775806	0.5865672232557351	0.5912378216690887	0.4970002996873074	0.5613708715246167	0.657236883025824	0.5808222741177601	0.42790258466166436	0.41743049233535573	0.39948318075668215	0.32710586878219516	0.2655738446488852	0.3565204607268265	0.4552363288870292	0.4466528320450549	0.5134548292065072	1.0	0.5750773249797853	0.6028408094949986	0.422621302678526	0.5197878440042748	0.4344391606493602	0.20479952050030817	0.190516310340343	0.23729014820385522	0.259568789546002	0.17643666137030609	0.17736399567997918	0.19549225053858899	0.2532357747482344	0.26981470277239034	0.10533726131036862	-0.5987695856964337	-0.5478453613493846	-0.5235424170629513	-0.5350436242938971	-0.4149990670112128	-0.3621410113598453	-0.40510373138970096	-0.3974249509474077	-0.4714872972163007	-0.6486533861838497	-0.5918145783738854	-0.6694957902415027	-0.6444238370153406	-0.6887436316447179	-0.6873300122702162	-0.6296317238805548	-0.660629569524628	-0.6585826486703497	-0.6597813978999271	-0.6582320710654732	-0.6821392019270459	-0.6549750920266213	-0.6866401660154593	-0.69886514636615	-0.6801262079377555	-0.49270289678882223	-0.43532125913904923	-0.5852893113411856	-0.6091512063827742	-0.5363780809834268	-0.540788573431872	-0.4496610140739945	-0.4849223357515649	-0.4969098280473393	-0.5810597621726764	0.18462434478741993	0.1914210267400241	0.09375689139445069	-0.04823834753549598	-0.1065699374049341	-0.020452245110290583	-0.06099484877099932	-0.27093428931699565	-0.31042516016307514	-0.056346868267637726	0.084031190097879	-0.1105619985185269	-0.18957766707567386	-0.044348067016867304	-0.14452279037155571	0.018733283950896518	0.02877563598735659
DasR	0.6898292913243351	0.6736348677700437	0.6083256526680652	0.6217493822483333	0.6494223951235786	0.6430554534608229	0.5908193903342361	0.45227338267807365	0.5586906491905616	0.5946870529428728	0.5283713408462491	0.45369831100757135	0.48907272223510184	0.4995561235164065	0.4470825723349034	0.39872548077194925	0.4115498357374287	0.445951676835302	0.5409016629818322	0.5303390990155554	0.5750773249797853	1.0	0.6648365007831452	0.49722647878722764	0.5065789845689309	0.340292110307547	0.10577831055521314	0.1579125930868358	0.3186806973101651	0.28363424577751895	0.15053915442943494	0.2518334643287287	0.34507579827086077	0.37255655891117384	0.30453319461015205	0.3484345579046768	-0.5413879480466608	-0.5837286755517357	-0.6066745452386473	-0.5814442666425409	-0.4421744858666335	-0.5614161073446008	-0.5388547421275537	-0.5105484277725317	-0.4920695953090455	-0.6590689337351782	-0.6487551667788138	-0.6467421727895234	-0.6995549926209068	-0.6640561828884202	-0.7327693934441988	-0.7068040327733516	-0.6599284143148753	-0.7031399313546431	-0.704689258189097	-0.6676976663971366	-0.7514630960526093	-0.731265302429729	-0.7704960673109001	-0.754561749721517	-0.753724887051812	-0.5729060056205506	-0.6258092970919023	-0.5901069261694873	-0.6184245494795053	-0.6545566606917688	-0.6537876517520399	-0.4318381010002771	-0.4265568190171387	-0.4089035402683615	-0.6019700199603055	0.1456763037811491	0.36091964422027584	0.026751333043070154	0.027927464362655568	-0.07160264855726006	-0.1565894453523022	-0.04852107141039632	-0.3880045914357284	-0.4482134678345048	0.026536462898145898	-0.143946033666759	-0.12429106988368739	-0.12741234146258715	-0.0706300784276029	0.07565125444583293	-0.1165557446664141	-0.14594771870105344
