	GntR	LiuR	FadR	NtrC	MerR	AcnR	FadP	NnrR	FruR	NifA	PaaR	FixJ	NmlR	BioQ	RbsR	CueR	DasR	FabR	MetJ	GlcC	HrcA	PrpR	NorR	VanR	FnrN_FixK	QorR	LtbR	PdxR	HcpR	PurR	AmtR	PhnR	RutR	PhsR	CsoR	ZntR	MetR	RbkR	FUR	KdgR	SahR_SamR	ThiR	Zur	NagC	ArgR	MntR	NrtR	IscR	CzrA	BirA	NsrR	Phr	HutC	SiaR	HexR	CcpA	PsrA	AraR	NadQ	ModE	Rex	XylR	PhnF	GulR	PhrR	AgaR	Irr	TtrR	CadR-PbrR	ExuR_UxuR	GguR	NagR	NarP	NiaR	HisR	TrpR	HypR	TyrR	NagQ	NrdR	CblR	LiuQ	SoxR	LexA	SdaR	PdhR	LldR	NikR
GntR	1.0	0.5003364414111314	0.5644129804185444	0.5830953740719589	0.41974882810953856	0.3775324991094198	0.4246116787578244	0.4265681279721347	0.5496774120587387	0.500890580205936	0.19038060288039083	0.29660561715794653	0.09587166597870524	0.3143267496366998	0.26658034164353045	0.37823365431917266	0.2872191845112552	0.39706306438753525	0.3165659227259105	0.19047107452035894	0.34531328632577707	0.15450859763303573	0.3014684678062324	0.14860532312511662	0.15742630802200722	0.25602908663224977	0.03431702393540325	0.22634307976771406	0.07406800074639103	0.15705311250713877	0.0697140530729258	0.12927831903692938	0.0030816902364137044	0.2648839983941284	-0.016460183996697787	0.2075702144743315	-0.745491967814714	-0.6205393240637599	-0.675523463254378	-0.6873073943602241	-0.6649269724231133	-0.6619300993491697	-0.6673470887922601	-0.6965355016369712	-0.6162306122102787	-0.628930568670802	-0.6232647822177991	-0.5277154214564803	-0.42060830868923554	-0.4886769088102414	-0.5240060842177878	-0.581534738282509	-0.2646238924292201	-0.35860130844609306	-0.2072309458244511	-0.2631424193247423	-0.4498985021289108	-0.29039700086513504	-0.3596078054407382	-0.4889030879101617	-0.35495982493737666	-0.5057308129442298	-0.4080779865536525	-0.4487676066293094	-0.3033570632905666	-0.46802675698752055	-0.4396978247225065	-0.08928985417102532	-0.09230934515496096	-0.02875301807736456	0.0028555111364934323	-0.08707329899180666	-0.20719701895946305	-0.15660075430729822	-0.08663224974696213	-0.1111500641783196	0.0903528959406506	-0.05433387427834731	-0.15330984840345827	-0.10967990002883783	-0.1400105173281463	-0.23499443033966447	-0.14181995012750848	0.047740753515671384	0.02383362265409865	0.04378261926706663	-0.03064161356169883	-0.026400755438193733
LiuR	0.5003364414111314	1.0	0.5189283634245777	0.5548229865819249	0.2826956025128498	0.4119682670722812	0.40933328055821	0.4208684146541439	0.3837863512222153	0.41790546844518833	0.17393738231618708	0.3099841109182306	0.217963144115668	0.19423695653403147	0.3396701177827663	0.38871705560047726	0.2431029510718062	0.2395067033830739	0.38931643021526596	0.13033005185155866	0.34643287287038244	0.18193281349836868	0.22135583061447206	0.14438708291160354	0.09273908544480947	0.07018902918275836	0.14964574698474986	0.1931739147644062	0.04113632379799945	0.2589807238862093	0.017579770541303132	-0.004246512601003104	0.047401484865790974	0.20429061752548755	0.06937478442304539	0.08844168254632431	-0.6579267292805808	-0.517480817185088	-0.5389112869025338	-0.5646165416084726	-0.6345285013938287	-0.5510344866582604	-0.603983013949596	-0.6163550107152349	-0.5478114344843965	-0.5970506245370396	-0.5754731384046458	-0.5462281807849546	-0.4807606403130319	-0.3917591644944049	-0.6137539510661517	-0.5082640188633369	-0.36310227253450644	-0.3762658961498663	-0.1135588715924705	-0.17507958677078445	-0.21276102481750173	-0.4227230832734901	-0.23396531543502722	-0.5122786978869217	-0.36591820232851385	-0.3583977472561648	-0.5014221010907487	-0.4772887911292557	-0.2931676948391584	-0.4017110448908969	-0.4886655998552454	-0.07602444996070139	-0.09164211681019616	-0.18463565374241594	-0.08360144980803048	-0.16075114079083522	-0.1893401790207576	-0.23825140937851638	-0.09978456440732594	-0.18771168950133163	-0.05537429813798056	-0.015329288497096426	-0.2040644384255673	-0.188865202910925	0.043805237177058656	-0.07755115888516322	0.08408773487285907	0.0788629976647008	0.0796998603344058	0.17072563909731922	-0.11920204013548127	0.12611181163804558
FadR	0.5644129804185444	0.5189283634245777	1.0	0.6640335649784281	0.28604305319166984	0.42365041758316324	0.42600268022233406	0.4957450056827499	0.45670649303651095	0.37685396180965897	0.12499222509344024	0.35880486963602126	0.371052467896704	0.247931874855104	0.3833679198873628	0.405997138834386	0.3364470656089024	0.27863568766928093	0.4208684146541439	0.3682026112377086	0.48406285517186787	0.222973011178902	0.24893837184974923	0.1366178308293422	0.26527981181898885	0.12810218771734397	0.0724621291369571	0.25758972242169964	0.1354530084647528	0.1095668104788777	-0.07180620974718831	0.02012428541540619	-0.0246252495038196	0.20378171455066696	0.06877540980825667	0.08009567375926628	-0.6517407308977614	-0.5846107740414247	-0.5428920390611306	-0.6199399494489711	-0.5743309339500483	-0.605690666153994	-0.652238324917586	-0.6831004631017071	-0.6109040944071563	-0.6184245494795053	-0.6651757694330256	-0.504950495049505	-0.5186908753696615	-0.5128441456367224	-0.6021057274202577	-0.616422864445211	-0.34719057285511534	-0.4062459358442983	-0.3866022810162227	-0.31209888550248516	-0.19751655348287542	-0.31766289136052384	-0.28604305319166984	-0.49912638322655795	-0.3121215034124772	-0.43633906508869047	-0.6066519273286552	-0.5081056934933927	-0.34264437294671785	-0.49538311912287747	-0.4884281118003291	-0.07785650067005559	-0.10888827317911688	-0.07590005145574523	-0.33592685367908576	-0.1869426805616027	-0.18714624175153094	0.032812932920933444	-0.17505696886079242	-0.24738904501529535	0.006044636445369266	-0.08340919757309825	-0.2060661234598617	-0.0894255616309775	0.05163103403430006	-0.0608139054910631	-0.08964043177590175	-0.0049363588557599335	0.15950715574127372	0.08296814832825372	-0.13314598164556604	-0.13322514433053814
NtrC	0.5830953740719589	0.5548229865819249	0.6640335649784281	1.0	0.2684123923528846	0.44755754844473594	0.3936590689337352	0.572306631005762	0.4421179410916534	0.5022928906254418	0.2103182905383628	0.2405132003777191	0.28716263973627515	0.1873611118964552	0.3657259500935816	0.4701076047067871	0.21293065914244194	0.36641579634833843	0.21377883076714296	0.2600550746108306	0.5237346692978835	0.20277521755602174	0.050601919129662824	0.012615139298053163	0.3316746866005847	0.24510463610610062	0.0497537475049618	0.2584039671814126	0.1480059485103279	0.17652713301027417	-0.04905259229520896	0.17725090613001906	-0.017398827261366913	0.12732186982261903	0.07119552617740357	0.0950121853990082	-0.6026485572600664	-0.559957252150115	-0.6004433110358437	-0.6302310984953435	-0.6059507721189024	-0.6600301949098394	-0.6053287795941216	-0.6540138308519601	-0.6155860017755059	-0.6075227168633482	-0.6134938451012434	-0.6094904750326546	-0.5038309085048996	-0.5116906322271291	-0.5896093321496627	-0.5459341479550582	-0.3678859604978202	-0.49722647878722764	-0.2777648981345879	-0.1837761731627189	-0.22655794991263833	-0.3243464837631679	-0.330306303046067	-0.4521602931281135	-0.3778491498493082	-0.4122170640821935	-0.5218686917235413	-0.5915770903189691	-0.3691977992773578	-0.4868787849658752	-0.5001102623112111	-0.09480862420907996	0.026310283798225625	-0.008724858779424487	-0.1158885163216493	-0.23363735574014283	-0.06773498594862341	-0.03217963144115668	0.01865412126592442	-0.1904484566103669	-0.12036686250007068	-0.07566256340082894	-0.0744638141712515	-0.07145563214231189	-0.026932276323006373	-0.15298188870857388	-0.05388151607850677	-0.05821284584197997	0.057308129442298884	0.03943998054859741	-0.127299251912627	0.07111636349243149
MerR	0.41974882810953856	0.2826956025128498	0.28604305319166984	0.2684123923528846	1.0	0.4359997964388101	0.49251064455389	0.5375994481229962	0.48659606109097486	0.5115549247671769	0.3038320394003992	0.3110584616428519	0.2960967141831259	0.5654647132331737	0.3074848318641116	0.3363339760589423	0.3808120960582637	0.2253592006830609	0.2144121322469197	0.24145184364238823	0.16227784971529705	0.07537983952592861	0.15098020367427947	0.122300693804389	0.10592532697016133	0.017195266071438668	0.08232353789348096	0.1286902533771367	0.26158178353529243	0.21824586799056833	0.20106756535162368	0.2579855358465601	0.26285969544984195	0.22023624406986672	0.28624661438159804	0.23648721239913825	-0.532465182554806	-0.5639493132637079	-0.6368016013480274	-0.5820210233473376	-0.6480087757490769	-0.5746362757349407	-0.5417950704265172	-0.6409519878315644	-0.5764570174892989	-0.5923234813487059	-0.6390407744372382	-0.46532391674347334	-0.5705989788013639	-0.6808612900124964	-0.5860470113259184	-0.6520234547726618	-0.12156561172964812	-0.13291980254564578	-0.31818310329034044	-0.4128277476519782	-0.5127084381767703	-0.4424232828765458	-0.5555806865666578	-0.4760561150346902	-0.596451249922251	-0.5569490701211754	-0.3120649586374971	-0.2648048357091563	-0.27372760120101103	-0.4811112179179083	-0.3822030975227734	0.10552951354530085	-0.06301915171528574	0.10602710756512544	0.09546454359884875	0.19821770869262825	-0.3322966791253654	-0.3202074062346269	-0.3907865943647477	-0.3209424883093678	-0.22114096046954781	-0.23911088995821342	-0.00737909313489887	-0.1317775980910484	-0.27244968928646146	-0.17474031812090404	-0.251256707623932	-0.07456559476621563	0.030754703111658968	-0.211324787533008	-0.0418487879627483	-0.21658345160615433
AcnR	0.3775324991094198	0.4119682670722812	0.42365041758316324	0.44755754844473594	0.4359997964388101	1.0	0.5338674929743117	0.5595727476802506	0.4746990404351686	0.476700725469463	0.30411476327529957	0.3771932304595394	0.3007333857314915	0.35569490701211753	0.2754578713154011	0.4249057115877207	0.24362316300162284	0.24175718542728059	0.20277521755602174	0.13513635772486443	0.133937608495287	0.12966282350679387	0.11350232681749042	0.15081056934933929	-0.0022222096567166712	0.037574002974255165	0.04373738344708257	0.13808799497882399	0.1866712656416984	0.1361880905394937	0.005795839435456966	0.2193202187151896	0.05003647137986214	0.2658678774787816	0.17295350323153388	0.10826628065433613	-0.5511701941182126	-0.5372941063381038	-0.5894283888697265	-0.6127248361615145	-0.5846786277714008	-0.5887046157499817	-0.6335220043991835	-0.5506726000983879	-0.6245087672673607	-0.5492702896788823	-0.6216702195633612	-0.5014786458657288	-0.5639606222187039	-0.5819418606623655	-0.633917817824044	-0.5448597972304369	-0.354416995097568	-0.3603541964704751	-0.3262463882024981	-0.3562038099869382	-0.3641992411691198	-0.437605668048244	-0.3844196527019921	-0.48881261627019357	-0.44471900074073656	-0.30280292449576196	-0.370238223136991	-0.33904812525798556	-0.3915216764394886	-0.33614172382401003	-0.17799729715975596	-0.004778033485815743	-0.03749484028928307	0.04463079089176765	0.02418420025897507	0.025903161418369135	-0.24836161514495253	-0.1737225121712628	-0.16437000638955956	-0.49649139671248677	-0.0712181440873956	-0.3002018648466788	-0.21243306512261734	-0.2664446341835783	-0.10193326585656852	-0.04728839531583084	-0.08076290210403107	-0.14645662167587403	0.02686442259303029	-0.02589185246337312	-0.19597853560341758	-0.20852016669399664
FadP	0.4246116787578244	0.40933328055821	0.42600268022233406	0.3936590689337352	0.49251064455389	0.5338674929743117	1.0	0.505821284584198	0.5269916483367354	0.5113400546222526	0.2760233190652018	0.24879135543480105	0.2718842415366608	0.4646566883987085	0.3010048006513958	0.4931213281236747	0.30892106914860534	0.17956924190420184	0.2566284612470385	0.20904037862381328	0.24469751372624413	0.29048747250510315	0.15186230216396854	0.12905213993700912	0.14814165597028006	0.10884303735913282	0.11086734030341926	0.16499199891434033	0.2098093875635422	0.11402253874730706	0.004325675285975199	0.17766933746487157	0.12469819226354388	0.23389746170505116	0.02692096736801036	0.17323622710643424	-0.5892022097698062	-0.5995499035911587	-0.6052948527291335	-0.5533415134774471	-0.6258092970919023	-0.6285347552459415	-0.6152806599906135	-0.5953882081526256	-0.6507455428581121	-0.6317691163748014	-0.6859163928957145	-0.549948826978643	-0.5581478193507529	-0.5915544724089771	-0.634811225268729	-0.5671610564825758	-0.31419104217674765	-0.145597141096177	-0.40854165370848905	-0.36693600827815503	-0.45827843778095684	-0.4643061107938321	-0.2992519126270137	-0.48462830292166853	-0.5246620036075567	-0.49251064455389	-0.4553946542569734	-0.37518023647024895	-0.3039225110403673	-0.3726583395061379	-0.3080502796139123	0.060915686086027224	-0.05420947577339116	-0.0001413619374501699	0.03809421490407179	-0.0646476412347117	-0.33614172382401003	-0.1376017099139954	-0.32150793605916844	-0.3633171426794307	-0.1635670705848426	-0.2044037070754477	-0.16942510927277765	-0.11536830439183267	-0.09529490927390855	-0.009154599069273003	-0.14102832327778753	-0.08312647369819792	0.044404611791847376	-0.05614330707770948	-0.22283730371894986	-0.27493765938558445
NnrR	0.4265681279721347	0.4208684146541439	0.4957450056827499	0.572306631005762	0.5375994481229962	0.5595727476802506	0.505821284584198	1.0	0.6093095317527184	0.6510621935980005	0.3187711689501332	0.3461727669054741	0.38975747946011047	0.3745582439454682	0.5834685695868274	0.5322729303198738	0.3723643066762416	0.24587364504582954	0.17882285087446495	0.33382338804982725	0.29579137239823355	0.13624463531447376	0.06485120242463994	-0.041011925293043296	0.17859667177454466	0.13382451894532685	0.1387778412335808	0.2776178817196397	0.25011450316933465	0.27065156544209534	0.11386421337736287	0.15726798265206304	0.1215429938196561	0.26368524916455094	0.18476005224737208	0.15030166637451867	-0.6152128062606375	-0.6543304815918485	-0.6704118155961798	-0.5936805559482276	-0.7053338686238698	-0.6444125280603445	-0.6754216826594138	-0.6686928544367857	-0.6562530039411708	-0.6225297001430583	-0.6731033468852311	-0.6895578764044309	-0.6992270329260225	-0.6817999332771655	-0.7685961628715698	-0.7365013485928833	-0.43973175158749456	-0.3798395259286066	-0.3942584435485239	-0.28945835760046595	-0.3586465442660771	-0.5610994566047124	-0.3505945683089154	-0.4645209809387564	-0.5677830490073564	-0.5071105054537436	-0.4698927345618628	-0.49075775652950787	-0.3835940989872831	-0.5725667369706702	-0.4116742342423848	0.002810275316509378	-0.09360987497950252	-0.03922511040367315	-0.1866938835516904	-0.09173258845016426	-0.19281202820453375	-0.32499109419794064	-0.22368547534365088	-0.30188689914108485	-0.2801058518187627	-0.24729857337532726	-0.11548139394179281	-0.23563904077443723	-0.13743207558905518	-0.09624486149357368	-0.1072371657496989	-0.10937455824394547	-0.02243131223459296	0.046010483401281305	-0.04260648794748121	-0.10186541212659245
FruR	0.5496774120587387	0.3837863512222153	0.45670649303651095	0.4421179410916534	0.48659606109097486	0.4746990404351686	0.5269916483367354	0.6093095317527184	1.0	0.5983737722715733	0.22073383808969133	0.29752164251262364	0.2206433664497232	0.34968985190923435	0.3457656445256176	0.31903127491504146	0.35972089499069837	0.2976347320625838	0.16163323928052428	0.26342514319964266	0.2669874640233869	0.21374490390215492	0.2505329345041871	0.18366308361275877	0.1235446788539505	0.1790490299743852	0.06220490695557277	0.2090856144437973	0.1070675314247587	0.23189577667075673	0.033197437390797904	0.11853481179071648	0.060485945796178706	0.21487579940175627	-0.01436802732243527	0.12340897139399834	-0.6643728336283086	-0.6091285884727822	-0.6943754912327327	-0.6440958773204563	-0.6282294134610491	-0.6600641217748274	-0.6642484351233524	-0.6427048758559465	-0.6412912564814448	-0.633092264109335	-0.6332279715692871	-0.497520511617124	-0.4760674239896862	-0.5564062402813668	-0.564051093858672	-0.5070878875437516	-0.3196419584848262	-0.30370764089544305	-0.35509553239732883	-0.3904699436248594	-0.39247162865915375	-0.39981114045156657	-0.33723869245862337	-0.4306958965456797	-0.4548292065071727	-0.42333376684327484	-0.3986915539069612	-0.43610157703377417	-0.4332856472397668	-0.4729913882307705	-0.36468552623394834	-0.05321428773374196	0.10695444187479856	0.02802924495761969	-0.04300230137234169	0.006949352845050353	-0.09910602710756512	-0.20841838609903252	-0.16906322271290522	-0.2691587833826215	-0.19872661166744887	-0.29904835143708547	-0.1541693289831553	-0.06612911433918948	-0.15421456480313936	-0.24106733917252376	-0.02261225551452918	-0.07158003064726803	-0.03553839107497272	-0.0441784326919271	-0.0564034130426178	-0.17010364657253846
NifA	0.500890580205936	0.41790546844518833	0.37685396180965897	0.5022928906254418	0.5115549247671769	0.476700725469463	0.5113400546222526	0.6510621935980005	0.5983737722715733	1.0	0.3400998580726148	0.4389175068277816	0.35653176968182254	0.37126733804162826	0.2983924320473167	0.44521659476056114	0.26008900147581865	0.3267100553573347	0.13501195921990827	0.2440755212014634	0.220462423169787	0.17406178082114324	0.1049075210205201	0.028221497192551924	0.20602088763987764	0.07614884846565753	0.11144409700821596	0.17108752565719165	0.23601223628930568	0.21061232336825916	0.03929296413364923	0.14883150222503688	0.18522371940220864	0.13497803235492023	0.07731367083024693	0.18307501795296605	-0.6359195028583384	-0.6571237934758639	-0.7457746916896144	-0.653979903986972	-0.6825463243069024	-0.6762133095091348	-0.6476016533692204	-0.6889585017896421	-0.7059897880136387	-0.6415287445363611	-0.6827159586318426	-0.6595891456649948	-0.5446110002205247	-0.5683484967571572	-0.6436774459856037	-0.6138444227061198	-0.2822997890879893	-0.3274677553420676	-0.3046462841601122	-0.41127842081752436	-0.4461891648902183	-0.39977721358657853	-0.4099778909929828	-0.4760448060796942	-0.4848997178415729	-0.5368869839582473	-0.30339099015555465	-0.49996324589626295	-0.3115108198426924	-0.4709331584214961	-0.31949494206987805	0.03933819995363329	-0.01957014662060152	0.009686119954085642	-0.0022222096567166712	0.1227982878242136	-0.21528292178161276	-0.20478821154531215	-0.23524322734957676	-0.2896845367003862	-0.2794612413839899	-0.31726707793566333	-0.19920158777728145	-0.18197804931835274	-0.004721488710835675	-0.2310249871360637	-0.1549044110578962	-0.023754459969126552	-0.07586612459075719	-0.0797111692894018	-0.028583383752424356	-0.05891400105173281
PaaR	0.19038060288039083	0.17393738231618708	0.12499222509344024	0.2103182905383628	0.3038320394003992	0.30411476327529957	0.2760233190652018	0.3187711689501332	0.22073383808969133	0.3400998580726148	1.0	0.21774827397074373	0.19552617740357703	0.022216442089668702	0.2477622405301638	0.3083330034888126	0.2871174039162911	-0.014424572097415338	-0.03265460755098925	-0.00753741850484306	0.12103409084483548	0.10266834793130941	-0.027757830037715366	-0.026740024088074143	0.16266235418516153	0.15801437368179994	0.18862771485600874	0.0019394857818163312	0.20862194728896077	0.16533126756422073	0.10598187174514138	0.08522993932745644	0.048532380365392334	0.11052807165353885	0.12050256996002284	0.1366856845593183	-0.255429712017461	-0.3673883664779956	-0.34386574008628734	-0.34560731915567344	-0.35769659204641197	-0.36791988736280823	-0.30878536168865317	-0.37600579018495794	-0.3729636812910303	-0.3574138681715116	-0.3581037144262684	-0.3407557774623836	-0.36370164714929515	-0.35014221010907487	-0.33842613273320477	-0.3545413936025242	0.03482592691022386	-0.08437045874775942	-0.2365211392641263	-0.1852802641771887	-0.28430147412228374	-0.15876076471153683	-0.38100434829319596	-0.29169753068967663	-0.33032892095605904	-0.34635371018541034	-0.26777909087310786	-0.0388519148888047	-0.16353314371985456	-0.1940899401190833	-0.24058105410769517	0.2993310753119858	0.07134254259235176	-0.11326483876257415	-0.041758316322780195	-0.009776591594053752	-0.08097777224895533	-0.16355576162984659	-0.15352471854838254	-0.24810150918004423	-0.1650598526443164	-0.16872395406302482	-0.13259184285076137	-0.2079094831242119	-0.07279008883184149	-0.06355067260009839	-0.1643247705695755	0.13481970698497606	-0.14552928736620094	-0.0013966559420076788	-0.11923596700046932	-0.008408208039536107
FixJ	0.29660561715794653	0.3099841109182306	0.35880486963602126	0.2405132003777191	0.3110584616428519	0.3771932304595394	0.24879135543480105	0.3461727669054741	0.29752164251262364	0.4389175068277816	0.21774827397074373	1.0	0.44523921267055316	0.26703269984337097	0.2261055917127978	0.1834595224228305	0.18938541484074164	0.21023912785339072	0.33480726713448045	0.18027039711395468	0.07817315140994396	-0.13407331595523916	-0.11900978790054904	0.0962561704485697	0.12510531464340038	0.10314332404114197	-0.12200666097449266	0.14478289633646402	0.10007859723722229	0.21409548150703134	-0.01021764083889828	0.06469287705469576	0.17032982567245875	0.24303509734183013	0.18213637468829694	0.2820962278980611	-0.35044755189396726	-0.46946299427201427	-0.4607437899700878	-0.4136419924116912	-0.4177245251652521	-0.40537514630960525	-0.420947577339116	-0.4737377792605074	-0.44263815302147	-0.44062515903217964	-0.46653397492804677	-0.386862386981131	-0.46267762127440615	-0.4070149447840272	-0.5012524667658085	-0.43618073971874627	-0.18429638509253551	-0.13999920837315027	-0.18324465227790626	-0.3245839718180841	-0.2831366517576943	-0.29546341270334914	-0.40811191341864056	-0.4796184358584345	-0.2619210521851728	-0.3729636812910303	-0.31359166756195894	-0.2900124963952706	-0.2949205828635405	-0.36937874255729397	-0.3971761539374954	-0.07211155153208068	-0.2532470837032304	-0.11703072077624667	-0.002369226071664848	0.1731231375564741	-0.2239568902635552	-0.28899469044562937	-0.3541795070426517	-0.3549145891173926	-0.10413851208079117	-0.2465974181655744	-0.329469440376362	-0.061107938320959454	-0.009799209504045779	0.03029103595682241	-0.07906655885462904	0.09175520636015629	0.010896178138659098	-0.09769240773306342	0.02767866735274327	-0.004212585736015064
NmlR	0.09587166597870524	0.217963144115668	0.371052467896704	0.28716263973627515	0.2960967141831259	0.3007333857314915	0.2718842415366608	0.38975747946011047	0.2206433664497232	0.35653176968182254	0.19552617740357703	0.44523921267055316	1.0	0.14618520675596972	0.19703026841804683	0.25531662246750086	0.19477978637384014	0.1979123669077359	0.14109617700776358	0.15899825276645313	0.2406828347026593	-0.11617124019654963	-0.09233196306495298	0.030223182226846328	0.15667991699227032	-0.06257810247044122	-0.09351940333953442	0.09297657349972575	0.17074825700731125	0.13463876370503983	-0.05251313252398912	-0.03662405075459002	0.05298810863382169	0.1059027090601693	0.24289938988187795	0.18848069844106055	-0.23680386313902663	-0.4096386223431024	-0.31223459296243733	-0.311974486997529	-0.36175650688998084	-0.3158873854261497	-0.3055057647398092	-0.35405510853769556	-0.356882347286699	-0.3242673210781958	-0.3758927006349978	-0.31750456599057963	-0.3831982855624226	-0.39362514206874716	-0.3829268706425183	-0.3548241174774245	-0.17383560172122295	-0.20910823235378934	-0.25820040599148436	-0.3392629954029098	-0.2541744180129035	-0.14469242469649593	-0.3320591910704491	-0.4264889652871626	-0.3349429745944326	-0.31277742280224596	-0.3228650106586901	-0.29556519329831327	-0.20630361151477797	-0.3944280778734641	-0.2913469530848002	-0.0668076516389503	-0.0022900633866927526	-0.16189334524543258	-0.12328457288904218	-0.0876952915165874	-0.2119920158777728	-0.158896472171489	-0.24914193303967747	-0.2632781267846945	-0.12338635348400631	-0.17324753606143026	-0.22573239619792934	-0.21787267247569989	-0.04391832672701879	0.037506149244279086	0.15407885734318721	0.12477735494851598	0.17017150030251454	-0.060508563706170734	0.023528280869206282	-0.001668070861912005
BioQ	0.3143267496366998	0.19423695653403147	0.247931874855104	0.1873611118964552	0.5654647132331737	0.35569490701211753	0.4646566883987085	0.3745582439454682	0.34968985190923435	0.37126733804162826	0.022216442089668702	0.26703269984337097	0.14618520675596972	1.0	0.17150595699204416	0.3046462841601122	0.2643298595993237	0.20979807860854618	0.28788641285602	0.18563084178206513	0.08737864077669903	0.12358991467393456	0.052908945948849595	0.15969940797620596	0.040627420823178835	-0.005942855850405143	0.11052807165353885	-0.007130296124986571	0.024421688313891354	0.08828335717638011	0.12426845197369538	0.22334620669377045	0.3296277657463062	0.15968809902120995	0.11950738192037365	0.22209091268921297	-0.35118263396870814	-0.41096177007763596	-0.44996635585888684	-0.459251007910614	-0.4509954707635241	-0.39239246597418165	-0.4853407670864174	-0.4864377357210307	-0.4228022459584622	-0.4384764575829371	-0.5067712368038632	-0.36070477407535156	-0.496661031037427	-0.49721516983223163	-0.49929601755149816	-0.46599114508823813	-0.34120813566222413	-0.13959208599329379	-0.3937269226637113	-0.2830461801177262	-0.41693289831553115	-0.4279817473466364	-0.2790315010941414	-0.4002634986514071	-0.369401360467286	-0.3282028374168085	-0.18042872248389888	-0.22615082753278185	-0.2545136866627839	-0.28065999061356733	-0.24211907198715302	-0.028447676292472194	-0.036420489564661776	0.16443786011953565	0.10470395983059186	0.18306370899797003	-0.24651825548060233	-0.20734403537441123	-0.38311912287745054	-0.2534732628031507	-0.12487913554348011	-0.2200439918349345	-0.22101656196459166	-0.14906899027995318	-0.11720035510118687	-0.13531730100480066	-0.20077353252172733	-0.09071478250052303	0.13883438600856088	-0.10945372092891756	-0.10586878219518125	-0.3104025422530831
RbsR	0.26658034164353045	0.3396701177827663	0.3833679198873628	0.3657259500935816	0.3074848318641116	0.2754578713154011	0.3010048006513958	0.5834685695868274	0.3457656445256176	0.2983924320473167	0.2477622405301638	0.2261055917127978	0.19703026841804683	0.17150595699204416	1.0	0.37375530814075125	0.4281513816715766	0.1292896279919254	0.13555478905971693	0.2960967141831259	0.15579781850258126	-0.06330187559018609	-0.000638955957274768	0.004246512601003104	0.11810507150086796	0.07325375598667805	0.14287168294213773	0.27185031467167275	0.17092920028724745	0.414309220756456	0.04373738344708257	-0.026717406178082114	0.06303046067028176	0.24311426002680223	0.23912219891320943	0.20511617124019654	-0.41082606261768384	-0.3448043833509565	-0.340258183442559	-0.31284527653222205	-0.41255633273207387	-0.368564497797581	-0.4148633595512607	-0.4219427653787652	-0.39088837495971185	-0.4060989194293501	-0.4347784292992406	-0.4795505821284584	-0.5462168718299586	-0.41518001029114904	-0.488382875980345	-0.4782839791689049	-0.3509338369587958	-0.3255452329927453	-0.34887560714952137	-0.2168887933910467	-0.22537050963805688	-0.3916234570344527	-0.28000407122379856	-0.35878225172602923	-0.3958982420229459	-0.29728415445770734	-0.3634528501393829	-0.31275480489225393	-0.3238828166083313	-0.20321626680086627	-0.37602840809495	-0.019920724225477946	-0.1901770416904626	-0.014322791502451216	-0.19548094158359297	-0.12026508190510656	-0.15653290057732216	-0.2174655500958434	-0.22318788132382628	-0.2907588874250075	-0.22508778576315655	-0.1142260999372353	-0.09690078088334247	-0.12653024297289808	-0.05569094887786894	0.09682161819837037	-0.03794719848912361	-0.012117545278228566	-0.12407619973876315	0.11790151031093972	-0.00027706939740233306	-0.08686973780187841
CueR	0.37823365431917266	0.38871705560047726	0.405997138834386	0.4701076047067871	0.3363339760589423	0.4249057115877207	0.4931213281236747	0.5322729303198738	0.31903127491504146	0.44521659476056114	0.3083330034888126	0.1834595224228305	0.25531662246750086	0.3046462841601122	0.37375530814075125	1.0	0.43284459799492225	0.0771214185953147	0.10408196730581111	0.22785847973717988	0.21874346201039294	0.04356774912214237	0.03250759113604108	-0.034237861250431156	0.1169741760012666	0.03573064330990495	0.10376531656592272	0.3373630909635795	0.085693606482293	0.024365143538911286	0.10140174497175589	0.3072360348541993	0.18555167909709303	0.21742031427585934	0.07091280230250324	0.11604684169159349	-0.4727991359958383	-0.5528326105026266	-0.4395394993525623	-0.4312274174304923	-0.5296605617157947	-0.5404493047819916	-0.5503107135385155	-0.47481212998512873	-0.5133417396565471	-0.4578826243560964	-0.486720459595931	-0.48200462536259336	-0.5813085591825887	-0.5104692650875596	-0.6058376825689422	-0.5478453613493846	-0.20775115775426772	-0.1931739147644062	-0.35534432940724114	-0.2654607550989251	-0.2921272709795251	-0.3900175854250188	-0.22116357837953984	-0.49588071314270205	-0.3256357046327134	-0.4315553771253767	-0.3908544480947238	-0.277018507104851	-0.28130460104834015	-0.28536451589190903	-0.24447133462632387	0.18800572233122798	-0.12591955940311336	-0.012422887063120933	-0.04838536395044416	-0.06269119202040135	-0.24812412709003626	-0.26342514319964266	-0.08883749597118479	-0.1822833911032451	-0.2584831298663847	-0.02289497938942952	-0.13558871592470498	-0.1751248225907685	-0.0658011546443051	-0.04741279382078699	-0.1295384250018377	0.023720533104138512	-0.1282831309972802	0.06624220388914963	-0.09386998094441083	-0.047163996810874693
DasR	0.2872191845112552	0.2431029510718062	0.3364470656089024	0.21293065914244194	0.3808120960582637	0.24362316300162284	0.30892106914860534	0.3723643066762416	0.35972089499069837	0.26008900147581865	0.2871174039162911	0.18938541484074164	0.19477978637384014	0.2643298595993237	0.4281513816715766	0.43284459799492225	1.0	0.08226699311850089	0.17364334948629073	0.0493353161701093	0.08606680199716145	0.10071189871699905	0.1545764513630118	0.15194146484894064	0.18688613578662264	0.0812039513488756	0.16250402881521733	0.23488134078970432	0.13031874289656264	-0.00435960215096324	0.1519867006689247	0.28650672034650637	0.2563118105071501	0.2291137737417374	0.08301338414823778	0.17143810326206807	-0.43141966966542455	-0.3343096731146558	-0.39753804049736785	-0.3767408722596988	-0.36675506499821886	-0.446777230550011	-0.4528275214728783	-0.4547161169572126	-0.4558357035018179	-0.5101073785276872	-0.45360783936760324	-0.39979983149657056	-0.4648263227236487	-0.5114757620822048	-0.44604214847527013	-0.4377753023731842	-0.23264216770049365	-0.16967390628268994	-0.3798282169736106	-0.4027514687505301	-0.40447042990992416	-0.1652973406992327	-0.25360897026310286	-0.4138681715116115	-0.4336927696196233	-0.27617033548014996	-0.25394823891298324	-0.18279229407806571	-0.32234479872887345	-0.18474874329237606	-0.2343724378148837	0.05018348779481032	-0.008283809534579956	0.10303023449118184	-0.013022261677909652	-0.1064116120349899	-0.24953774646453794	-0.1894985043907018	-0.198828392262413	-0.2686498804078009	-0.15903217963144115	-0.11540223125682071	-0.19082165212523536	-0.06698859491888652	-0.04208627601766459	0.026366828573205693	-0.14993977981464623	-0.05930981447659329	-0.2563909731921222	-0.05526120858802042	-0.048849031105280716	-0.05489932202814799
FabR	0.39706306438753525	0.2395067033830739	0.27863568766928093	0.36641579634833843	0.2253592006830609	0.24175718542728059	0.17956924190420184	0.24587364504582954	0.2976347320625838	0.3267100553573347	-0.014424572097415338	0.21023912785339072	0.1979123669077359	0.20979807860854618	0.1292896279919254	0.0771214185953147	0.08226699311850089	1.0	0.26422807900435963	0.2017461026513845	0.2682879938479285	0.1633182735749303	0.05195899372918446	0.048102640075543816	-0.03754007610926712	0.014922166117239937	-0.04986683705492194	-0.026253739023245556	-0.12114718039479562	0.05672006378250618	0.03463367467529163	0.03541399257001657	-0.03222486726114073	0.11981272370526601	0.20263951009606956	0.06342627409514223	-0.36976324702715846	-0.3473488982250595	-0.43104647415055614	-0.4395394993525623	-0.37090545148175585	-0.3401111670276108	-0.31992468235972654	-0.3614737830150805	-0.4085755805734771	-0.32041096742455516	-0.3752820170652131	-0.3563395174468903	-0.1874289656264313	-0.23673600940905057	-0.2767923280049307	-0.15422587375813537	-0.35450746673753614	-0.33088305975086374	-0.1562388677474258	-0.20052473551181504	-0.06801770982352376	-0.1774544673199473	-0.30339099015555465	-0.26302932977478216	-0.20632622942477	-0.2839395875624113	-0.28130460104834015	-0.3772950110545035	-0.2900124963952706	-0.2807843891185235	-0.3448043833509565	-0.20171217578639647	0.0760470678706934	-0.0014305828069957195	0.06046332788618668	-0.12832836681726426	-0.10500930161548422	0.061560296520799994	0.1175509327060633	-0.021684921204856066	0.07224725899203284	0.10179755839661636	0.008905802059360705	-0.12634929969296188	-0.15945061096629365	-0.12368038631390266	0.01320320495784587	0.023709224149142498	0.18699922533658278	0.026004942013333258	0.14131104715268786	0.15836495128667635
MetJ	0.3165659227259105	0.38931643021526596	0.4208684146541439	0.21377883076714296	0.2144121322469197	0.20277521755602174	0.2566284612470385	0.17882285087446495	0.16163323928052428	0.13501195921990827	-0.03265460755098925	0.33480726713448045	0.14109617700776358	0.28788641285602	0.13555478905971693	0.10408196730581111	0.17364334948629073	0.26422807900435963	1.0	0.14119795760272771	0.20891598011885712	0.10196719272155656	0.16908584062289725	0.06948787397300553	-0.05927588761160525	0.11288033429270969	0.005411334965592505	-0.08902974820611702	-0.08898451238613296	-0.04655331324108996	0.05526120858802042	-0.06617435015917354	0.06386732333998676	0.09453720928917564	0.04702828935092253	0.018122600381111784	-0.37540641557016924	-0.3009369469214197	-0.31293574817219016	-0.3679651231827923	-0.321926367394021	-0.25661715229204246	-0.3342418193846798	-0.385211279551713	-0.33074735229091157	-0.3440919191862076	-0.4439839186659957	-0.3614850919700765	-0.29677525148288675	-0.2935974351290069	-0.3366506267988307	-0.32259359573878577	-0.23907696309322538	-0.19587675500845345	-0.09411877795432314	-0.1433466590519703	-0.2536428971280909	-0.2485877942448728	-0.2297696931315062	-0.270402768432183	-0.06694335909890246	-0.21735246054588325	-0.3427009177216979	-0.26317634618973035	-0.2757292862353054	-0.2898541710253264	-0.366913390368163	-0.11691763122628654	-0.08325087220315407	-0.2415083884173683	-0.027169764377922657	-0.15890778112648501	-0.24526296147604482	-0.05673137273750219	-0.11326483876257415	-0.02070104212020288	0.08664355870195814	0.13400546222526308	-0.11874968193564074	-0.005535733470548654	0.009211143844253072	-0.10785915827447964	-0.12288875946418171	0.008362972219552052	0.05761347122719125	0.0423463819825729	-0.011303300518515587	-0.07411323656637508
GlcC	0.19047107452035894	0.13033005185155866	0.3682026112377086	0.2600550746108306	0.24145184364238823	0.13513635772486443	0.20904037862381328	0.33382338804982725	0.26342514319964266	0.2440755212014634	-0.00753741850484306	0.18027039711395468	0.15899825276645313	0.18563084178206513	0.2960967141831259	0.22785847973717988	0.0493353161701093	0.2017461026513845	0.14119795760272771	1.0	0.28557938603683325	0.16292246015006984	-0.09510265703897632	0.005908928985417103	0.13913972779345324	0.25146026881386024	-0.04706221621591057	0.0649756009295961	0.0015210544469638283	0.015069182532188113	0.08465318262265975	0.24781878530514387	0.08059326777909087	0.11370588800741867	0.13507981294988436	-0.016810761601574208	-0.29013689490022676	-0.31535586454133707	-0.23315107067531424	-0.2549886627726165	-0.1915001894249962	-0.1762896449553579	-0.18445471046247972	-0.2686385714528049	-0.2832949771276385	-0.28037726673866703	-0.34206761624192117	-0.16857693764807663	-0.20077353252172733	-0.25602908663224977	-0.285330589026921	-0.2989126439771333	-0.14125450237770779	-0.20872372788392488	-0.17043160626742285	-0.13333823388049829	-0.09574726747374909	-0.1720487868318528	-0.0837710841329707	-0.12380478481885882	-0.20306925038591808	-0.2867668263114147	-0.14246456056228124	-0.23889601981328915	-0.3641426963941397	-0.29178800232964475	-0.35127310560867625	-0.019004698870800845	-0.062453703965485066	0.05832593539194011	-0.23903172727324132	-0.11457667754211172	-0.1238726385488349	0.08449485725271556	-0.07224725899203284	-0.08647392437701794	-0.20339721008080247	-0.18956635812067785	-0.044449847611831426	-0.11815030732085202	-0.0759565962307253	-0.08175809014368027	0.16443786011953565	0.03224748517113276	0.06706775760385862	-0.03617169255474948	0.14712385002063885	-0.07711010964031868
HrcA	0.34531328632577707	0.34643287287038244	0.48406285517186787	0.5237346692978835	0.16227784971529705	0.133937608495287	0.24469751372624413	0.29579137239823355	0.2669874640233869	0.220462423169787	0.12103409084483548	0.07817315140994396	0.2406828347026593	0.08737864077669903	0.15579781850258126	0.21874346201039294	0.08606680199716145	0.2682879938479285	0.20891598011885712	0.28557938603683325	1.0	0.1903466760154028	0.03863704474388044	0.059038399556688964	0.18948719543570577	0.3623219546397815	-0.022374767459612893	0.042674341677457296	0.0075148005948510324	0.10369746283594665	0.13648212336939006	0.08208604983856467	0.024150273393987027	0.04191664169272438	0.23164697966084444	0.11108221044834352	-0.4175661997953079	-0.3265404210323945	-0.35134095933865234	-0.4319285726402452	-0.3654884620386653	-0.41616388937580223	-0.3223900345488575	-0.43023222939084316	-0.3902663824349311	-0.36379211878926326	-0.36395044415920746	-0.324436955403136	-0.26143476712034425	-0.3251946553878689	-0.23747109148379145	-0.2560403955872458	-0.17441235842601965	-0.25312268519827424	-0.23816093773854827	-0.13731898603909506	-0.10151483452171602	-0.21727329786091115	-0.16943641822777367	-0.3247083703230403	-0.2077398487992717	-0.3509338369587958	-0.34320982069651856	-0.35285635930811815	-0.4770513030743394	-0.44894854990924565	-0.44086264708709594	-0.1109012671684073	0.20769461297928765	0.01814521829110381	-0.11207739848799271	-0.28323843235265844	0.06956703665797762	0.18533680895216878	-0.07289186942680562	0.03747222237929104	0.005038139450724056	-0.0019055589168282905	-0.029714279252025716	-0.1028266733012536	0.08542219156238867	-0.20803388162916805	-0.026253739023245556	0.1566572990822783	0.23240467964557734	-0.03807159699407976	-0.05830331748194808	-0.009527794584141453
PrpR	0.15450859763303573	0.18193281349836868	0.222973011178902	0.20277521755602174	0.07537983952592861	0.12966282350679387	0.29048747250510315	0.13624463531447376	0.21374490390215492	0.17406178082114324	0.10266834793130941	-0.13407331595523916	-0.11617124019654963	0.12358991467393456	-0.06330187559018609	0.04356774912214237	0.10071189871699905	0.1633182735749303	0.10196719272155656	0.16292246015006984	0.1903466760154028	1.0	0.14019146060808252	0.18287145676303782	0.041780934232772224	0.14698814256068668	0.16141836913560004	-0.08613465572713754	-0.23498312138466845	-0.2814742353732803	-0.0741245455213711	0.22015708138489462	0.02044093615529457	0.18483921493234418	-0.022374767459612893	-0.08674533929692227	-0.3081407512538804	-0.17127977789212387	-0.26807312370300423	-0.32108950472431597	-0.26370786707454297	-0.22136713956946807	-0.2686611893627969	-0.2268746006525267	-0.28407529502236345	-0.23581998405437346	-0.2989804977071094	-0.17218449429180496	-0.02559781963347677	-0.11835386851078027	-0.1405194203029669	-0.12296792214915381	-0.07711010964031868	-0.14662625600081425	-0.1516587409740403	-0.1671293914085869	-0.11035843732859865	-0.04511707595659623	-0.11692894018128255	-0.10433076431572341	-0.1449299127514122	-0.2423339421320773	-0.15934883037132955	-0.12589694149312133	-0.17641404346031406	-0.12291137737417374	-0.12076267592493116	0.12349944303396644	0.03475807318024778	0.006236888680301497	0.011665187078388022	-0.1535812633233626	-0.055555241417916776	0.273716292246015	0.07159133960226405	0.10273620166128548	0.09097488846543135	-0.042810049137409455	0.12301315796913787	-0.08742387659668309	0.02356220773419432	-0.20001583253699443	-0.1328632577706657	-0.12956104291182974	-0.08249317221842116	0.07621670219563362	0.06374292483503062	-0.01943443916064936
