	AcnR	AgaR	AmtR	AraR	ArgR	BioQ	BirA	CadR-PbrR	CblR	CcpA	CsoR	CueR	CzrA	DasR	ExuR_UxuR	FUR	FabR	FadP	FadR	FixJ	FnrN_FixK	FruR	GguR	GlcC	GntR	GulR	HcpR	HexR	HisR	HrcA	HutC	HypR	Irr	IscR	KdgR	LexA	LiuQ	LiuR	LldR	LtbR	MerR	MetJ	MetR	MntR	ModE	NadQ	NagC	NagQ	NagR	NarP	NiaR	NifA	NikR	NmlR	NnrR	NorR	NrdR	NrtR	NsrR	NtrC	PaaR	PdhR	PdxR	PhnF	PhnR	Phr	PhrR	PhsR	PrpR	PsrA	PurR	QorR	RbkR	RbsR	Rex	RutR	SahR_SamR	SdaR	SiaR	SoxR	ThiR	TrpR	TtrR	TyrR	VanR	XylR	ZntR	Zur
AcnR	1.0	-0.3527699846631504	-0.013099913964014514	-0.41535929375678	-0.5710320577563311	0.3252634072744049	-0.5371962243918253	-0.02750408359206474	-0.14557538123916758	-0.31905884113268246	0.2084489831544034	0.40904500056110427	-0.5287821543909526	0.1239940647638998	0.0008054963278843876	-0.5547126522774598	0.298928914325615	0.46262172845047944	0.3258020673574483	0.3851743787329019	0.015803189565954688	0.40295016147333507	-0.10669210339281038	0.11856257559321189	0.3934886968665445	-0.34120874325116274	0.17613436576515917	-0.23038441875833862	-0.06940485542213744	0.20764099302983827	-0.30631055250065464	-0.029244753675232858	-0.28673424855671514	-0.475629371937306	-0.5368969687901345	-0.00494021122457886	0.03837204952680208	0.39173306400329183	-0.12902654646566666	0.014501427698599733	0.4316587488622053	0.17660818713450294	-0.514657289991147	-0.5185775383732965	-0.48432274716642354	-0.38360827441738676	-0.5424930485417524	-0.11657751343532961	-0.008112320602501277	-0.23367124278357584	-0.19244878365066895	0.5123580094514895	-0.15955560543148917	0.30940784797815435	0.5638997992493672	0.09924063891070961	-0.23917754585468648	-0.5654758787516054	-0.5864287584633224	0.43429219815708425	0.2398309205850447	-0.001154627863190314	0.1991770470953503	-0.3779423683587077	0.18493248045486851	-0.5344580356363545	-0.34130350752503147	0.28528784648187633	0.17010436539108967	-0.17018416688487387	0.24500804249429545	0.11107619795758052	-0.5345228743500542	0.36880509732041544	-0.39050112844299806	0.011169715333108891	-0.5480542151398397	0.08383895061035673	-0.3957281262858639	-0.005538722427960449	-0.5386775396201947	-0.43213755782491053	-0.014087457449594134	-0.2662901033678724	0.10263718998990012	-0.34023117495230615	0.13299168318806967	-0.54386962430953
AgaR	-0.3527699846631504	1.0	-0.10320078803975112	0.5506028753475729	0.5990723076347585	-0.2070474694198182	0.4493846556690233	-0.04140949388396364	0.18450354742577837	0.20403995062282573	-0.49523061384805295	-0.409139764834973	0.6029975436102695	0.1283183082083318	0.22512250776194218	0.7075275252808638	-0.5621491539794761	-0.403114752054265	-0.25581116971533313	-0.3913141061609247	0.05970398633399419	-0.34352298657090485	0.5183381338919438	-0.26219528921807006	-0.5520442898290502	0.5677252833576478	0.007623536453072981	-0.06543971869973442	-0.1454008154715146	-0.5530567712814374	0.2535767278893752	-0.06542974351301138	0.6527986633249792	0.5027319542637688	0.6939612713375478	-0.4748213818127408	-0.060781306500081046	-0.679123181087046	0.04863651666479632	0.16356563049414583	-0.5299991271711617	-0.26554695195700695	0.6850334792204391	0.6011621092532325	0.44401800521203505	0.4926570156735121	0.7186099577301462	-0.1562538186261674	0.23853414631105127	-0.011174702926470406	0.027464182845172633	-0.5798102220725945	-0.08867192857766307	-0.5252409631042781	-0.732824598810459	-0.13666753949550492	0.06503073604409032	0.5829573934837092	0.625995336600207	-0.7030037781019713	-0.33244554171498397	0.08560954625369394	-0.4684921258369805	0.6058703973865011	-0.2629733537824661	0.5516652327335753	0.3307946483123231	-0.2960859861095525	-0.3784261649147745	-0.056955822391800394	-0.526881881320216	-0.377867554458285	0.6153119116198457	-0.3525854437087744	0.34234092694422624	0.05344954425865659	0.7470442274841332	-0.1371862492051023	0.5147819798251848	-0.24323744685095824	0.6476115662290054	-0.032840808488883905	0.06914051297397723	0.07220788289130788	0.1395603436451826	0.6059851120338159	-0.1661591790421327	0.6325041459369818
AmtR	-0.013099913964014514	-0.10320078803975112	1.0	-0.05826755944587838	-0.0942231199890273	0.12023341936931882	-0.23074352548036758	0.04234716143592813	-0.04106036234865772	-0.012406638486764173	0.1450616591229317	0.09034277235377	-0.0651703886582127	0.137824661155376	-0.08121547650220078	-0.06270152994426365	-0.0336687489868951	0.04638212446539234	-0.00906993852791182	-0.011434057781269094	0.08300103492562251	0.12087681891295403	-0.0169752740059103	0.09177919924188581	0.07091609621067595	0.00492524844449432	0.12692178206710808	-0.059299991271711615	-0.15661791294155789	0.1108816818164815	-0.005538722427960449	0.05539470566964676	-0.05845708799361588	-0.12104140949388396	-0.1201486302821731	0.09058716442848415	-0.05170887417548847	0.001089789149490642	-0.08597364056908441	0.04160899761842417	0.18003965136722402	0.04303046172645544	-0.01941420715969027	-0.14335091459993266	-0.010855496951333558	-0.20246387112058753	-0.15484232970485917	-0.04571378695494956	-0.04328482898789262	-0.044097806705819274	-0.11086173144303545	0.04928490380179304	0.007833015374256538	0.007763189067195352	0.07152957019414208	0.051913365503310514	-0.12087183131959252	-0.11797902716991483	-0.11460741405753189	-0.009957730146261175	0.1614858040623948	-0.03535954313644808	0.055763787578398734	-0.046651454506914054	0.13791942542924476	-0.23094801680818963	-0.22450903377847603	-0.03503036197458821	-0.005553685208044988	-0.13852292422598786	-0.08377909949001858	0.10585418770807616	-0.10160475816406689	0.034895696953827354	-0.1279193007394107	0.18012444045436976	-0.0508909088642003	-0.115210912854275	-0.0032544046683873865	0.01936931881943665	-0.1120088779161835	-0.03259641641416975	-0.07148966944724996	0.057688998615942844	0.03168368682901283	-0.04638711205875385	-0.05215775757802466	-0.04211773214129852
AraR	-0.41535929375678	0.5506028753475729	-0.05826755944587838	1.0	0.5736206187109565	-0.4105961420965349	0.5704135961795035	0.13123106273145552	0.13794436339605232	0.1449419568822554	-0.43320989039763586	-0.5048167682888814	0.6740458110450255	0.009967705332984201	0.0711255751318595	0.6237060312472724	-0.3621217222159877	-0.5300938914450305	-0.22069352485691843	-0.36534370752752526	0.06489607102332946	-0.3950398384019751	0.2440155114153543	-0.24311275701692042	-0.47785383857654085	0.48678163069364955	0.0017431638798488759	-0.014541328445491839	-0.13210887916308184	-0.3977281512238307	0.4330702377835135	-0.004800558610456489	0.4732353271237796	0.49172433571490914	0.6116360553124104	-0.2415616154814898	-0.14620381800271823	-0.6131722340677564	0.15434855796206937	0.0693549794885223	-0.563675357548099	-0.16900709485155677	0.640893277971047	0.5710919088766693	0.473579471065724	0.4919238394493697	0.646364667888627	-0.00478559583037195	0.08317560069327548	0.09067195351562987	0.25201561116722154	-0.5339193755533111	0.04835721143655158	-0.3513584957418422	-0.6435915659796256	-0.10373446052943304	0.10239279791518598	0.587386376388733	0.6771181685557176	-0.559301238170052	-0.34818638636391974	-0.007548722552650282	-0.3865210289405105	0.5339393259267572	-0.24757665307547475	0.5716355565530742	0.335283482337685	-0.19320191024825745	-0.3563111759498248	-0.10261723961645407	-0.4995099689522313	-0.1699248120300752	0.6187982393795434	-0.4725320764598062	0.33227596354069255	-0.0023416750832304643	0.7134029102607264	-0.16677764061896033	0.4425915535106423	-0.10622326961682814	0.6092669484656916	0.18160076808937767	0.005274379979800247	0.15875260290028553	0.0658137882018479	0.5228668686641978	-0.41870098130899386	0.6100599758101722
ArgR	-0.5710320577563311	0.5990723076347585	-0.0942231199890273	0.5736206187109565	1.0	-0.45854686467412314	0.7574084464893577	0.027100088529782167	-0.028855721393034824	0.3768101846656442	-0.383523485330241	-0.6027830770957244	0.7963715258294991	-0.2712627339493011	0.03737453085449943	0.8859337398221923	-0.4256586740483048	-0.7322909263207771	-0.49971446028005334	-0.49133530343271115	-0.15904687090861483	-0.5748625294579733	0.17917181012232072	-0.3457125400566092	-0.6903751917106198	0.5848526789610843	-0.2155962044414519	0.22552151523086322	0.09425803314255789	-0.48889138268556964	0.41518971558248857	0.1349617825658674	0.5716255813663512	0.7403309268195364	0.8590306612301899	-0.1417050087906333	-0.023863140438160076	-0.6315116148580406	0.24458409705856682	-0.05781867604334218	-0.6451476951084179	-0.2549034277235377	0.7999675806431502	0.896183244180102	0.6897218169802616	0.6333270988416314	0.880517213431589	0.08611329318320678	0.12068230277185502	0.14798438883277845	0.11904138455591716	-0.7237621416725895	0.0908315565031983	-0.46846718787017294	-0.7019763338694996	-0.21208493871494657	0.29049489395129613	0.9102582326462924	0.8676242845920772	-0.7087794112146036	-0.45561914737091486	0.03352909637277273	-0.4379381289043504	0.5859549370939787	-0.35458546864674123	0.8049651491913864	0.5688225538971807	-0.2719061334929363	-0.43160388533522864	0.14113642314742078	-0.3745408296861557	-0.24449432037805957	0.8481976084489832	-0.4774199179540892	0.6079252858514446	-0.1167969675432362	0.8298731904387835	-0.07812316861806257	0.5049763712764498	-0.04210276936121398	0.8811456501951396	0.25408546241224955	-0.053609147246225015	0.16942605269392386	0.017099963839948128	0.6980860110475193	-0.3267696604695819	0.85978877542114
BioQ	0.3252634072744049	-0.2070474694198182	0.12023341936931882	-0.4105961420965349	-0.45854686467412314	1.0	-0.5144827242234941	-0.07346974401177073	-0.031798401476327634	-0.17787004825496577	0.11311113604907792	0.3096821656130376	-0.46970411102382825	0.25465903564882353	0.14839835908178406	-0.43296549832292175	0.10781431189915086	0.4868963453409644	0.27782640681305254	0.2681355129116323	0.11974463521989052	0.390481178069552	0.0510804374119378	0.18449855983241686	0.3310091148268682	-0.21577575780246636	0.06374393695681992	-0.3209940273569496	-0.3299218194740583	0.1153655282484819	-0.34605169640519207	-0.14446314791955012	-0.2611279442387062	-0.3628947991870223	-0.42771356251324827	-0.0981034676242846	-0.021703512512624847	0.19324679858851107	-0.2375615656055562	0.06655693961271338	0.5479594508659709	0.20246387112058753	-0.3107046222521478	-0.45760919712215864	-0.45003304280602	-0.3142508011321837	-0.4301524956670283	-0.24733724859412212	0.11637302210750758	-0.2158605468896121	-0.1988029775932368	0.3594084714273245	-0.3060162844923253	0.22299779298993752	0.31408122295789226	0.007723288320303246	-0.23229965460915972	-0.5362236436863302	-0.48174416139852116	0.19979550867217796	0.0882679335153805	-0.11805882866369904	0.11509619820696018	-0.1726131248519308	0.28137757328644997	-0.4751954513148543	-0.3510592401401514	0.08011820596266786	0.1358246362174092	-0.2844449432037806	0.1346575393708151	0.036391974962281325	-0.44706542475591965	0.219406725769648	-0.38387760445890845	0.24772129328295864	-0.39238145114028855	0.19554109153480717	-0.21791044776119403	-0.075270265215277	-0.3916532625095076	-0.26352198905223256	0.03911021334430604	-0.2098006209553735	0.1232808389132034	-0.32146784872629336	0.3033928103841694	-0.43708026284617013
BirA	-0.5371962243918253	0.4493846556690233	-0.23074352548036758	0.5704135961795035	0.7574084464893577	-0.5144827242234941	1.0	0.04649185151934563	0.03881594533597676	0.34338832155014404	-0.32787690619583787	-0.5738949363458398	0.7315078741630194	-0.39317447848476916	-0.05121011483933715	0.7102657140363346	-0.1974064514520131	-0.6444045436975523	-0.483764136709934	-0.4419880547138992	-0.21460367336251077	-0.5636155064277609	0.058013192184441204	-0.293642065362411	-0.5678399980049627	0.4218980286537239	-0.303632214865522	0.24139203730719835	0.1938153842317236	-0.363164129228544	0.3612439057843614	0.23502288058454593	0.5096248082893802	0.5972917368046983	0.7150338532899413	0.0019626179877554584	-0.12153019364331226	-0.4113791942542924	0.22559632913128594	-0.12812379206723276	-0.6773675482237933	-0.20641404506290603	0.637122657389743	0.7396825396825397	0.569700370328807	0.5760396014912904	0.7822466614296937	0.15313657277522164	0.006501327946732503	0.20296761805010038	0.3220414219628674	-0.5852766243968129	0.10659235152558012	-0.38941882068354966	-0.6102245663911021	-0.16213917879275302	0.21191037294729362	0.786895098442624	0.7722914250801132	-0.5337049090387661	-0.3918826918041372	0.09530542774847567	-0.3992344044190077	0.5151011858003217	-0.4013690943777354	0.8018977792740558	0.5016047581640669	-0.16667788875173006	-0.26912804399057344	0.3179067070661729	-0.2575668025785858	-0.21128193618374294	0.7049888402598536	-0.462073093180713	0.5702639683786581	-0.15616404194566016	0.6919662339929425	-0.12628337011683438	0.4069202857890996	0.04789336525393085	0.724370628062694	0.3286898839137645	-0.1108068679160588	0.28334268507088617	-0.07056696467537002	0.5410466464669136	-0.32215613661018216	0.6865696579757853
CadR-PbrR	-0.02750408359206474	-0.04140949388396364	0.04234716143592813	0.13123106273145552	0.027100088529782167	-0.07346974401177073	0.04649185151934563	1.0	0.13008391625830745	-0.10225314530106361	0.04821257122906769	-0.13953540567837505	0.11304130974201673	-0.066980885048442	0.08170924824499058	0.005104801805508797	0.09641766106809312	-0.10395391463733962	-0.11573461015723388	-0.1661591790421327	-0.11931570219080039	0.06301574832603898	-0.030596391476202946	-0.12964002044913278	-0.07460192770483423	-0.07756455816157308	-0.021264604296811682	-0.043000536166286366	0.15394456289978678	0.1400541153879724	0.2761455878502226	-0.05057170288906346	0.017693487449968202	0.12532076459806232	-0.04115512662252647	-0.07284130724822005	-0.16982506016284493	-0.060561852392174466	-0.03214753301163356	0.0653250040524196	-0.08509083654409656	-0.12272222845671392	0.10163967131759748	0.08282148156460804	0.10676691729323308	0.028172421102507512	0.046028005336724895	0.005044950685170638	-0.003199541141410741	0.21716729635032855	0.20356114166012046	0.0001920223444182596	0.08046234990461228	0.010261973341313483	-0.050023067619297	-0.13098168306337984	0.16386987368919811	0.06705071135550318	0.08540505492587189	-0.02710507612314368	-0.00221199765583112	-0.2297709447748725	-0.20013466502076085	0.14712153518123666	-0.033499170812603646	0.1660444643948179	-0.023967879898751855	-0.04072619359343633	-0.03472113118617439	-0.05859175301437674	-0.09120063841195028	0.02023217247097844	0.0652501901519969	-0.15988977418671055	0.05836232371974713	-0.0023865634234840833	0.09328545243706281	-0.012396663300041147	0.06501577326400579	0.05523510268207833	0.08647738749859724	0.21341163854910908	-0.06748961957131636	-0.21811493908901608	-0.00974825122507762	-0.011912866743974364	-0.060791281686804075	0.12781456127881893
CblR	-0.14557538123916758	0.18450354742577837	-0.04106036234865772	0.13794436339605232	-0.028855721393034824	-0.031798401476327634	0.03881594533597676	0.13008391625830745	1.0	-0.09406351700145887	0.07743488073417375	-0.0750458235140089	0.027633761019464083	0.0583872616865547	0.026740981807753215	0.08941009239516702	-0.25698824174865026	-0.040262347410815594	0.08967443484332722	0.011558747615306925	0.028047731268469683	-0.05730495392710632	0.07483135699946383	-0.07171411114851806	-0.11780944899562339	0.04190326562675345	0.04918016434120126	-0.1935261038167558	-0.08611329318320678	0.041613985211785685	0.029364455915909176	0.08798862828713575	0.10205862915996458	0.022905522512749535	-0.001937680020947892	-0.11402386563423485	0.04981857629147496	-0.06926021521465354	-0.16950086659434657	0.15817902966371153	-0.22107756954575494	-0.035848327285876384	0.11665731492911383	0.011269467200339157	-0.011872965997082258	0.24247434506664672	0.08124041446900834	-0.2075811419095001	0.029314579982294045	0.05583860147882143	0.07352959513210888	-0.06294592201897779	-0.04394817890497388	-0.07815309417823164	-0.1618349355977007	-0.050182670606865425	0.012685943715008915	0.039908228282148156	0.07670170451003129	-0.10374443571615606	-0.024815770770209106	-0.07774411152258756	0.03997306699584783	0.07134502923976609	-0.10876195463783837	0.07771418596241848	-0.05163406027506577	-0.06853202658387261	-0.05856182745420766	-0.008142246162670357	-0.13063753912143544	-0.030616341849649	0.10027307073654285	-0.07976408683400042	0.09113081210488909	0.13238319679796506	0.11973964762652901	-0.03951420840658861	0.05833738575293956	-0.1993166997094727	0.0337834636342099	0.027928029027793365	-0.017264554420878066	-0.04026733500417711	0.020571328819561342	0.05794336587738002	-0.0323869374929862	0.06390353994438834
CcpA	-0.31905884113268246	0.20403995062282573	-0.012406638486764173	0.1449419568822554	0.3768101846656442	-0.17787004825496577	0.34338832155014404	-0.10225314530106361	-0.09406351700145887	1.0	-0.2895322884325241	-0.2672876220401751	0.2356762553149042	-0.2661654135338346	0.04169877429893141	0.4010050000623449	-0.2063691567226524	-0.3369493385204304	-0.17745109041259866	-0.28318806967667925	-0.006062419730919338	-0.3206249454481976	0.003224479108218307	-0.08016309430292148	-0.2266736492973728	0.23739697502462626	0.021838177533385704	0.1733911894163269	0.12624346936994227	-0.17303208269429793	-0.043758650357236376	-0.0326911806880385	0.2003042431950523	0.2811830571453509	0.40907991371463487	-0.02429706106061173	0.15925136223643685	-0.18486265414780734	0.07241237421912991	0.048471926083866385	-0.3785109540019202	-0.09401862866120525	0.3654584221748401	0.35760795022381825	0.33179216698462577	0.2990735545330989	0.402725719772067	0.15237845858427163	-0.05376875023379344	0.11391912617364307	0.11122083816506441	-0.3949201361612988	0.0514944076609434	-0.3075474756543099	-0.3103405279367573	-0.07181386301574832	-0.010481427449220065	0.3764610531303383	0.32007132258506965	-0.21309243257397226	-0.22183568373670495	0.03421738425666156	-0.11640793526103817	0.22534196186984876	-0.10977443609022557	0.2291624583847679	0.29602114739585283	-0.23098791755508175	-0.16087233007892868	0.16383496053566754	0.025718525168643	-0.07252708886644472	0.33044052918365563	-0.20029426800832928	0.2589284155662789	-0.15130612601154628	0.32961258868564447	0.0808513821868103	0.029733537824661156	0.21735682489806607	0.3652888440005486	0.12894175737852093	0.06934999189516079	0.22856893477474782	-0.143470616840609	0.2962406015037594	-0.14790458733899425	0.3375827628773426
CsoR	0.2084489831544034	-0.49523061384805295	0.1450616591229317	-0.43320989039763586	-0.383523485330241	0.11311113604907792	-0.32787690619583787	0.04821257122906769	0.07743488073417375	-0.2895322884325241	1.0	0.26478883776605694	-0.4378134390703126	-0.12720108729535282	-0.05119016446589109	-0.4359730171199142	0.40349380914974003	0.20633923116248332	-0.015563785084602053	0.24087831519096248	-0.10766468409830547	0.05279616952829836	-0.2865546951957007	0.1632613872990935	0.2221149889649497	-0.3509594882729211	-0.006825521515230863	0.12015860546889612	0.06506564919762092	0.3503111011359244	-0.10910111098642128	0.11349518073791444	-0.4077781518472799	-0.2936171273956034	-0.46620780807740747	0.3740520455367274	0.04455167770171698	0.424017755832367	-0.005399069813838078	-0.1355652813626105	0.4253793688200601	0.05322510255738849	-0.3939675058292497	-0.3889449993142059	-0.3054776244092819	-0.4246611553760022	-0.46771904886594595	0.1707926532749785	-0.1264030723575107	0.006895347822292048	-0.039284779111959	0.3005099814212147	0.05106048703849175	0.40408234516639857	0.43211261985810295	-0.06604820508983902	-0.09277173032082695	-0.35799199491265477	-0.41676080749136524	0.3891245526752204	0.33526353196423897	-0.12424843202533697	0.3491789174428609	-0.3999476302697041	0.15189466202820484	-0.2972580705495081	-0.26230501627202335	0.28741754884724247	0.2714123617501465	0.13357523161136672	0.36062045661417225	0.162323719747129	-0.3315178493497425	0.3059614209653487	-0.11684684347685133	-0.037025399319193505	-0.44152420853127844	0.11261237671292659	-0.2432623848177658	0.07819798251848527	-0.38608212072469733	0.041599022431701146	0.05201311737054078	-0.021434182471103132	-0.10362972106884126	-0.43121984064639207	0.30790159478297735	-0.36024638711205875
CueR	0.40904500056110427	-0.409139764834973	0.09034277235377	-0.5048167682888814	-0.6027830770957244	0.3096821656130376	-0.5738949363458398	-0.13953540567837505	-0.0750458235140089	-0.2672876220401751	0.26478883776605694	1.0	-0.6592226835746081	0.26644970635544085	-0.03727976658063068	-0.5516153567999601	0.194538585269143	0.5779099490018579	0.3559171560742653	0.26671903639696254	0.11064227733512887	0.2936021646155189	-0.19417947854711406	0.281193032332074	0.48771929824561405	-0.39853115375503434	0.10559483285327748	-0.17509694634596443	0.006860434668761456	0.32525343208768187	-0.26488360203992567	-0.15252309879175552	-0.3910497637127645	-0.49937031633810897	-0.5497898976296463	0.16790982431202384	0.08286138231150014	0.4469257721417973	-0.15978503472611877	0.020142395790471203	0.43395304180850136	0.07677651841045399	-0.5774860035661292	-0.5613661018217184	-0.5364331226075139	-0.4230351999401489	-0.5754859786281624	-0.0879686779136897	-0.1166473397423908	-0.18623424232222346	-0.18978042120225938	0.523325727253457	-0.008566191598398982	0.30371700395266776	0.5722091297896482	0.08479656853576728	-0.15015399194503673	-0.589097120911732	-0.6590331550268707	0.5622239678798987	0.33869000860359855	0.027419294504919013	0.4741131435554059	-0.4724123742191299	0.37122408010074937	-0.6273768999613462	-0.37875534607663436	0.23613012631080188	0.250319829424307	-0.06273644309779423	0.22597538622676094	0.1557550592900161	-0.6182047157695233	0.42411252010623574	-0.37920422947917054	0.0735395703188319	-0.5840247384630731	-0.08720058853601666	-0.36217159814960287	0.0718038878290253	-0.6312023840696268	-0.14705170887417549	0.16366538236137607	-0.05270639284779112	-0.07125525255925884	-0.507884138206212	0.2246486863925984	-0.6505941470591903
CzrA	-0.5287821543909526	0.6029975436102695	-0.0651703886582127	0.6740458110450255	0.7963715258294991	-0.46970411102382825	0.7315078741630194	0.11304130974201673	0.027633761019464083	0.2356762553149042	-0.4378134390703126	-0.6592226835746081	1.0	-0.20325191087170663	0.10953503160887293	0.7499120936670033	-0.37242110250751254	-0.6353321113729598	-0.38636142595294204	-0.48196361550642774	-0.06149951994413896	-0.41345902068604345	0.3283906283120737	-0.2832179952368483	-0.558164066883627	0.5330016583747927	-0.21283806531253507	0.15423883090811605	0.029558972057008193	-0.4277684260402249	0.43788326537737376	0.107116048828539	0.5716405441464357	0.6445441963116747	0.7304305539969327	-0.22322722228456715	-0.21125699821693536	-0.6481402511253258	0.24146685120762104	-0.015030112594920136	-0.6500554869761468	-0.2641653885958678	0.699093504906545	0.7613735832117607	0.69795633362012	0.5600793027344481	0.7775682988565942	0.09710096135862044	0.13610394144565394	0.20405491340291027	0.21981072083193057	-0.6278058329904362	0.10584421252135313	-0.48703599795508673	-0.7583361388545992	-0.09326550206361675	0.2633823364381102	0.7586752952031821	0.8714298183269118	-0.6672177957331139	-0.44671629322061374	0.0093642065362411	-0.5075599446377137	0.62903776855073	-0.3361413483958653	0.7865010785670644	0.40686043466876143	-0.30868464694073494	-0.30419082532201147	-0.01300016209678425	-0.5487873913639821	-0.1842840933178718	0.7547650220077557	-0.6043641441913241	0.49312086185613285	-0.0490055985735483	0.7859674060773825	-0.07689622065113032	0.4909861718974052	-0.10084165637975535	0.7547700096011172	0.23574608162196536	-0.06394344069128044	0.12011371712864251	0.12193917629895634	0.6369081908751979	-0.31235052806144714	0.7747153954538086
DasR	0.1239940647638998	0.1283183082083318	0.137824661155376	0.009967705332984201	-0.2712627339493011	0.25465903564882353	-0.39317447848476916	-0.066980885048442	0.0583872616865547	-0.2661654135338346	-0.12720108729535282	0.26644970635544085	-0.20325191087170663	1.0	0.21382062120475318	-0.17860322447910823	-0.21551141535430615	0.26306313046297336	0.3557326151198893	0.11542537936882007	0.31254504420254614	0.29488896370278933	0.21569595630868216	0.041294779236648836	0.1473160513223357	-0.0019476552076709186	0.19235900697016173	-0.46280128181149394	-0.32862504520006486	-0.005887853963266375	-0.21893789199366576	-0.24762154141572837	-0.0504769386151947	-0.2706542475591965	-0.15252808638511703	-0.28868439756106684	0.010316836868290128	-0.06564421002755645	-0.12138555343582838	0.2539208718313196	0.22246910809361714	0.06838239878302722	-0.1293457524408035	-0.30810608611079937	-0.24761655382236686	-0.0949762465866158	-0.21106248207583636	-0.29493385204304295	-0.00236661305003803	-0.2007082382573349	-0.21787553460766343	0.07769423558897243	-0.12926096335365778	0.01766854948316064	0.07265177870048255	0.12253269990897642	-0.13392935074003418	-0.319258344867143	-0.20239903240688786	-0.000561104253170239	0.1457299966333745	-0.042262372348782405	0.1032706143468123	-0.008705844212521354	0.18045362161622963	-0.31095400192022343	-0.27330764722752154	0.016371775209167196	-0.058536889487400094	-0.44597812940310977	-0.18853352286188108	-0.01312485193082208	-0.15509170937293482	0.26622526465417273	-0.40316462798788016	0.31110362972106886	-0.08440753625356924	-0.1982194291699398	0.04199304230726069	-0.21863364879861344	-0.23291811618598735	-0.34932854524370627	0.04435716156061796	-0.09481165600568586	0.21245900821706007	-0.07635257297472538	0.13908153468247733	-0.2401650893402661
ExuR_UxuR	0.0008054963278843876	0.22512250776194218	-0.08121547650220078	0.0711255751318595	0.03737453085449943	0.14839835908178406	-0.05121011483933715	0.08170924824499058	0.026740981807753215	0.04169877429893141	-0.05119016446589109	-0.03727976658063068	0.10953503160887293	0.21382062120475318	1.0	0.06652202645918279	-0.20093267995860298	-0.009867953465753938	0.01297023653661517	-0.09007344231224829	0.14379481040910735	0.048481901270589406	0.3094028603847928	0.06252696417661067	-0.10766967169166698	0.11869724061397274	0.0669459718949114	-0.26689858975797703	-0.21041409493883964	-0.09342011745782366	0.03261137919425429	-0.2572426090100874	0.09928552725096323	0.10232297160812479	0.06738986770408609	-0.19840397012431576	-0.030531552762503272	-0.2988341500517463	-0.033179964837466804	0.13105150937044102	0.009538772303894064	-0.18249853489445006	0.11915111160987045	0.051255003179590766	0.13387448721305753	0.11703637202458883	0.07809324305789349	-0.07983391314106161	0.2275065773887455	0.17054327360690283	0.14330602625967906	-0.09754984476115662	-0.14504170874948566	-0.2711081185550942	-0.17958079277796482	0.03474108155962045	-0.01569845010536291	0.05461165351188917	0.1711018840633923	-0.1532712377959825	-0.12575468522051397	-0.10982929961720221	-0.05228743500542401	0.26676392473721616	0.050726318283270365	0.035529121310739535	-0.01947405828002843	-0.0434294691953765	-0.056506938989264205	-0.2584545941969351	-0.2708687140737416	-0.0817940373321363	0.10232297160812479	-0.10311101135924389	-0.028711081185550942	0.174937343358396	0.17227895609670943	0.03790820334418135	0.12547039239890773	-0.1686180625693587	0.006077382511003878	-0.10601379069564458	0.06648212571229067	-0.139894512400404	0.17120163593062257	0.1260290028553972	0.048900859112956524	-3.740695021134927e-05
FUR	-0.5547126522774598	0.7075275252808638	-0.06270152994426365	0.6237060312472724	0.8859337398221923	-0.43296549832292175	0.7102657140363346	0.005104801805508797	0.08941009239516702	0.4010050000623449	-0.4359730171199142	-0.5516153567999601	0.7499120936670033	-0.17860322447910823	0.06652202645918279	1.0	-0.5292559757602963	-0.6673973490941284	-0.40375815159790024	-0.5011309367947231	-0.11203381588299106	-0.5769922318233395	0.23525230987917556	-0.2911183431214853	-0.7151735059040636	0.6158605468896121	-0.09355478247858452	0.08336014164765147	0.0051895908926545215	-0.5060187782890061	0.33206149702614746	0.07897105948951982	0.6419306973902418	0.7323009015075	0.9067719048865946	-0.2436464295066023	0.04518510205862916	-0.6874674247808576	0.157231386925024	0.04004289330290901	-0.6871033304654671	-0.2567338744872131	0.8468758962081822	0.8673000910235789	0.6023092557263806	0.6517412935323383	0.898273045798576	-0.002291799149615332	0.10357485754186462	0.14165513285701817	0.1314954051796157	-0.7583810271948528	-0.007379144378358833	-0.44905547450716343	-0.7634534096435117	-0.16361051883439942	0.15902193294180725	0.8739734909412835	0.8317385503559894	-0.7427149964463398	-0.44642701280564595	0.005548697614683475	-0.4231549021808252	0.6183044676367536	-0.31747278644372123	0.7692140799760595	0.5067120537662564	-0.39570817591241786	-0.4400778064564396	0.1521041409493884	-0.470362473347548	-0.25095325378121924	0.8346163917255827	-0.477145600319206	0.5459943390815347	-0.08155463285078368	0.8695844087831519	-0.1017992743051659	0.5108567438496739	-0.03823738450604122	0.8799436401950149	0.14916146086609558	-0.06565418521427947	0.17157570543273606	0.050312348034264764	0.739268569433534	-0.2786842728712328	0.8544869636778514
FabR	0.298928914325615	-0.5621491539794761	-0.0336687489868951	-0.3621217222159877	-0.4256586740483048	0.10781431189915086	-0.1974064514520131	0.09641766106809312	-0.25698824174865026	-0.2063691567226524	0.40349380914974003	0.194538585269143	-0.37242110250751254	-0.21551141535430615	-0.20093267995860298	-0.5292559757602963	1.0	0.18759086771655506	0.06307061185301563	0.2361351139041634	-0.2128530280926196	0.15344580356363546	-0.3260464594321625	0.16150575443584084	0.4381426202321725	-0.489789149490642	-0.19238394493696928	0.15160039401987557	0.40143393309143505	0.3790595892716867	-0.26000573573236574	0.21408496365291338	-0.4937991745532987	-0.34866519532662504	-0.5038741131435555	0.4148655220139902	0.009344256162795047	0.5132408134764772	0.14904175862541927	-0.2267185376376264	0.2905697078517189	0.2803052407137246	-0.5340191274205414	-0.37931894412648537	-0.32321849399618446	-0.376535867030761	-0.4835945585356426	0.19752116609932793	-0.2204990087158194	-0.047085375129365704	0.07381388795371513	0.441733687452462	0.22065362411002631	0.3299667078143119	0.4955348570431053	0.08466190351500642	-0.025908053716380504	-0.3685956183992319	-0.41725457923415504	0.5496552326088854	0.12630830808364193	0.05423259641641417	0.19912717116173517	-0.4667464681604509	0.1326924275863789	-0.2238855846082869	-0.20747640244890833	0.29856482001022455	0.30256486988615816	0.2665394830359481	0.40613224603798054	0.14937093978727914	-0.43360391027319545	0.26001571091908876	-0.15565530742278583	-0.14433347049215078	-0.5547076646840983	0.180029676180501	-0.48621803264379854	0.19374555792466241	-0.4192097158318682	0.12361500766842479	-0.20827441738675045	0.09170438534146311	-0.15544582850160227	-0.425524009027544	0.06358433396925149	-0.4013690943777354
FadP	0.46262172845047944	-0.403114752054265	0.04638212446539234	-0.5300938914450305	-0.7322909263207771	0.4868963453409644	-0.6444045436975523	-0.10395391463733962	-0.040262347410815594	-0.3369493385204304	0.20633923116248332	0.5779099490018579	-0.6353321113729598	0.26306313046297336	-0.009867953465753938	-0.6673973490941284	0.18759086771655506	1.0	0.40011720844399556	0.3282260377311438	0.15576503447673912	0.4876195463783838	-0.08854723874362523	0.28539258594246814	0.5044127732265988	-0.44111522587563434	0.223546428259704	-0.2947642738687515	-0.20178057083006024	0.32710881681816484	-0.36341350889661966	-0.13833339567825034	-0.3766954700183294	-0.5673262758887267	-0.626384368882405	0.03375852566740234	0.09247746231249766	0.44175363782590804	-0.33783214254541827	0.06897093479968579	0.5759348620306987	0.19429918078779038	-0.5982443671367473	-0.7124053915884238	-0.5757203955161536	-0.45615281986059675	-0.6360303744435716	-0.17145600319205975	-0.13833339567825034	-0.24976121896781756	-0.10718088754223869	0.5392511128567687	-0.22224965398571053	0.3467100587289118	0.5201336675020886	0.1365478372548286	-0.18667315053803663	-0.7576079502238182	-0.6754722627464183	0.48006833002905275	0.36910435292210625	-0.06173892442549159	0.3475679247870921	-0.4860833676230377	0.315682240426938	-0.6504993827853215	-0.43586827765932246	0.1920547637751094	0.34761780072070725	-0.2197109689647003	0.2361401014975249	0.15909674684222996	-0.6527737253581716	0.37039115200937667	-0.5475554558036884	0.12507138492998665	-0.6326936744847192	0.0758737640120201	-0.29931295901445154	0.008880409980174316	-0.6924799561091785	-0.3150039277297722	0.06290103367872417	-0.2007980149378421	0.021504008778164316	-0.5489769199117196	0.291931320839412	-0.6860609234529109
FadR	0.3258020673574483	-0.25581116971533313	-0.00906993852791182	-0.22069352485691843	-0.49971446028005334	0.27782640681305254	-0.483764136709934	-0.11573461015723388	0.08967443484332722	-0.17745109041259866	-0.015563785084602053	0.3559171560742653	-0.38636142595294204	0.3557326151198893	0.01297023653661517	-0.40375815159790024	0.06307061185301563	0.40011720844399556	1.0	0.35375752814873	0.2987742989314081	0.41689048491876457	-0.17937630145014277	0.34993204404044936	0.4724123742191299	-0.3308046234990461	0.19613960273818876	-0.32712377959824934	-0.2427736006683375	0.34295440092769236	-0.28072918614945325	-0.05463160388533523	-0.36445092831581444	-0.40964849935784736	-0.4754198930161224	-0.08802852903402786	-0.04979363832466739	0.285916283245427	-0.14900684547188867	0.09034277235377	0.24957169042008004	0.2969638025411788	-0.42384319006471405	-0.49465704061147897	-0.441180064589334	-0.2686941233681218	-0.5042830957991995	-0.2579259093006147	-0.1552263743936957	-0.16545094078479783	0.007254454544321002	0.26589608349231286	-0.06050698886519782	0.21875335103928978	0.329248494370254	0.1865783862641679	-0.11737552837317174	-0.5757702714497687	-0.4638586516041347	0.4252297410192147	0.0936595219391763	0.10406364169129291	0.21719722191049765	-0.4110649758725171	0.010506365416027631	-0.5408920310727067	-0.367682888814075	0.07136497961321213	0.16739111460242648	-0.19101734435591466	0.027020287035997955	0.04814274492200651	-0.4845471888676916	0.3069788900110974	-0.3411987680644397	-0.029364455915909176	-0.3668798862828714	0.13391438795994962	-0.2749086646965673	-0.05916532625095076	-0.46651205127245976	-0.26076384992331575	-0.031878202970111846	-0.08072170475941097	0.10573448546739984	-0.30044514270751504	0.10506614795695707	-0.5036197458821182
FixJ	0.3851743787329019	-0.3913141061609247	-0.011434057781269094	-0.36534370752752526	-0.49133530343271115	0.2681355129116323	-0.4419880547138992	-0.1661591790421327	0.011558747615306925	-0.28318806967667925	0.24087831519096248	0.26671903639696254	-0.48196361550642774	0.11542537936882007	-0.09007344231224829	-0.5011309367947231	0.2361351139041634	0.3282260377311438	0.35375752814873	1.0	0.13999925186099577	0.28075412411626083	-0.09059215202184566	0.19238394493696928	0.37105450192645795	-0.3390790408857966	0.11761992044788588	-0.08679659347373408	-0.21005000062344917	0.23218992755520643	-0.1747877155575506	-0.04747440741156374	-0.4546615294455043	-0.4276437362061871	-0.4803177096971284	0.1854462025711044	0.06687115799448871	0.37648599109714587	-0.07188368932280952	-0.11783438696243095	0.3787254205164653	0.25032481701766857	-0.392561004501303	-0.4898839137645108	-0.5306724522749661	-0.4801231935560294	-0.5071409867953466	-0.2385441214977743	0.032746044215015147	-0.24693325353183954	-0.24492824100051122	0.46960934674995947	0.07405329243506777	0.4127657452087931	0.4054389705607302	-0.10132046534246063	-0.087893864013267	-0.5228369431040287	-0.5433160014464021	0.31614608660955873	0.2645993092183194	-0.047843489320315714	0.2510829312086186	-0.34137832142545416	0.12662751405877878	-0.4830259728924301	-0.3554084215513909	0.19658848614072494	0.06146460679060836	-0.09116572525841968	0.29468447237496725	0.08113567500841656	-0.539310963977107	0.34478484769136775	-0.2955573012132321	0.10882679335153805	-0.4497337872043292	0.08482150650257485	-0.22994551054252546	0.0024514021371837553	-0.440781057120413	-0.26799087270414845	-0.07838252347286126	-0.23581590792902654	-0.019134901931445528	-0.4535293457524408	0.30854499432661253	-0.4465267646728762
FnrN_FixK	0.015803189565954688	0.05970398633399419	0.08300103492562251	0.06489607102332946	-0.15904687090861483	0.11974463521989052	-0.21460367336251077	-0.11931570219080039	0.028047731268469683	-0.006062419730919338	-0.10766468409830547	0.11064227733512887	-0.06149951994413896	0.31254504420254614	0.14379481040910735	-0.11203381588299106	-0.2128530280926196	0.15576503447673912	0.2987742989314081	0.13999925186099577	1.0	0.15871768974675496	-0.020112470230302125	0.10385915036347086	0.10004862903527476	-0.0038878290252995673	0.371832566490854	-0.16786992356513172	-0.2802054888464943	0.11251262484569632	-0.14560031920597513	-0.18030898140874574	-0.151206374144316	-0.21389543510517586	-0.044531727328270924	-0.1652514370503373	-0.1285227995361538	-0.07894612152271226	-0.20487287871419843	0.0896644596566042	0.06835746081621966	-0.13372984700557364	-0.028456713924113766	-0.14364019501490044	-0.04778862579333907	-0.1494357785009788	-0.13185451190164466	-0.15984488584645695	0.05233731093903914	-0.12848788638262323	-0.06943976857566803	0.11674210401625955	-0.06441227446726268	0.016486489856482	0.03303532462998292	-0.021683562139178793	-0.06280626940485542	-0.1569969700370329	-0.10030798389007345	0.13471739049115325	0.0739535405678375	-0.03661641666354942	0.03707527525280864	0.006985124502799287	0.10283669372436065	-0.248988141996783	-0.17338121422960387	-0.08458708961458372	0.026621279567076897	-0.17631391912617364	-0.1185675631865734	0.09176423646180126	-0.106173393683213	0.13629346999339143	-0.24982605768151722	0.09695632115113655	0.01035175002182072	-0.06103068616815671	-0.03721492786693101	-0.19115699697003705	-0.12809386650706367	-0.31073454781231685	0.025928004089826557	-0.018022668611828076	-0.026571403633461763	-0.041429444257409694	0.052970735295951324	-0.09108093617127395
FruR	0.40295016147333507	-0.34352298657090485	0.12087681891295403	-0.3950398384019751	-0.5748625294579733	0.390481178069552	-0.5636155064277609	0.06301574832603898	-0.05730495392710632	-0.3206249454481976	0.05279616952829836	0.2936021646155189	-0.41345902068604345	0.29488896370278933	0.048481901270589406	-0.5769922318233395	0.15344580356363546	0.4876195463783838	0.41689048491876457	0.28075412411626083	0.15871768974675496	1.0	-0.050292397660818715	0.2263793812890435	0.4826618785770396	-0.36344842205015027	0.13261761368595618	-0.2920909238269804	-0.1851818601229442	0.24922255888477413	-0.2883302784323994	-0.14296686991109614	-0.3265851195152059	-0.4615992718113692	-0.5487225526502825	-0.06557438372049527	-0.15201935186224266	0.2936370777690495	-0.15140587787877655	0.03333956782503523	0.44449681417474035	0.08535517899225677	-0.5277696729385654	-0.5511016346837242	-0.389733039065325	-0.34442574096933876	-0.5561839923191062	-0.20329181161859874	0.0007256948341001758	-0.08628785895085973	-0.23364131722340678	0.5519944138954351	-0.13928602601029938	0.2452923353159017	0.4779535904437711	0.11654260028179902	-0.1239591516103692	-0.5806231997905211	-0.5021234678736642	0.3714684721754635	0.1982693051035549	-0.07915560044389582	0.22889312834324618	-0.3146198830409357	0.1296549832292173	-0.49856731380690533	-0.4184665644210028	0.0802478833900672	0.20524196062295041	-0.2888489881419968	0.15480242895796706	0.1453260015710919	-0.5612314368009577	0.32577214179727926	-0.35466527014052546	0.06040224940460604	-0.49564957169042007	0.013199665831244779	-0.2689185650693899	-0.001324206037481764	-0.5687676903702041	-0.22966121772091921	0.013738325914288209	-0.27572164241449393	0.19044875871270214	-0.35318395491215604	0.18740133916881757	-0.561361114228357
