	HutC	RbkR	KdgR	BirA	MetR	Zur	NrtR	NagC	MntR	FUR	SahR_SamR	ModE	ArgR	CzrA	LldR	PdxR	NsrR	IscR	LexA	RutR	Phr	ThiR	HrcA	PsrA	NagQ	NrdR	PhnR	Rex	NadQ	AgaR	SoxR	PhnF	TyrR	NagR	HisR	CueR	XylR	NorR	CblR	PaaR	FnrN_FixK	LiuR	HexR	NtrC	SdaR	TrpR	CcpA	RbsR	AraR	NikR	PhrR	SiaR	GntR	MetJ	FabR	CadR-PbrR	HcpR	FadR	ExuR_UxuR	NiaR	LtbR	NnrR	HypR	PdhR	GlcC	MerR	DasR	AmtR	FruR	Irr	NmlR	PrpR	BioQ	LiuQ	FixJ	GulR	QorR	AcnR	CsoR	GguR	NarP	NifA	PhsR	FadP	PurR	VanR	TtrR	ZntR
HutC	1.0	0.6027413769926436	0.5640473552711479	0.6868971079724286	0.699139205770149	0.7560434059082839	0.677575313700859	0.6883526243330815	0.695361352795843	0.6564517848617027	0.6727405889742318	0.6617152843124076	0.7165868604882933	0.7089940713203017	0.5529872850911551	0.6444646341972178	0.6715423374480256	0.6664271708748395	0.627072604308143	0.5852520036526971	0.6008918514260816	0.5838173466029454	0.5075047165219648	0.5036735564198006	0.5734572221887443	0.621394236340628	0.5017521821156904	0.5810662352652145	0.4979650583365395	0.5129698559780468	0.43221651037634834	0.46213107990970237	0.4437818394203893	0.3177406121512439	0.36846118545781553	0.46193407530674774	0.49785612637961163	0.42003003740769757	0.44069466140703006	0.3883980512768216	0.4030320167245319	0.284873291274782	0.36448632788055496	0.3716480246232577	0.358699027956112	0.3204986765926084	0.4035187339788904	0.32339812080785796	0.3126602110962263	0.31473455368027775	0.24834863788699815	0.3009535022783003	0.3676384015278286	0.29402357565672066	0.3050094793979539	0.3753702527684941	0.38796927655274394	0.29419972094877417	0.39472769328469254	0.3653392419262878	0.2732801498162063	0.2714653897678127	0.29956751695398437	0.4001951504419856	0.28556164853451754	0.3252800941913772	-0.05622974908566687	0.12083567034872132	0.03655941890595232	0.11903249880638388	0.09759608030371157	0.11820739717518576	0.11671711529636446	0.1732690248503924	0.1019162753614455	0.12688718821124456	0.004477798740097622	0.06271004167226778	0.01611961192410919	0.11883085880100681	0.08559965883438171	0.27363939350394706	0.107427768841752	0.23526057914717866	0.20825008923149663	0.1619818199516991	0.20485465695704372	0.16040810082927348
RbkR	0.6027413769926436	1.0	0.678430545447803	0.6972363730757286	0.7098052667442324	0.7360740922723206	0.7059880128493355	0.6719270758490898	0.7656155119106666	0.7014290945668448	0.6861299488715112	0.6732273062285903	0.7254706092309404	0.7698754467369084	0.5554602722835383	0.5923001330360496	0.6628973119301352	0.6655696214266842	0.593862263652419	0.6189027075385549	0.6148351419128452	0.6226434772934812	0.49558709689381686	0.47797952079209755	0.5050363647320042	0.4783225405713597	0.3719910444025198	0.5367911890270753	0.5661031562455094	0.443517621482309	0.447979196313928	0.6672916734266285	0.6068089426183534	0.40854582790604965	0.4775971000922445	0.41042780128956896	0.4563646392961605	0.426918245407475	0.41243261283728344	0.4194598829097348	0.32022982325210564	0.3566640862926515	0.414256643690522	0.33433071742123294	0.44552706843244594	0.3712540154173485	0.29739583091906124	0.2861271676300578	0.24179186116042664	0.3268074592895782	0.4168431982422554	0.30678020312333415	0.3189342282750277	0.2993589238449736	0.37095966736352215	0.3647389573125791	0.31438689849859314	0.22899815047443345	0.31563382175023524	0.28203410729102446	0.263821611173174	0.2034848955412064	0.34395613055147384	0.38924864762134326	0.2999313960441476	0.21446616388001724	-0.04284038918838739	0.13760887401439756	0.016787109872943618	0.18335797822287941	0.1820322531300555	0.19080011681214104	0.033833802281545075	0.24877973031228706	0.02704989083627295	0.18538828448391748	0.030046678502394186	0.17273827127302058	0.13962527406816821	0.13889288048541934	0.07400883507701721	0.19520606681469052	0.11692339070416398	0.07486638452517255	0.1619215597202071	0.22852070402491992	0.08847592603751894	0.19628379787791278
KdgR	0.5640473552711479	0.678430545447803	1.0	0.739615539723081	0.7422693076099401	0.7631796079376632	0.7944871158989668	0.8066318702458154	0.7432311536126008	0.7850355303595682	0.7493800149259958	0.6871659613129314	0.728592552762468	0.7001659474067241	0.5927845325891967	0.6095415123463943	0.6943508350677464	0.6389160574975317	0.665367981421307	0.6271120052287339	0.6167773755278565	0.6757814129633665	0.5522803862217298	0.6429673992147629	0.5619799657907302	0.58356239946971	0.33915848904422635	0.5699065039331389	0.6090895606102044	0.47779642239641035	0.5650277428834984	0.488202900834836	0.45075116696255985	0.4304828698703478	0.5613588218661203	0.4829208597744413	0.5156491185782294	0.43841172571396786	0.3261098312249978	0.3568216899750152	0.2828986098428135	0.4188016557657453	0.4208597744413181	0.4562441188331765	0.4299405277869198	0.48454788602472526	0.3489739536737882	0.42968558065368445	0.3223482021591704	0.36237953747954627	0.34968317024442475	0.317158869147225	0.28237249166786416	0.32294616907166795	0.3392674210011542	0.36830358177545186	0.27209580449726745	0.2689275069415151	0.3488047614853684	0.35334977356059166	0.33351025119245725	0.26139034260259303	0.385779048908131	0.38822885908840177	0.4123885765142701	0.30032076984763434	-0.06082575058753726	0.10090112223092648	0.058151123389777085	0.22034153645048696	0.1384525172552855	0.12383245801484256	0.0851685664090928	0.24393109937839252	0.030690999439116306	0.21664480301857406	0.02459312755236846	0.19530109256435096	0.14097881157552694	0.08832295775757773	0.20033977499756642	0.1320996982353023	0.18440789687156692	0.04207091238625881	0.11459410098687718	0.270111852260454	0.09210544613430614	0.33135247136480156
BirA	0.6868971079724286	0.6972363730757286	0.739615539723081	1.0	0.8099879015996774	0.8310024984819057	0.7822681951133588	0.7719776017354947	0.7919376445666131	0.8121503168297556	0.7947953701600604	0.7477761656878242	0.8223482021591705	0.774534026171482	0.6403738915593957	0.6674261000968799	0.7361065400892779	0.6657898030417511	0.6858889079455432	0.7076637108250553	0.6881278073155921	0.6138362126908048	0.5370971255869579	0.5137856868044	0.6072887067690782	0.5643347502213405	0.5357737181953451	0.6190788528306085	0.6154215203192865	0.5752372167189694	0.5676096620328094	0.6085054999049743	0.5522363498987165	0.5718603260542064	0.5531611126819975	0.46535036689210174	0.5489428964775577	0.5252536723975691	0.47900858012988395	0.38928804854193416	0.31685756798976505	0.39207624309904465	0.42231992620439346	0.3770413153417914	0.48081870477585514	0.3805248202622711	0.32903940555599337	0.37148810323968273	0.33745497865397184	0.4020168635940129	0.4076929138603168	0.4294862583495186	0.3663219472398496	0.32765342023167743	0.34127223254886874	0.4154433067106721	0.36115115583759405	0.26889969452698037	0.33381618775233973	0.42225271286926774	0.3438031622715326	0.24559057344563368	0.3727976044240281	0.4385368815793743	0.3166744695940778	0.3264945696260621	-0.13110540441568436	0.09550319610997028	-0.007606695375259003	0.33635870598105977	0.1934886502171686	0.1519554445119153	0.10443098117563077	0.3101501406844635	0.002829913178912627	0.15291265511215357	-0.030512536445851546	0.13540937556493968	0.12472245527995512	0.11436696626817658	0.09676402556887977	0.17088179260282482	0.13438726933078696	0.036819001441610155	0.09935753322424687	0.21995448034821144	0.1871891383250437	0.2958754189244939
MetR	0.699139205770149	0.7098052667442324	0.7422693076099401	0.8099879015996774	1.0	0.8383287520106057	0.7576124896282871	0.8054938789511011	0.820716540506464	0.7902967121090617	0.8070281971529358	0.7496859514858782	0.8337698337281151	0.7774520119964214	0.6170995359962175	0.7171732388947346	0.7527244577738016	0.7288266405848024	0.6744116515475291	0.7236048597558997	0.6511118012710273	0.6296614765610876	0.6115138760771517	0.5339659112505852	0.6228682943109706	0.621174054725561	0.5452253037347438	0.6552767103476088	0.6055203007449091	0.5703909034862862	0.5708359021188425	0.5317107879720578	0.5613982227867113	0.5021067904010087	0.552391635879869	0.5503335172042961	0.6199549438884536	0.4448479819775554	0.4374545151137296	0.41052282703922943	0.30762616406543336	0.4852640556989955	0.4694781927493035	0.4083488233030951	0.48048032039901545	0.3911561157181861	0.38194557110475547	0.3661620258562747	0.30328510969679834	0.4293425608744223	0.38192007639143194	0.3717337795680732	0.43094872781380517	0.35040165761990627	0.2754402473450733	0.4384627151406149	0.3930519953089727	0.3739054656029963	0.37846438388548703	0.465885755871896	0.3179051689372413	0.30429794512610614	0.3964960993088615	0.4355331408096194	0.33848403799175825	0.3357167027455489	-0.07959681269729432	0.15585845335162773	0.10373567081226157	0.3118119324529159	0.24030389698281657	0.18690637877727354	0.01894488970059936	0.310064385739648	0.07871145083460421	0.035147938868312856	-0.005441962443969574	0.08940764192443366	0.09160945807510279	0.08434346477789469	0.15469960274601238	0.16809591574692556	0.19122193843258503	0.10218512870194826	0.1727475420778655	0.2828244434040541	0.13489252819483524	0.2801080975844918
Zur	0.7560434059082839	0.7360740922723206	0.7631796079376632	0.8310024984819057	0.8383287520106057	1.0	0.8467257834988945	0.8419930376255614	0.8556373446560763	0.8529024572268241	0.8404030945946572	0.8339761091359147	0.8406464532218364	0.8139627591769379	0.7221725204073591	0.8067361668003208	0.8555145064918811	0.8065901516240133	0.8202715418739078	0.7552275750819307	0.7436066212088203	0.7221053070722335	0.6869990868257227	0.6489262090288368	0.7043934344160089	0.6922000083437244	0.5827627925518354	0.6564610556665477	0.6310497795866148	0.5764192443366971	0.6029847356198228	0.5401588088869935	0.48802212014036	0.5137346973777529	0.5768294774510849	0.5404068029165952	0.5992764136818538	0.5168867710250266	0.49674362979822095	0.495990376904571	0.41949001302548083	0.4769643676615785	0.5342046344753419	0.5182171315202729	0.5380775131993084	0.4803783415457213	0.3994882515725603	0.47050956978830116	0.31632449671118196	0.39183288447186543	0.36747384474183126	0.3599158210920081	0.4036902438685214	0.3386810425947129	0.33508860571730537	0.43578113483922104	0.3611696974472839	0.3253125420083344	0.4251359331760387	0.3814194529298061	0.37975997886256496	0.33611534735388054	0.4206604521371523	0.4213186792811418	0.3267240220459739	0.3527633951541503	-0.09092573621778975	0.13937728003856656	0.06588065692923131	0.166814226977115	0.19833728115106314	0.1637363197686007	0.11956093468254446	0.17936226133471778	0.08083678284530271	0.18376125823363354	0.06598958888615915	0.1432756534758565	0.16048690267045534	0.20011495798007703	0.21270934636190442	0.31733501443927853	0.2515632894669751	0.2282912516050081	0.25044847518437313	0.2540223704520908	0.22351678710987294	0.2641321831354789
NrtR	0.677575313700859	0.7059880128493355	0.7944871158989668	0.7822681951133588	0.7576124896282871	0.8467257834988945	1.0	0.8077096013090377	0.7998224640872197	0.8240957488724384	0.8181879284850114	0.7805762732291603	0.7818000194686902	0.7965405991721172	0.7503441786298678	0.6884638739912206	0.8194719349560332	0.776874904394825	0.7839044921684876	0.7584885806861322	0.7491018907806481	0.7446101858332831	0.583080317617774	0.6093839086640307	0.6425363067894739	0.6234639435222569	0.5013859853243159	0.6331982886094256	0.6071241499830807	0.55107518159189	0.5954916076039142	0.5968845460318638	0.5058730548692585	0.4821884661916924	0.5637808196318563	0.4471100583597165	0.5249407827340531	0.4709939693414484	0.45287418127204715	0.4343766079052153	0.44506352819019984	0.43556095322415417	0.46895670997677663	0.5021044726997974	0.5433873666742378	0.5134820679457287	0.3918444729779216	0.44692695996402926	0.4712767288892185	0.37661717602013617	0.3673718658885371	0.4042743045737516	0.3350422516930807	0.2549123677172034	0.4090881699894776	0.3836282221841089	0.40724559752654926	0.2963575007764299	0.4990474248021842	0.34066963023394875	0.37413260032169693	0.3077142367114601	0.3845274902540664	0.45914819845084853	0.357804395288577	0.3107457898957498	-0.06123134829950262	0.14268463966699269	-0.00578498222323171	0.1994775901469886	0.12288915362187168	0.1648534517524139	0.1275709100685576	0.20030269177818671	0.05121192596335251	0.2233452772202419	0.0720341536450487	0.10038195715961082	0.1854068260936073	0.18558065368444962	0.228571693451567	0.24728017762862084	0.20348026013878395	0.10070875303039434	0.1958550231538351	0.2653420231677413	0.14322698175042067	0.29338852552484346
NagC	0.6883526243330815	0.6719270758490898	0.8066318702458154	0.7719776017354947	0.8054938789511011	0.8419930376255614	0.8077096013090377	1.0	0.8033870885500924	0.7756187103383381	0.7939517269191725	0.7444456290472857	0.755139502435904	0.7312718153626507	0.6740338662500985	0.6795314535231376	0.78647018740932	0.676469770223102	0.7136248383403405	0.6718876749284989	0.6977740797567341	0.7001589943030905	0.5967431662579787	0.6098659905159667	0.6363735392688116	0.6450672365121378	0.5393545665666964	0.6332701373469738	0.6334486003402385	0.5635699088216344	0.5828624537039183	0.5460643115732092	0.49780977235538704	0.4388010995174546	0.5711835573005271	0.5232998502765017	0.5363438726933079	0.4206581344359411	0.4340382235283756	0.4510431973151749	0.3524597762954791	0.4253167138705147	0.44730474526145986	0.46425641192040085	0.4984865411090664	0.41879933806453407	0.38832620253927347	0.42939586800228063	0.33147994493141925	0.39416449189036346	0.3635476588900065	0.3695991767525298	0.3672861109437216	0.3507748075149144	0.32944732096916995	0.3830487968813012	0.3510853794772193	0.2972938520657671	0.4014490267972614	0.4026959500489035	0.2901136137133745	0.31406937343265456	0.39075978881106566	0.4163889288048542	0.34724031316778764	0.33304671095021116	-0.08161553045227621	0.14800376394676704	0.05846401305329322	0.2225989774302256	0.18725635166016938	0.15514460137856867	0.07320227505550894	0.16382902781704994	0.021746990464977217	0.21497605814648799	-0.04067333855588673	0.10798169943123612	0.14287005576389114	0.09763779892551372	0.20624527768378212	0.23844510061140958	0.16997557142923364	0.17081457926769913	0.1725667613833895	0.35988105557383965	0.13385883345462637	0.336300763450779
MntR	0.695361352795843	0.7656155119106666	0.7432311536126008	0.7919376445666131	0.820716540506464	0.8556373446560763	0.7998224640872197	0.8033870885500924	1.0	0.8116496933681298	0.8160417371634119	0.7850077179450334	0.8090585034139739	0.8157497068107967	0.6795708544437286	0.6952871863570836	0.8269789691792093	0.7561407493591557	0.7261149301676625	0.7301106470558242	0.7197713819525242	0.7393559571874232	0.5736495913892765	0.6117247868873736	0.639984517755909	0.6098057302844746	0.5597410664206813	0.6327185244587009	0.638990223936291	0.5060700594722131	0.5949121823011064	0.5550036851449258	0.6007412008473516	0.508781769889353	0.533812942970644	0.5058243831438226	0.5519698142594249	0.4630094886687588	0.382121716396809	0.453094362887114	0.35981615993992516	0.45588487514543574	0.46884546031863755	0.48635569296948516	0.5433711427657593	0.4814722965174222	0.36881579374313384	0.42107300295275135	0.2960840120335047	0.4192837376176813	0.4511984832963274	0.41229586846582084	0.3730293745451511	0.2795495315925852	0.30847444270874375	0.38511850406293024	0.3687949344322327	0.28403428343631654	0.4084855676745577	0.3766681654467833	0.3286291724416055	0.2572509282393351	0.39078991892681164	0.41963371050057713	0.3288725310687847	0.31012464597114	-0.10543454580009363	0.08668202530002642	0.05790544706138664	0.2482003050094794	0.2669481901071242	0.13280891480593887	0.10167291673426629	0.23010832935461292	0.03505523081986363	0.19080938761698596	0.01824030853238524	0.1463303836722585	0.13207420352197877	0.13654736685965393	0.16272116663808167	0.2801915348280961	0.18499427527800827	0.16396345448730132	0.19823298459655775	0.3021471184020841	0.2139933528329262	0.25127125911436
FUR	0.6564517848617027	0.7014290945668448	0.7850355303595682	0.8121503168297556	0.7902967121090617	0.8529024572268241	0.8240957488724384	0.7756187103383381	0.8116496933681298	1.0	0.8258386601832838	0.7871956278884351	0.8067408022027432	0.798508327500452	0.6647955092221332	0.7294987739360592	0.7896384849650723	0.72042265599288	0.7523883910981732	0.7255401402672773	0.6728078023093574	0.6704205700617899	0.6215866055411601	0.6285304383700071	0.6640445740296944	0.6570126685548205	0.5232280015389537	0.6571053766032698	0.6605170327862013	0.5562830562135251	0.5795226462585349	0.5262896848389893	0.48273776137875407	0.5207364727368806	0.5346867163272779	0.4764243432793618	0.5829968803741696	0.4577645308277438	0.42143456434170334	0.4665277591074069	0.39179580125248575	0.4443728532292531	0.4730822181327672	0.4793423291043012	0.5071593790414914	0.45588719284664697	0.3572736417112052	0.4430193157218944	0.3321265835693526	0.4160806745437605	0.38568865856089296	0.3658723132048709	0.35015134588909336	0.2971663784991494	0.3365139919622122	0.41661142812113233	0.35036225669931537	0.31238904005451235	0.4194969661291145	0.3871302687142784	0.38360040976957416	0.2930941774710171	0.4387987818162434	0.4239376816498324	0.35211907421742816	0.38120390671716164	-0.12598792014128707	0.07198779962082408	0.037850378480607794	0.2446333628453954	0.23260681126031957	0.20925597155717074	0.11122879882817027	0.2326856131015014	0.09708618603724083	0.20976354812243025	0.023406464532218365	0.08561124734043786	0.13804691954332016	0.11720846795314535	0.1797215050224585	0.2561778325785353	0.1528709364903514	0.0694707761054276	0.213358302701049	0.24495320561254524	0.18474396354719536	0.28073851231394653
SahR_SamR	0.6727405889742318	0.6861299488715112	0.7493800149259958	0.7947953701600604	0.8070281971529358	0.8404030945946572	0.8181879284850114	0.7939517269191725	0.8160417371634119	0.8258386601832838	1.0	0.7843657147095225	0.8168807450018774	0.8100667034408592	0.6814041561018119	0.7582104565407846	0.7835985556086051	0.7665008737733566	0.7633464824248717	0.6854948987396341	0.693361176650551	0.6464903050558334	0.618923566849456	0.5697952542749999	0.6527411452225225	0.6537331213409292	0.5478188113901108	0.6418386787248935	0.6212505388655316	0.5618130913035215	0.5735406594323487	0.5197630382281638	0.5027070750147175	0.47173099832661974	0.5558635522942924	0.4920526025466901	0.5835114100430628	0.4940203308750249	0.4379064668499196	0.42937500869137957	0.3957103985982543	0.4274721759969592	0.49798591764744055	0.5056065192299669	0.5461477488168135	0.42140675192716853	0.4044574029694388	0.4099016831146196	0.3576421562037908	0.3844741831262081	0.36857475281716584	0.3814101821249612	0.3433326689256528	0.25605035901191764	0.3380645340725255	0.3998660368699909	0.38877120117182973	0.31597220612707494	0.4226745344897117	0.3875150071153427	0.32054966601925544	0.2648413997061155	0.39697818116079747	0.43240887957688046	0.31585168566409094	0.27475189008533774	-0.09329674455687871	0.1610895049853753	0.024335862717921857	0.2199058086227756	0.24924558825574442	0.07026806532209094	0.11664758426002754	0.19178977522933655	0.1118429896491464	0.2711664063115639	0.03315703352786572	0.08898582030398969	0.10002271347187006	0.14409380200342092	0.22508123542745365	0.2934951397805601	0.1605749753164821	0.13276256078171428	0.19316648974880754	0.1736027738248096	0.1513713838066852	0.22998780889162893
ModE	0.6617152843124076	0.6732273062285903	0.6871659613129314	0.7477761656878242	0.7496859514858782	0.8339761091359147	0.7805762732291603	0.7444456290472857	0.7850077179450334	0.7871956278884351	0.7843657147095225	1.0	0.8111490699065039	0.7553735902582382	0.6211786901279834	0.7086394630349834	0.7943063352044908	0.7451664341239784	0.7896802035868744	0.6864242969253376	0.701079121683949	0.6540205162911218	0.587059810597457	0.5054419624439696	0.6231278768466284	0.5968938168367087	0.589542068594685	0.5961660586563823	0.6106748682386861	0.5290013952561292	0.5514066128650958	0.5562923270183701	0.5193273104004524	0.4316417204759631	0.5009548928990271	0.4758704126898777	0.5485048509486351	0.46810611363225496	0.4330253880990678	0.4606315272260361	0.447768285503706	0.41062480589252354	0.4414015602764554	0.43045737515702426	0.5127288150520788	0.4234370581882066	0.36157529515924924	0.4356907444919831	0.3338208231547622	0.3135965623855635	0.3180558195159713	0.33222624472143547	0.38096286579119365	0.2562890822366744	0.38312528102127186	0.4225285193134042	0.44031455840838823	0.3195182889802578	0.4060033096773296	0.3811691411989932	0.32100161775544545	0.2821360861443186	0.4022996231417831	0.3893413556697925	0.3051786715863738	0.35646476398848564	-0.05027093927159286	0.15338314845803339	0.05463285295112895	0.10491306302756674	0.2150618130913035	0.19179672833297023	0.18376821133726726	0.251482169924582	0.018861452456995054	0.1789334866106401	0.06785533836119982	0.07601596432594296	0.16452202047920791	0.13989180970745976	0.11000968799106295	0.2837005344618993	0.2520059703983201	0.10152226615553629	0.19444354311619563	0.2004904255762964	0.17432821430392478	0.20490332868247957
ArgR	0.7165868604882933	0.7254706092309404	0.728592552762468	0.8223482021591705	0.8337698337281151	0.8406464532218364	0.7818000194686902	0.755139502435904	0.8090585034139739	0.8067408022027432	0.8168807450018774	0.8111490699065039	1.0	0.8067732500197005	0.6420959435593401	0.7598884722177156	0.7903175714199628	0.7843888917216348	0.7226059305338592	0.685865730933431	0.7169368333711891	0.6250005794253028	0.6273599992583356	0.5416027367415902	0.6305468384237778	0.5924276066026672	0.543498616332377	0.6551306951713013	0.6210512165613657	0.5866634836903366	0.5660753438309747	0.5843156523633599	0.5513440349323927	0.47067644427550975	0.5398412838210549	0.4897928438657402	0.5345453365533929	0.4595561138640251	0.5076229192837376	0.42793339853799406	0.38465264611947286	0.3434949080104389	0.46013553916683275	0.37300156213061636	0.4454158187743069	0.38620087052857494	0.3517042057006179	0.3752960863297347	0.3703130287255888	0.39526771766690927	0.38037185198232987	0.37962323449110236	0.40552818092902737	0.3232127047109595	0.3591069433692886	0.5046191785139827	0.44071552071793113	0.33327152796770054	0.3862286829431097	0.4267328293105766	0.25212880856251535	0.23887851073790972	0.36877407512133165	0.37345351386680636	0.27949390676351565	0.2601596432594296	-0.10353171310567327	0.14922287478387436	0.022915111875437467	0.2086417807361946	0.17408253797553436	0.16981333234444748	0.06358845043132419	0.2201352610426874	0.0538726469538453	0.18222462233058764	0.08011366006739876	0.05255155726344383	0.13616262845858965	0.1539440321511512	0.2135321302918913	0.32783188322494217	0.17276608368755533	0.1413473260681126	0.1387236882969995	0.22428394621079029	0.18080387148810323	0.2462117173702435
CzrA	0.7089940713203017	0.7698754467369084	0.7001659474067241	0.774534026171482	0.7774520119964214	0.8139627591769379	0.7965405991721172	0.7312718153626507	0.8157497068107967	0.798508327500452	0.8100667034408592	0.7553735902582382	0.8067732500197005	1.0	0.6506088601081903	0.6950136976141583	0.7600576644061354	0.7114925532260084	0.7108389614844413	0.684127455025008	0.6638637933352184	0.6305514738262002	0.5156398477733845	0.5296433984916401	0.5850874468666998	0.5584732838581381	0.46793923914504637	0.668371722191062	0.5863830418437777	0.5915839633617792	0.5797196508614896	0.5922097426888115	0.4946484279032684	0.4879410005979669	0.5110461639727253	0.49933713745358804	0.561426035201246	0.41956881486666264	0.41178365649813886	0.41688723456526877	0.32510858430174616	0.42988722065906154	0.41605054442801453	0.41850962541313025	0.4847008543046665	0.4134106827484228	0.4006123366600071	0.3705447988467119	0.3672443923219194	0.38782557907764764	0.42308940300652204	0.33630539885320143	0.43659696566557427	0.28166791049965	0.34136957599974044	0.42288776300114495	0.3531713105673269	0.30157232850169885	0.35275180664809413	0.3450941218461881	0.2704896375578846	0.25797173331602785	0.39266957460911966	0.45454524384534445	0.36425919316185434	0.27537998711358125	-0.08889311225554046	0.1200546050405366	0.05555529803319875	0.20525330156537538	0.2225758004181133	0.18223389313543256	0.09643954739930748	0.21940518516114976	0.04506074694874636	0.15827349801373006	0.06215379338157242	0.0774483036744835	0.10026838980026051	0.17645354631462332	0.11575526929370374	0.24639945116835318	0.158252638702829	0.13097561314785544	0.1732412124358576	0.17306043174138164	0.21101974217891725	0.2137152286875785
LldR	0.5529872850911551	0.5554602722835383	0.5927845325891967	0.6403738915593957	0.6170995359962175	0.7221725204073591	0.7503441786298678	0.6740338662500985	0.6795708544437286	0.6647955092221332	0.6814041561018119	0.6211786901279834	0.6420959435593401	0.6506088601081903	1.0	0.6877731990302738	0.7085907913095475	0.6400331894813448	0.7025415911482356	0.5891712364008882	0.6637710852867692	0.6177415392317284	0.5637738665282227	0.4813540937556494	0.5345754666691389	0.4877787615131808	0.4545429261441332	0.5001877337981097	0.5342162229813981	0.4237939841747361	0.5746068019895147	0.49962685010499186	0.3417659029068609	0.40452925170698695	0.43253867084470937	0.4624671465853308	0.4782391033277554	0.3469181526994266	0.34949311874510386	0.3341847022449254	0.27022310191859306	0.4388822190598477	0.4494996083084953	0.4241555455636881	0.4768693419119181	0.456218624119853	0.3233494490824221	0.4114360013164543	0.30667590656882876	0.24648057071074625	0.3249579337230162	0.35159527374369004	0.319801048528028	0.1864335677301825	0.2956900028275955	0.3097167305579634	0.25135006095554185	0.26118406719479353	0.3488163499914245	0.2717551024192165	0.2788634920340609	0.22424222758898812	0.3854267583240239	0.5123626182607043	0.2832022287014847	0.3061173405769222	-0.04889190705091063	0.08885139363373831	0.0370415007578883	0.20030500947939794	0.18534656586211531	0.08470270846563545	0.057244902216185896	0.13693674066314068	0.04503293453421159	0.20119964214693298	0.10081536728611094	0.12553365070388586	0.11917851398269141	0.2578535305542551	0.14439046775845846	0.22773500331431273	0.281878821309872	0.11652474609583231	0.25665759672926003	0.25718603260542067	0.19495807278508884	0.2107578419420482
PdxR	0.6444646341972178	0.5923001330360496	0.6095415123463943	0.6674261000968799	0.7171732388947346	0.8067361668003208	0.6884638739912206	0.6795314535231376	0.6952871863570836	0.7294987739360592	0.7582104565407846	0.7086394630349834	0.7598884722177156	0.6950136976141583	0.6877731990302738	1.0	0.7498481905706644	0.7396085866194474	0.7418289443798063	0.6494082908807728	0.6690925272677547	0.5707524648752381	0.6992527731294992	0.5044152208073944	0.5855417163041009	0.604282648298112	0.4827910685066124	0.580558658699955	0.5283431681121397	0.513203943800381	0.49156588529233164	0.45560443329887684	0.3685724351159546	0.3902638007518623	0.5223310511702074	0.5590897923803255	0.5712785830501875	0.40347006225345455	0.42171500618826224	0.38649753628361244	0.3628662547339047	0.4752353625580005	0.41523934900408377	0.4903444567540131	0.49281976164760743	0.39376352958082056	0.32208398422109014	0.53175250659386	0.256305306145153	0.2770023779614427	0.2709508600989195	0.270925365385596	0.43481928883656035	0.34353894433345233	0.3241815038172539	0.3358047753915756	0.3180511841135488	0.25421010425020046	0.3809443241815038	0.36680866449420807	0.23038413579874936	0.29332826529335143	0.28328103054266657	0.40523383287520104	0.22744297296169766	0.2626048180372779	-0.0649350348350492	0.170682470298659	0.09525056667794615	0.0929259123630818	0.1697623429178004	0.12353579225980503	0.11184994275278008	0.09379041491487083	0.10206229053775304	0.14400341165618294	0.1054391812025161	0.13403034334425742	0.20336205737701119	0.20719321747917546	0.15909859964492817	0.3145190074676333	0.2561500201640005	0.22255957650963468	0.24155313793566988	0.1723535328719563	0.20626381929347196	0.13703408411401236
NsrR	0.6715423374480256	0.6628973119301352	0.6943508350677464	0.7361065400892779	0.7527244577738016	0.8555145064918811	0.8194719349560332	0.78647018740932	0.8269789691792093	0.7896384849650723	0.7835985556086051	0.7943063352044908	0.7903175714199628	0.7600576644061354	0.7085907913095475	0.7498481905706644	1.0	0.7919886339932601	0.7781403692561569	0.7393420509801558	0.7261543310882534	0.6913285526883016	0.6132591050892083	0.5620657207355456	0.6568759241833579	0.6344220348489554	0.5178694763385884	0.5972159773050697	0.5930417974236434	0.4973531852167746	0.5731373794215945	0.5585196378823628	0.5035182704386482	0.39798174578526035	0.5248689339965049	0.4539287353231571	0.5021160612058536	0.4698629311503678	0.41618033569584345	0.4358437127719243	0.4066360421079956	0.4218308912488238	0.5469635796431668	0.5455266048922037	0.5635838150289018	0.4568536742517302	0.35800603529395403	0.42121670042784765	0.3140809619387107	0.44929101519948456	0.3606319907662784	0.31598147693191986	0.4048444590717143	0.23689455850109628	0.2730715567071955	0.38377655506162767	0.3480839564086756	0.34605828555006	0.45206762125053884	0.35837686748775094	0.27992036378638213	0.2540687244763154	0.4225632848315726	0.4161617940861536	0.28310488525061306	0.3016557657453032	-0.12290769523156153	0.07151498857373303	-0.038640714593637444	0.14178305389582396	0.19662218225475245	0.12139423634062792	0.05969239469524547	0.14423286407609476	0.08321937969044782	0.19519911371105683	0.14719720392525878	0.13779429011129601	0.24949589998655733	0.1986524885157905	0.2276422952658635	0.4050460990770914	0.21504095378040244	0.21834599570761737	0.28208509671767157	0.3039781023589563	0.23278759195479556	0.21950716401444392
IscR	0.6664271708748395	0.6655696214266842	0.6389160574975317	0.6657898030417511	0.7288266405848024	0.8065901516240133	0.776874904394825	0.676469770223102	0.7561407493591557	0.72042265599288	0.7665008737733566	0.7451664341239784	0.7843888917216348	0.7114925532260084	0.6400331894813448	0.7396085866194474	0.7919886339932601	1.0	0.778200629487649	0.7163597257695927	0.7205872127788774	0.7082176414145394	0.6741312097009702	0.6295502269029486	0.6333373506820995	0.6450116116830683	0.5161265650277429	0.5654820123208997	0.5417603404239539	0.46261084406042713	0.49245124715502175	0.4573033082867089	0.39301491208959305	0.37423226147377986	0.5334467461792696	0.4303553963037301	0.46728796510469056	0.5060909187831142	0.41621046581158944	0.36156834205561555	0.4355702240289991	0.4071297124659877	0.4703612369107824	0.4894521417876893	0.501195933824995	0.471040323365673	0.3736690600794508	0.3855542318906416	0.4072154674108033	0.35178300754179975	0.285385503242464	0.26111221845724536	0.3808075798100412	0.21081346677111773	0.2987540038288424	0.43887063055379155	0.3532779248230435	0.34092689506839535	0.4510686920284985	0.3089912900788482	0.29725213344396495	0.2953516184507558	0.34901798999680156	0.3320060631063686	0.22207054155406503	0.19771150182403086	-0.14131256054994415	0.09200114957980077	0.07019853428575402	0.03388710940940338	0.1422095109186904	0.0961846002660721	0.12220079636213618	0.1384664234625529	0.13295492998224642	0.23348753772058722	0.18634085968173328	0.1399775646522753	0.19079084600729612	0.2315290801970973	0.2763881871404666	0.36556869434619965	0.2278763830881978	0.19114081889019197	0.2634809090951231	0.20737399817365146	0.1760131830844895	0.2291997904798105
LexA	0.627072604308143	0.593862263652419	0.665367981421307	0.6858889079455432	0.6744116515475291	0.8202715418739078	0.7839044921684876	0.7136248383403405	0.7261149301676625	0.7523883910981732	0.7633464824248717	0.7896802035868744	0.7226059305338592	0.7108389614844413	0.7025415911482356	0.7418289443798063	0.7781403692561569	0.778200629487649	1.0	0.7030908863352971	0.732711107814825	0.6852561755148773	0.6505995893033454	0.6620559863904585	0.6235543338694949	0.6692246362367948	0.5378364722733404	0.5443144471587301	0.5669514348888198	0.475863459586244	0.5556201936671132	0.4596743166257979	0.36192990344456755	0.33123890400545125	0.5477261033416616	0.44396262011486526	0.47713819525242085	0.4025916534943981	0.41321599584667945	0.34948616564147017	0.461785742429229	0.4400457050678855	0.5017753591278027	0.5485906058934507	0.5402515169354427	0.5247530489359433	0.3711728958749554	0.3998382244554561	0.33587430642791255	0.30768874199813656	0.29837621853141183	0.27065419434388194	0.3265316528454418	0.24483268514956125	0.33946674330532006	0.3213098720165391	0.3106183163291321	0.3520379546750351	0.44499863255628536	0.28594638693558183	0.34781510306817287	0.3333758245222059	0.35804080081212253	0.349233536209446	0.29482550027580645	0.3052899212445128	-0.08773426164992514	0.05486462307225202	0.016281851008895336	0.000894632667535032	0.12716067695416977	0.1993014448549351	0.10889719140967223	0.03774839962731365	0.115034464217011	0.23170754319036208	0.13850814208435505	0.111829083441879	0.12839137629733324	0.26735610552030076	0.20578869054516968	0.3595218118860989	0.2738317627044792	0.23075960339496873	0.25709564225818266	0.26859839336952035	0.1883317650221804	0.1826626678595102
RutR	0.5852520036526971	0.6189027075385549	0.6271120052287339	0.7076637108250553	0.7236048597558997	0.7552275750819307	0.7584885806861322	0.6718876749284989	0.7301106470558242	0.7255401402672773	0.6854948987396341	0.6864242969253376	0.685865730933431	0.684127455025008	0.5891712364008882	0.6494082908807728	0.7393420509801558	0.7163597257695927	0.7030908863352971	1.0	0.6573464175292378	0.6948839063463295	0.5225605035901192	0.5083715367749652	0.5799676448910912	0.5476380306956349	0.4865040258470039	0.5915376093375546	0.511303428807172	0.4348216065377716	0.4848329632737066	0.5111550959296531	0.44969893061266114	0.3984754161432525	0.4913271620675749	0.403655478350353	0.4454552196948978	0.4255276246807367	0.44635912316727777	0.41650713156662694	0.3860687615595348	0.404791151943856	0.42189810458394944	0.4430795759533864	0.47893673139233583	0.435971186338542	0.24664049209432118	0.3055518214813819	0.313088985820304	0.34268603028771943	0.32973471591936254	0.31139938163731684	0.3866899054841446	0.324172233012409	0.26086885983006614	0.36858170592079953	0.33015885524101773	0.311501360490611	0.4842118193490968	0.313330026746272	0.3709086779368751	0.33706096944806263	0.32630220042552993	0.37940537057724666	0.32218364537317307	0.30310664670353354	0.0010730956607997923	0.050836458367133144	-0.042761587347205546	0.18961808919441342	0.11231116529381498	0.25143118049793495	0.08035701869457797	0.15995383139187228	0.03338185054535509	0.15194849140828162	0.03599621751162327	0.11963278342009262	0.21233387876568505	0.18355034742341156	0.14515530915816457	0.21278814820308625	0.15186968956709976	0.16209075190862696	0.20909141477117335	0.22515540186621302	0.23984730984420413	0.27995281160333935
Phr	0.6008918514260816	0.6148351419128452	0.6167773755278565	0.6881278073155921	0.6511118012710273	0.7436066212088203	0.7491018907806481	0.6977740797567341	0.7197713819525242	0.6728078023093574	0.693361176650551	0.701079121683949	0.7169368333711891	0.6638637933352184	0.6637710852867692	0.6690925272677547	0.7261543310882534	0.7205872127788774	0.732711107814825	0.6573464175292378	1.0	0.688076817888945	0.5578822700492744	0.518710801878265	0.5940592682553736	0.5696144735805239	0.5411577381090339	0.5043016534480441	0.5561370410372176	0.45084155730979786	0.5700061650852218	0.5051684737010443	0.3890122420977977	0.3510853794772193	0.4893455275319727	0.3342843633970083	0.3817717435139132	0.41865564058943777	0.36545512698684934	0.3829445003267959	0.4058874246167681	0.35595023431959244	0.3730618223621084	0.44552938613365717	0.5361213733770297	0.4937491598333109	0.33435621213455646	0.37342570145227155	0.43369288604790224	0.3493192911542616	0.29464008417890797	0.336361023682271	0.25268273915199946	0.13594708224594518	0.33952932123802326	0.3997941881324427	0.2946841205019214	0.31593975831011767	0.3709017248332414	0.28095637622780223	0.37083219379690446	0.22943851370456725	0.32162044397884404	0.35451325956862945	0.25503752358260984	0.15986575874584552	-0.12307688741998137	0.049955731906865496	0.005817430040188939	0.07097959959393875	0.06872911171783379	0.18134853127274245	0.12107671127468932	0.10086172131033555	0.07527661763956038	0.30272886140610294	0.14840704395752116	0.13827637196323198	0.20130393870143837	0.255139502435904	0.1770584663307545	0.26663993584603046	0.2361853419304597	0.21999388126880234	0.2694698490249431	0.243965864896561	0.18209251336154747	0.17455303132141417
ThiR	0.5838173466029454	0.6226434772934812	0.6757814129633665	0.6138362126908048	0.6296614765610876	0.7221053070722335	0.7446101858332831	0.7001589943030905	0.7393559571874232	0.6704205700617899	0.6464903050558334	0.6540205162911218	0.6250005794253028	0.6305514738262002	0.6177415392317284	0.5707524648752381	0.6913285526883016	0.7082176414145394	0.6852561755148773	0.6948839063463295	0.688076817888945	1.0	0.5488246937157849	0.6160959713717546	0.5522502561059839	0.6126356434633873	0.38907713773171215	0.4587750485558404	0.5535528041866955	0.38437220427291396	0.4414919506236934	0.503235510890878	0.46326211810078294	0.3503900691138501	0.534496664827957	0.3954369098553291	0.42479986650041024	0.3769578780981871	0.2532436228451173	0.39283181369390585	0.42000454269437404	0.33254840518979656	0.4627684477427908	0.4502853090191025	0.5257380719507164	0.5765675772142158	0.30334073452586785	0.34732143271018073	0.37319393133114853	0.31291979363188416	0.22416110804659506	0.2322753799871136	0.2767103476088277	0.13842934024317322	0.3598856909762621	0.3003485822621691	0.30625176724717357	0.2776374280933199	0.3826130690535899	0.30893566524977867	0.3691263657054387	0.2890011171319838	0.33785594096351473	0.2685080030222824	0.30941542940050343	0.2714491658593341	-0.07799064575791147	0.018479031757141995	-0.022143317372097657	0.07673445170142446	0.093530832379213	0.10864919738007055	0.10488988601545443	0.12697757855848255	0.010063458659163495	0.24781324890720388	0.0860979645947963	0.14110164973972214	0.17560294997010165	0.2666584774557203	0.24502273664888216	0.21864961456628856	0.24595213483458567	0.19420481989143887	0.23001793900737494	0.29282995953293683	0.2645331454450218	0.1877639282254289
HrcA	0.5075047165219648	0.49558709689381686	0.5522803862217298	0.5370971255869579	0.6115138760771517	0.6869990868257227	0.583080317617774	0.5967431662579787	0.5736495913892765	0.6215866055411601	0.618923566849456	0.587059810597457	0.6273599992583356	0.5156398477733845	0.5637738665282227	0.6992527731294992	0.6132591050892083	0.6741312097009702	0.6505995893033454	0.5225605035901192	0.5578822700492744	0.5488246937157849	1.0	0.5860910114911626	0.5085708590791309	0.6196490073285712	0.46954540608442924	0.4703311067950364	0.4176381697577075	0.3754560077133096	0.3343840245490912	0.3704173252800942	0.28672049914013287	0.3746842132099698	0.47599556855528413	0.448482137476765	0.42708975529710613	0.3798897701303939	0.2559112969392438	0.3202715418739078	0.3261306905358989	0.41688723456526877	0.41349643769323835	0.4262020757332048	0.4366688144031224	0.48076771534920804	0.12791624754903097	0.37445244308884673	0.2144870231909183	0.21412546180196634	0.1446430971904826	0.17527615409931813	0.3990687476533275	0.28230759603394967	0.27115481780550776	0.383769601957994	0.26230119917860667	0.32719451539185374	0.34411605193504874	0.3681135302761309	0.2780592497137639	0.20949005937950504	0.2664429312430759	0.2710783336655372	0.3112278717476858	0.2866185202868387	-0.06991345703677265	0.11278861174332849	0.13874918301032305	0.06065424069790619	0.16417668299873453	0.08943545433896843	-0.006725968914991355	0.03548632324515253	0.13429919668476017	0.07419425117391566	0.09669449453254285	0.1647653791063871	0.20109071019000516	0.20429377326392592	0.181012464597114	0.2993450176377062	0.21752089407641925	0.2503998034589373	0.22663409523897818	0.18601174610973853	0.06756330800858476	0.1223908478614571
