	AcnR	AgaR	AmtR	AraR	ArgR	BioQ	BirA	CadR-PbrR	CblR	CcpA	CsoR	CueR	CzrA	DasR	ExuR_UxuR	FabR	FadP	FadR	FixJ	FnrN_FixK	FruR	FUR	GguR	GlcC	GntR	GulR	HcpR	HexR	HisR	HrcA	HutC	HypR	Irr	IscR	KdgR	LexA	LiuQ	LiuR	LldR	LtbR	MerR	MetJ	MetR	MntR	ModE	NadQ	NagC	NagQ	NagR	NarP	NiaR	NifA	NikR	NmlR	NnrR	NorR	NrdR	NrtR	NsrR	NtrC	PaaR	PdhR	PdxR	PhnF	PhnR	Phr	PhrR	PhsR	PrpR	PsrA	PurR	QorR	RbkR	RbsR	Rex	RutR	SahR_SamR	SdaR	SiaR	SoxR	ThiR	TrpR	TtrR	TyrR	VanR	XylR	ZntR	Zur
AcnR	1.0	-0.6205448973594727	-0.013412535158053818	-0.7902271105327232	-0.7985600940346753	0.6884471684647999	-0.7344779816128626	0.21380294697955585	-0.2971747617648294	-0.6496788547919903	0.27041266109735107	0.663133369715797	-0.7081146887200369	0.4745602619537383	-0.3587800680072205	0.4719575164770581	0.7935854917929558	0.29337559296419125	0.5054993493136308	0.274295789429495	0.6684647999664162	-0.7997775072415096	0.06792326098820368	0.46599638974014523	0.5723941060408883	-0.6862012509970195	0.23214810461357627	-0.30047017337643256	-0.29929473993535116	0.5792368078586122	-0.6037320011754335	-0.323538054657655	-0.5475840644809202	-0.7724696696192436	-0.7785777255362915	0.24136266319633937	-0.02827337223458293	0.7088283447378364	-0.4235968263297091	0.10897947189454683	0.758511397506402	0.1272406699970614	-0.7814533394903657	-0.8288275051425213	-0.7156710465555602	-0.7130892909617564	-0.7698249443768104	0.05805801603627052	-0.4630368162545653	-0.2557617228495865	-0.5122371017169725	0.7588472356324252	0.00520549095336048	0.6071113723185425	0.7435875907812435	0.13993954913731582	-0.3569329583140926	-0.7963981360984006	-0.7800260274547668	0.6990890390831619	0.7057638218378741	-0.3363208933294152	0.381386171865161	-0.539565929222115	0.5359766592502414	-0.7732882750514252	-0.6948280928592419	-0.005079551656101759	-0.002287897233533437	-0.19866924142563286	0.6382393686243231	0.3472986020738004	-0.8043533017085764	0.7370597372066664	-0.49827882960413084	0.12980143570798874	-0.8005961126736912	0.20055833088451366	-0.5884513664413753	0.1319004239956341	-0.7468200327442173	-0.2087233953234541	0.0624029217916964	-0.3117417404810881	-0.1579278787624365	-0.7510809789681373	0.366252466311238	-0.8321019268712481
AgaR	-0.6205448973594727	1.0	-0.05255866672263969	0.6540237605474162	0.6572981822761429	-0.605285252508291	0.5208639435791949	-0.2844548927416985	0.3886486713404139	0.4682632970908022	-0.4125981277024474	-0.6776583686663028	0.5409302716090845	-0.18701985642920113	0.2805717644095546	-0.708765375089207	-0.6528903068720876	-0.24413332773603122	-0.47367868687292725	-0.24719785063599345	-0.503841148566391	0.829415221863062	0.2743377691952479	-0.4094286553881029	-0.7800470173376433	0.8547919902606943	-0.11313546870408463	0.010243062843709332	-0.028336341883212292	-0.7296083287855254	0.36031232945720165	0.1874396540867302	0.6823810923135049	0.7912975945594224	0.8086772175811259	-0.04130808950086059	0.10792997775072415	-0.7622266067755342	0.42034339448385877	0.04305024977960623	-0.5712186725998069	-0.08207044204693338	0.8699466856974938	0.7222828596616431	0.4412283279459301	0.6375467024894002	0.7901011712354645	-0.3859829562151043	0.5051635111876076	-0.024453213551068383	0.3680156164728601	-0.6074262205616893	-0.11107846018219218	-0.568678896771756	-0.7272574619033626	-0.22102346668905587	0.1664287813274002	0.6674992653540993	0.7404391083497754	-0.7789135636623148	-0.4934091767767936	0.14506108055917047	-0.4207841820242643	0.3955333529238907	-0.41308089500860584	0.6374837328407708	0.44076655052264807	-0.1537299021871458	0.07191133873472987	-0.0011754334410813989	-0.7288317031190966	-0.6268418622224088	0.6919314890222913	-0.5925443936022837	0.3458712900382016	-0.009403467528651191	0.8324587548801478	-0.3736199152008732	0.7517526552201839	-0.21886150875278115	0.7014189160824482	-0.27326728516854876	0.10996599638974014	0.0990512572939843	0.27471558708702404	0.6209646950170018	-0.445993031358885	0.7289156626506024
AmtR	-0.013412535158053818	-0.05255866672263969	1.0	-0.11458377062255992	-0.09470635153855841	0.1351958356072373	-0.08297300701062088	-0.040510473951555354	-0.030372360522228286	-0.030078502161957937	0.022795012803828556	0.0003358381260232568	-0.01905881365181982	0.011838293942319802	0.00615003568280089	-0.0103480122580916	0.09147390957558457	0.1294236178162126	-0.008899710339616305	0.014021241761470972	0.0751018009319508	-0.11336635741572562	-0.05931740900885773	0.20034843205574912	0.1702699298937912	-0.1064606859493724	0.09646950170018051	-0.06645396918685194	0.02080097393056547	0.011691364762184627	0.00615003568280089	-0.06748247344779816	-0.07657109273330255	-0.06011502455816296	-0.12747155870870241	0.11462575038831284	-0.1319004239956341	0.1310398387976995	-0.043449057554258846	-0.05003988077746526	-0.01616220981486923	-0.10058351874396541	-0.06584526258343479	-0.09180974770160782	-0.08859829562151043	-0.05684060282943621	-0.13376852357163846	0.06574031316905252	-0.13175349481549892	-0.10402585953570379	-0.04756307459804374	0.010662860501238403	0.025586667226396877	-0.12148944208891314	0.15509424457411528	-0.051782041056210905	-0.12237101716972419	-0.07963561563326477	-0.08712900382015869	0.10362705176105118	0.15108517694471266	0.04074136266319634	0.07944670668737669	-0.05816296545065278	-0.007241509592376474	-0.13315981696822132	-0.04571596490491583	0.010809789681373578	-0.036312497376264644	-0.15916628185214726	0.02323580034423408	-0.07778850594013685	-0.05045967843499433	0.14344485957768355	0.003925108097896814	0.05176105117333445	-0.06928760337517317	0.012740858906007305	-0.1491750976029554	-0.05849880357667604	-0.13758868225515303	0.10635573653499013	-0.18466898954703834	0.16076151295075775	0.047290206120649846	-0.02850426094622392	-0.26625666428781325	-0.07820830359766592
AraR	-0.7902271105327232	0.6540237605474162	-0.11458377062255992	1.0	0.8573527559716216	-0.7899122622895765	0.7775702111582218	-0.19732588892153982	0.24046009823265185	0.5856807019016834	-0.25777675160572605	-0.7163637126904832	0.791234624910793	-0.5276436757482893	0.19644431384072877	-0.4508626841862222	-0.8523151840812728	-0.41217833004491833	-0.5195625708408547	-0.39756937156290667	-0.7509130599051257	0.8534906175223542	0.0638512237101717	-0.6049494143822678	-0.6364132488140716	0.7433567020696025	-0.3667352336173964	0.32053650140632217	0.3291633432685446	-0.6799042861340834	0.6639939549137316	0.411191805549725	0.6134293270643549	0.8145753746694093	0.8319759875739894	-0.21298434154737417	0.037299021871457956	-0.7472188405188699	0.3974224423827715	-0.230007136560178	-0.7550690567146635	-0.07029511775324293	0.781936106796524	0.8522102346668906	0.7334074975861634	0.6953108601654002	0.8204315519919398	-0.04200075563578355	0.49987406070274126	0.25234037194072456	0.6640989043281138	-0.7584904076235255	0.06303261827799	-0.5793417572729944	-0.8146803240837917	-0.15213467108853532	0.3742915914529197	0.8499853070819865	0.8523991436127787	-0.7967339742244238	-0.7543344108139877	0.27610091935687	-0.45348641954577895	0.6139540741362663	-0.47735191637630664	0.8421560807690693	0.7392007052600646	0.03251332857562655	-0.0644389404307124	0.15236555980017633	-0.6942193862558247	-0.3837370387473238	0.8145753746694093	-0.7547961882372697	0.54202174551866	-0.23951555350321146	0.8684983837790186	-0.27847277612190924	0.6490491583056966	-0.22297552579656604	0.8375802863020024	0.14271021367700767	0.046681499517232695	0.36658830443726126	0.12514168170941606	0.7351076780991562	-0.39406406112253894	0.8745014902816842
ArgR	-0.7985600940346753	0.6572981822761429	-0.09470635153855841	0.8573527559716216	1.0	-0.7710633474665212	0.9266823391125477	-0.2999454263045212	0.1854456152134671	0.6286679820326603	-0.3833802107384241	-0.8453255530834138	0.8816590403425549	-0.636707107174342	0.22906259183073757	-0.3854791990260694	-0.8711011292556987	-0.559842156080769	-0.656374627429579	-0.5012384030897108	-0.831409260736325	0.9059233449477352	-0.09382477645774737	-0.655870870240544	-0.6580538180596952	0.7549641073002813	-0.44662272784517865	0.3641114982578397	0.4725662230804752	-0.6495948952604844	0.6071953318500483	0.45283573317660886	0.5344443978002603	0.8629780445825113	0.8803786574870912	-0.11007094580412241	0.08763276100919357	-0.7158389656185719	0.40625918307375847	-0.33814701313966666	-0.8309264934301667	-0.19008437932916333	0.8238319130179254	0.9445237395575332	0.8221737122706855	0.8144704252550271	0.9179085680701902	-0.08702405440577642	0.42326098820368585	0.30074304185382644	0.6329499181394568	-0.763234121153604	0.13263506989630997	-0.5840644809201965	-0.8383569119684312	-0.2687754502329877	0.30626338105033374	0.9690819025229839	0.9445447294404097	-0.7825867931656941	-0.6798623063683304	0.22501154443558205	-0.5793417572729944	0.652953276520717	-0.5850090256496369	0.9635405734436002	0.7891566265060241	-0.0597372066663868	-0.017946349859367786	0.30382855463666514	-0.6525964485118173	-0.3563452415935519	0.9160194786113094	-0.7465051845010705	0.6703328995424206	-0.3537634859997481	0.9110868561353428	-0.16074052306788128	0.5955459468536165	-0.133978422400403	0.9446076990890391	0.17874984257587842	-0.09208261617900172	0.4144242475126989	-0.0136014441039419	0.8663993954913731	-0.4142353385668108	0.9466647076109316
BioQ	0.6884471684647999	-0.605285252508291	0.1351958356072373	-0.7899122622895765	-0.7710633474665212	1.0	-0.6389740145249989	0.1468662104865455	-0.1412199319927795	-0.4701313966668066	0.23666092943201378	0.6913017925359977	-0.7579026909029848	0.5124050207799841	-0.2634020402166156	0.3526510222072961	0.7104865454850762	0.46908190252298393	0.4488476554300827	0.3693169892112002	0.7232483942739599	-0.7350447084505268	-0.1996347760379497	0.5663280298895932	0.6447042525502708	-0.675769279207422	0.27204987196171443	-0.41064606859493724	-0.3170941606145838	0.6302212333655178	-0.6742789975231939	-0.39387515217665087	-0.5297636539188111	-0.6848998782586793	-0.6835985055203392	0.12831115402376056	0.0016162209814869232	0.6809118005121532	-0.3902858822047773	0.14168170941606145	0.6084967045883884	0.16812896184039294	-0.6795054783594308	-0.729776247848537	-0.7310776205868771	-0.6627975315897737	-0.6988581503715209	0.0431551991939885	-0.5207380042819361	-0.1775953990176735	-0.5755425884723563	0.6130724990554552	-0.18981151085176945	0.40115864153478026	0.7506821711934848	0.15983795810419377	-0.46305780613744174	-0.752634230300995	-0.7670962596028714	0.7405230678812812	0.6426682339112548	-0.16061458377062257	0.457747365769699	-0.6725998068930775	0.4747911506653793	-0.7666974518282188	-0.6828428697367869	0.08568070190168339	-0.001637210864363377	-0.11727047563074598	0.6244070358087402	0.3064522899962218	-0.7076948910625078	0.688636077410688	-0.4840476890138953	0.25744091347970277	-0.7499265354099324	0.33596406532051554	-0.6077620586877125	0.28523151840812727	-0.7079677595399018	-0.1594601402124176	-0.09357289786322992	-0.23076277234373033	-0.025817555938037865	-0.6216783510348012	0.2723017505562319	-0.789198606271777
BirA	-0.7344779816128626	0.5208639435791949	-0.08297300701062088	0.7775702111582218	0.9266823391125477	-0.6389740145249989	1.0	-0.3909365685739474	0.12717770034843207	0.6773645103060325	-0.37893035556861593	-0.8056336845640402	0.8296251206918266	-0.6114982578397212	0.24201334956550943	-0.3227824188741027	-0.8449267453087612	-0.5611225389362328	-0.6444733638386297	-0.4481130095294068	-0.7625204651358045	0.818584442298812	-0.25085009025649635	-0.5922715251248898	-0.5247050921455858	0.6272616598799379	-0.48390075983376013	0.3787624365056043	0.5575122790814827	-0.5565677343520423	0.49307333865077035	0.36593761806809116	0.45399017673481384	0.780592754292431	0.8279459300617102	-0.0896058099995802	0.05929641912598128	-0.6227698249443768	0.37964401158641536	-0.4514294110238865	-0.8127912346249108	-0.18668401830317788	0.7200159523109861	0.8921329918979052	0.7729734268082784	0.7888207883800008	0.8692540195625709	0.008500902564963688	0.33252172452877715	0.3595357037907728	0.6279963057806137	-0.743104823475085	0.10329121363502791	-0.561458377062256	-0.7421182989798917	-0.21928130641031024	0.21443264346584945	0.9184543050249779	0.8849544519541581	-0.6730196045506066	-0.6286889719155367	0.19667520255236975	-0.5122790814827253	0.5473531757692792	-0.5444775618152051	0.9354771000377818	0.7436295705469963	-0.05255866672263969	-0.014587968599135217	0.4229881197262919	-0.5378237689433693	-0.2532219470215356	0.8561563326476638	-0.6978716258763276	0.6991310188489148	-0.3458293102724487	0.8310734226103018	-0.06865790688887956	0.46799042861340834	-0.046681499517232695	0.9041811846689896	0.14182863859619663	-0.15950211997817051	0.42668233911254777	-0.05266361613702195	0.8477603794970824	-0.432202678309055	0.8637126904831871
CadR-PbrR	0.21380294697955585	-0.2844548927416985	-0.040510473951555354	-0.19732588892153982	-0.2999454263045212	0.1468662104865455	-0.3909365685739474	1.0	-0.0904663951975148	-0.2054279837118509	0.2368708282607783	0.4454892741698501	-0.2915494731539398	0.20173376432559506	-0.03352084295369632	0.05220183871373998	0.20954200075563578	0.18859409764493515	0.1200201502875614	0.05595902774862516	0.24646320473531758	-0.28157927878762434	0.16124428025691617	0.06233995214306704	0.21514629948364888	-0.23493975903614459	0.26287729314470426	2.098988287645355e-05	-0.11254775198354393	0.22242978884177828	0.014818857310776206	0.08402250115444355	-0.011271567104655556	-0.22685865412870995	-0.26495529154947317	-0.10077242768985349	-0.052117879182234164	0.20622559926115613	-0.05062759749800596	0.07969858528189412	0.29627219680114186	-0.031442844548927415	-0.2621006674782755	-0.29062591830737583	-0.22885269300197306	-0.25259225053524204	-0.31245539649888754	0.14056924562360942	-0.1522816002686705	0.0013643423869694807	-0.2067713362159439	0.22893665253347886	-0.0496620628856891	0.11452080097393057	0.139624700894169	0.1987741908400151	0.14327694051467194	-0.3055497250325343	-0.30766970320305614	0.20924814239536543	0.0952101087275933	-0.06601318164644641	0.1930859325804962	-0.08148272532639268	0.3083623693379791	-0.2917383820998279	-0.28372024684102265	0.07436715503127493	-0.056084967045883886	-0.15645858696108475	0.12386129885395239	0.10457159649049158	-0.24182444061962136	0.22551530162461694	-0.2951597330086898	0.11882372696360355	-0.28785525376768395	-0.07432517526552201	-0.056924562360942024	0.057869107090382434	-0.3042483522941942	0.13093488938331724	0.08880819445027496	-0.136014441039419	0.04109819067209605	-0.24938079845514463	0.22929348054237858	-0.287624365056043
CblR	-0.2971747617648294	0.3886486713404139	-0.030372360522228286	0.24046009823265185	0.1854456152134671	-0.1412199319927795	0.12717770034843207	-0.0904663951975148	1.0	0.10102430628437094	-0.1740690986944293	-0.2617648293522522	0.185949372402502	-0.009319507997145376	0.05448973594727342	-0.3902019226732715	-0.1727467360732127	-0.00419797657529071	-0.0907812434406616	0.03448637756601318	-0.05186600058771672	0.3305486755383905	0.14149280047017337	-0.1463624532975106	-0.2874354561101549	0.38646572352126274	0.06762940262793334	-0.04905335628227195	-0.19270811468872004	-0.3039335040510474	-0.013979261995718063	-0.0005877167205406994	0.36545485076193274	0.2909827463162756	0.30603249233869273	-0.09233449477351917	0.21942823559044541	-0.32355904454053147	0.18408127282649764	0.17585323873892783	-0.28393014566978714	-0.1052432727425381	0.41706897275513205	0.2617648293522522	0.16491750976029554	0.27314134587129	0.2782628772931447	-0.3614038033667772	0.313588850174216	-0.16453969186851938	0.14869233029679693	-0.3000083959531506	-0.041182150203601865	-0.2637588682255153	-0.3182486041727887	-0.08861928550438689	-0.025397758280508796	0.19808152470509213	0.21357205826791487	-0.3089500860585198	-0.24398639855589604	0.11722849586499308	-0.025754586289408504	0.08885017421602788	-0.13391545275177363	0.19885815037152094	0.08683514545988834	-0.3171781201460896	-0.016225179463498593	-0.004030057512279081	-0.24226522816002688	-0.2326728516854876	0.23838209982788297	-0.2647453927207086	0.08668821627975316	0.17136140380336679	0.34635405734436003	-0.21036060618781746	0.3298350195205911	-0.2957474497292305	0.20444145921665757	-0.43291633432685445	-0.02548171781201461	-0.056001007514378066	0.2754712228705764	0.28273372234582933	-0.2452248016456068	0.24938079845514463
CcpA	-0.6496788547919903	0.4682632970908022	-0.030078502161957937	0.5856807019016834	0.6286679820326603	-0.4701313966668066	0.6773645103060325	-0.2054279837118509	0.10102430628437094	1.0	-0.2037907728474875	-0.5299105830989463	0.4848243146803241	-0.3531757692792074	0.34091767767935854	-0.3632299231770287	-0.7523823517064775	-0.3374543470047437	-0.47038327526132406	-0.17612610721632174	-0.607321271147307	0.6503505310440367	-0.23586331388270854	-0.5442886528693169	-0.36482515427563916	0.5183871373997733	-0.09264934301666597	0.2944040972251375	0.39400109147390955	-0.4039922757231015	0.3505730238025272	0.2863649720834558	0.3292892825658033	0.6189706561437387	0.6738801897485412	0.02033919650728349	0.3077956425003148	-0.5445615213467109	0.2547961882372696	-0.34668989547038326	-0.6279963057806137	-0.06003106502665715	0.6152554468746064	0.691826539607909	0.5798035346962764	0.5714075815456949	0.6725998068930775	0.06622308047521094	0.38948826665547204	0.37882540615423366	0.48455144620293017	-0.6336425842743797	-0.10879056294865874	-0.6317954745812518	-0.6159481130095295	0.04155996809537803	0.19726291927291045	0.6713614038033667	0.637168884597624	-0.528693169892112	-0.5554342806767139	0.10287141597749884	-0.3299189790520969	0.2970068427018177	-0.26189076864951094	0.6596280592754292	0.5164140884093866	0.020947903110700643	0.0005667268376642458	0.3274841526384283	-0.4173838209982788	-0.1392258931195164	0.693169892112002	-0.4749800596112674	0.4640023508668822	-0.1543176189076865	0.627408589060073	-0.03704714327694052	0.2909617564333991	0.05001889089458881	0.6313756769237228	0.15543008270013853	-0.08091599848872844	0.4706351538558415	0.013769363166953529	0.6299903446538768	-0.359682632970908	0.6722219890013014
CsoR	0.27041266109735107	-0.4125981277024474	0.022795012803828556	-0.25777675160572605	-0.3833802107384241	0.23666092943201378	-0.37893035556861593	0.2368708282607783	-0.1740690986944293	-0.2037907728474875	1.0	0.36952688803996475	-0.4093446958565971	0.09590277486251626	0.07289786322992317	0.33138827085344863	0.2819361067965241	-0.06670584778136938	0.3066411989421099	0.06660089836698711	0.12831115402376056	-0.4479031107006423	-0.04380588556315856	0.09353091809747702	0.3187733512447001	-0.43174090088577305	0.2516477058058016	0.04739515553503212	0.13689601612023006	0.25691616640779147	-0.012447000545736955	0.10245161831996978	-0.3848914823055287	-0.39574325175265523	-0.39618403929306073	0.11063767264178666	0.0009655346123168633	0.2791234624910793	-0.17902271105327233	0.03648041643927627	0.26487133201796736	0.16993409176776794	-0.38948826665547204	-0.39265773896981654	-0.19581461735443517	-0.38524831031442847	-0.45172326938415686	0.3300868981151085	-0.1496578649091138	0.15864153478023593	-0.20318206624407037	0.27530330380756474	0.0357877503043533	0.07195331850048277	0.29148650350531047	0.18118466898954705	0.05228579824524579	-0.34316359514713907	-0.40905083749632676	0.3100625498509718	0.1520507115570295	-0.10952520884933462	0.282208975273918	-0.1729356450191008	0.42989379119264515	-0.3831493220267831	-0.21476848159187273	0.41429830821544017	0.10396288988707443	0.03979681793375593	0.2636749086940095	0.36490911380714497	-0.34127450568825823	0.28764535493891946	-0.35863313882708536	-0.04741614541790857	-0.4381428151630914	0.0930901305570715	-0.313588850174216	-0.0603249233869275	-0.3901599429075186	0.3527349817388019	0.1351958356072373	0.16074052306788128	-0.1831996977456866	-0.389761135132866	0.22857982452457914	-0.36534990134755047
CueR	0.663133369715797	-0.6776583686663028	0.0003358381260232568	-0.7163637126904832	-0.8453255530834138	0.6913017925359977	-0.8056336845640402	0.4454892741698501	-0.2617648293522522	-0.5299105830989463	0.36952688803996475	1.0	-0.8223206414508207	0.5952730783762227	-0.11515049746022417	0.37296922883170314	0.7036228537844759	0.5662860501238403	0.5749338818689391	0.390411821502036	0.6944712648503422	-0.8030939087359893	-0.04235758364468326	0.5519499601192225	0.6038159607069392	-0.7033919650728349	0.3736828848495025	-0.3610049955921246	-0.3979681793375593	0.6423743755509844	-0.4892741698501322	-0.37280130976869147	-0.5700012593929726	-0.7856932958314092	-0.7579236807858613	0.04691238822887368	-0.04191679610427774	0.6538768313672809	-0.3413584652197641	0.18840518869904707	0.7221569203643844	0.13236220141891608	-0.7648923219008438	-0.7886318794341127	-0.7217371227068553	-0.7694051467192813	-0.8241047814953193	0.13857520675034635	-0.42292515007766257	-0.1818353553587171	-0.5535661811007094	0.7002224927584904	0.0027076948910625077	0.568678896771756	0.7257881701020108	0.22112841610343814	-0.17707065194576213	-0.8496914487217161	-0.872318542462533	0.7620376978296461	0.5773267285168548	-0.11219092397464422	0.5756895176524915	-0.6024726082028462	0.554237857352756	-0.8573527559716216	-0.6933797909407665	0.06790227110532723	0.02844129129759456	-0.27694051467192815	0.5579950463876412	0.37122706855295745	-0.7829856009403467	0.6898954703832753	-0.602136770076823	0.40735065698333406	-0.814932202678309	0.1291927291045716	-0.540447504302926	0.2574828932454557	-0.8159816968221317	-0.029826623567440494	0.13263506989630997	-0.4387305318836321	-0.022144326434658496	-0.7550060870660342	0.4261575920406364	-0.8416523235800344
CzrA	-0.7081146887200369	0.5409302716090845	-0.01905881365181982	0.791234624910793	0.8816590403425549	-0.7579026909029848	0.8296251206918266	-0.2915494731539398	0.185949372402502	0.4848243146803241	-0.4093446958565971	-0.8223206414508207	1.0	-0.5288610889551236	0.1298224255908652	-0.27118928676377985	-0.7647244028378322	-0.45493472146425423	-0.5187439654086731	-0.40527265857856515	-0.6940304773099366	0.7735401536459426	-0.02040216615591285	-0.4670878636497208	-0.5781033541832836	0.6489651987741908	-0.5042189664581672	0.3741866420385374	0.3674069098694429	-0.6629654506527853	0.6521976407371647	0.4282775702111582	0.5303303807564754	0.7117039586919105	0.7160488644473364	-0.29270391671214474	-0.021220771588094538	-0.6788967717560136	0.3751941564166072	-0.26298224255908653	-0.7249065950211998	-0.15752907098778388	0.6848998782586793	0.762499475252928	0.8373913773561144	0.7707065194576215	0.7508291003736199	-0.0638512237101717	0.47155870870240546	0.15614373871793796	0.6884051886990471	-0.71306830107888	0.23231602367658788	-0.4794089248981991	-0.72685865412871	-0.25796566055161413	0.3175139582721128	0.8242936904412074	0.8586121489442089	-0.7426220561689266	-0.7030561269468116	0.2870786281012552	-0.4560261953738298	0.7670123000713656	-0.5499979010117123	0.8530498299819487	0.7684815918727174	-0.12102766466563117	-0.024935980857226817	0.1995927962721968	-0.6073842407959363	-0.3463120775786071	0.7963771462155241	-0.7613660215775996	0.5654464548087822	-0.2640737164686621	0.8134419209940809	-0.2511229587338903	0.5040510473951555	-0.2755971621678351	0.7910876957306578	0.12933965828470678	-0.14781075521598588	0.3549179295579531	0.13240418118466898	0.7701817723857101	-0.43165694135426724	0.8210822383611099
DasR	0.4745602619537383	-0.18701985642920113	0.011838293942319802	-0.5276436757482893	-0.636707107174342	0.5124050207799841	-0.6114982578397212	0.20173376432559506	-0.009319507997145376	-0.3531757692792074	0.09590277486251626	0.5952730783762227	-0.5288610889551236	1.0	0.08139876579488686	-0.03744595105159313	0.43843667352336174	0.596490491583057	0.42569581461735445	0.5054993493136308	0.6166827589102053	-0.4713907896393938	0.08024432223668192	0.5173796230217036	0.2702027622685865	-0.3266655472062466	0.43006171025565676	-0.43260148608370763	-0.48316611393308423	0.21245959447546284	-0.4950253977582805	-0.3879769950883674	-0.23955753326896437	-0.46288988707443013	-0.4568448008060115	-0.15547206246589143	0.02306788128122245	0.27635279795138745	-0.11544435582049452	0.29713278199907645	0.45176524914990973	0.28451786239032784	-0.4008018135258805	-0.580895008605852	-0.5602829436211746	-0.45560639771630074	-0.5369421938625583	-0.07988749422778221	-0.03801267788925738	-0.406469081902523	-0.3548129801435708	0.45552243818479493	-0.19176356995927962	0.18731371478947148	0.42225347382561607	0.24971663658116788	-0.1804710129717476	-0.6595021199781705	-0.5842533898660845	0.39328743545611017	0.3024852021325721	-0.06989630997859032	0.4980899206582427	-0.42980983166113934	0.5803072918853113	-0.6470551194324335	-0.5348432055749129	0.00419797657529071	0.14539691868519375	-0.3615927123126653	0.21579698585281895	0.03711011292556988	-0.5158053818059696	0.3360060450862684	-0.6067965240753956	0.488938331724109	-0.4546828428697368	-0.05560219973972545	-0.2565803282817682	0.07455606397716301	-0.5668527769615046	-0.4289072666974518	0.21138911044876368	-0.531421854666051	0.4076445153436044	-0.48096217623105664	0.2722177910247261	-0.5874858318290584
ExuR_UxuR	-0.3587800680072205	0.2805717644095546	0.00615003568280089	0.19644431384072877	0.22906259183073757	-0.2634020402166156	0.24201334956550943	-0.03352084295369632	0.05448973594727342	0.34091767767935854	0.07289786322992317	-0.11515049746022417	0.1298224255908652	0.08139876579488686	1.0	-0.32624574954871755	-0.36165568196129466	-0.08209143192980983	-0.15320515511523447	-0.06697871625876328	-0.2540615423365938	0.31732504932622474	-0.13299189790520968	-0.16999706141639728	-0.26875446035011125	0.24786952688803995	0.20689727551320264	0.05209688929935771	0.21896645816716342	-0.2744007388438773	0.16573611519247722	0.21210276646656312	0.06261282062046093	0.24602241719491205	0.32416775114394863	-0.038600394609798076	0.1359724612736661	-0.33579614625750387	0.13112379832920532	-0.0032324419629738465	-0.24654716426682338	-0.08058016036270517	0.3123924268502582	0.28942949498341797	0.17814113597246128	0.24593845766340625	0.2625834347844339	0.07816632383191302	0.16531631753494816	0.14533394903656438	0.27977414886024937	-0.31100709458041226	-0.16966122329037403	-0.30985265102220727	-0.3521892447840141	0.032093530918097475	0.14990974350363126	0.2748415263842828	0.21191385752067504	-0.23573737458544983	-0.20106208807354856	0.03421350908861929	0.07661307249905545	0.13160656563536374	-0.008584862096469501	0.22637588682255153	0.21365601779942067	-0.00023088871164098903	0.3198648251542756	0.1195163930985265	-0.2521094832290836	-0.05591704798287225	0.3303177868267495	-0.35355358717098356	0.03843247554678645	-0.08108391755174006	0.28900969732588894	-0.05136224339868183	0.2172662776541707	0.10818185634524159	0.2456445993031359	0.022081356786029134	0.021388690651106167	0.014692918013517485	0.13053608160866462	0.2004533814701314	-0.12554048948406868	0.2754922127534528
FabR	0.4719575164770581	-0.708765375089207	-0.0103480122580916	-0.4508626841862222	-0.3854791990260694	0.3526510222072961	-0.3227824188741027	0.05220183871373998	-0.3902019226732715	-0.3632299231770287	0.33138827085344863	0.37296922883170314	-0.27118928676377985	-0.03744595105159313	-0.32624574954871755	1.0	0.5197304899038664	0.05635783552327778	0.26539607908987867	0.06905671466353218	0.26012761848788885	-0.6575080811049074	-0.3408966877964821	0.20454640863103984	0.6193694639183913	-0.6842911716552622	0.03335292389068469	0.11743839469375761	0.14732798790982746	0.607090382435666	-0.20796775953990176	0.05476260442466731	-0.6306620209059234	-0.6124637924520381	-0.6314596364552286	0.06343142605264263	-0.10129717476176484	0.6357625624449016	-0.3872423491876915	-0.1345241593551908	0.4004449855169808	-0.056651693883548127	-0.7093530918097477	-0.5084379329163343	-0.1962554048948407	-0.4391503295411612	-0.5919356869988666	0.3636707107174342	-0.48010159103312205	0.049934931363082996	-0.16271357205826792	0.35374249611687164	0.3048360690147349	0.4838587800680072	0.6217413206834306	0.04397380462617018	-0.17209604970404266	-0.43978002602745475	-0.4974182444061962	0.5770328701565846	0.36553881029343854	-0.16636581167877082	0.2563494395701272	-0.2602325679022711	0.246945972041476	-0.39022291255614794	-0.13842827757021114	0.15834767641996558	-0.025922505352420133	0.19268712480584357	0.7081566684857898	0.45583728642794175	-0.4989085260904244	0.48606271777003485	-0.17732253054027958	-0.2146005625288611	-0.6100919356869988	0.363292892825658	-0.6316695352839932	0.03847445531253935	-0.4639183913353763	0.3506989630997859	-0.2117879182234163	0.1600478569329583	-0.4026489232190084	-0.40493682045254187	0.2430208639435792	-0.4885395239494564
FadP	0.7935854917929558	-0.6528903068720876	0.09147390957558457	-0.8523151840812728	-0.8711011292556987	0.7104865454850762	-0.8449267453087612	0.20954200075563578	-0.1727467360732127	-0.7523823517064775	0.2819361067965241	0.7036228537844759	-0.7647244028378322	0.43843667352336174	-0.36165568196129466	0.5197304899038664	1.0	0.48205365014063223	0.5549095336048024	0.3097057218420721	0.7202258511397507	-0.8745224801645607	0.07252004533814702	0.5851979345955249	0.6774274799546619	-0.7305528735149658	0.2961672473867596	-0.3288904747911507	-0.4110238864867134	0.6826119810251459	-0.5854708030729189	-0.3723395323454095	-0.5711347130683011	-0.8253221947021535	-0.8800638092439445	0.1292347088703245	-0.13062004114017045	0.787393476344402	-0.5071155702951178	0.3304857058897611	0.7974056504764704	0.12335754166491751	-0.8141765668947567	-0.875970782083036	-0.769992863439822	-0.7509340497880022	-0.877964820956299	-0.017064774778556734	-0.4854330212837412	-0.3545820914319298	-0.6193484740355149	0.7374165652155661	-0.006171025565677344	0.6823181226648756	0.826266739431594	0.11046975357877503	-0.3954493933923849	-0.8822047772973427	-0.8836320893329416	0.7651022207296083	0.7679988245665589	-0.29251500776625666	0.46205029175937196	-0.5960916838084044	0.41196843121615384	-0.8724025019940389	-0.6920994080853029	0.050480668317870785	-0.0052474707191133875	-0.243335712186726	0.6900004197976576	0.34950253977582807	-0.8681415557701188	0.7774862516267159	-0.553964988875362	0.16365811678770834	-0.8846186138281349	0.20175475420847153	-0.6134503169472314	0.06867889677175601	-0.8567230594853281	-0.12216111834095966	-0.01295075773477184	-0.3862348348096218	-0.15018261198102514	-0.8076277234373033	0.4059233449477352	-0.8745644599303136
FadR	0.29337559296419125	-0.24413332773603122	0.1294236178162126	-0.41217833004491833	-0.559842156080769	0.46908190252298393	-0.5611225389362328	0.18859409764493515	-0.00419797657529071	-0.3374543470047437	-0.06670584778136938	0.5662860501238403	-0.45493472146425423	0.596490491583057	-0.08209143192980983	0.05635783552327778	0.48205365014063223	1.0	0.35854917929557956	0.5231308509298518	0.6393098526510222	-0.4190210318626422	0.05841484404517023	0.479220015952311	0.31363082993996894	-0.25872129633516644	0.2844129129759456	-0.36854036354477143	-0.5554762604424668	0.23674488896351958	-0.3413584652197641	-0.3372024684102263	-0.18867805717644096	-0.4675286511901264	-0.4551236304101423	-0.274064900717854	-0.20064229041601947	0.32952017127744426	-0.2337643255950632	0.48805675664329795	0.39616304941018426	0.19352672012090172	-0.37019856429201126	-0.5100751437806977	-0.509256538348516	-0.4257377943831073	-0.5010075143780698	-0.11166617690273288	-0.16653373074178246	-0.38510138113429326	-0.33546030813148064	0.33468368246505187	-0.17812014608958482	0.24889803114898618	0.4236807858612149	0.22190504176986692	-0.21264850342135092	-0.5911380714495613	-0.5531883632089333	0.42216951429411026	0.3895932160698543	0.0626338105033374	0.5002518785945175	-0.45993031358885017	0.30063809243944417	-0.601633012887788	-0.3761806809118005	-0.13874312581335796	-0.004680743881449141	-0.4338818689391713	0.2173922169514294	-0.049179295579530664	-0.48203266025775576	0.3139246883002393	-0.4953822257671802	0.43247554678644895	-0.45407413626631965	0.007115570295117753	-0.15297426640359346	0.06735653415053944	-0.5722681667436296	-0.2855253767683976	0.0626338105033374	-0.406007304479241	0.32727425380966374	-0.46849418580244323	0.20924814239536543	-0.4955711347130683
FixJ	0.5054993493136308	-0.47367868687292725	-0.008899710339616305	-0.5195625708408547	-0.656374627429579	0.4488476554300827	-0.6444733638386297	0.1200201502875614	-0.0907812434406616	-0.47038327526132406	0.3066411989421099	0.5749338818689391	-0.5187439654086731	0.42569581461735445	-0.15320515511523447	0.26539607908987867	0.5549095336048024	0.35854917929557956	1.0	0.4485957768355653	0.5596322572520045	-0.5747029931572982	0.16548423659795977	0.4184333151421015	0.33033877670962597	-0.4535493891944083	0.3750052474707191	-0.20416859073926366	-0.4705511943243357	0.2834683682465052	-0.3152260610385794	-0.3347676419965577	-0.43875152176650856	-0.5989043281138491	-0.5698963099785903	-0.01330758574367155	-0.06769237227656269	0.34475882624574955	-0.24833130431132194	0.30309390873598924	0.61162419713698	0.30827840980647325	-0.49937030351370637	-0.6381344192099409	-0.5439108349775408	-0.6198942109903026	-0.6172914655136225	-0.0482137609672138	-0.07384240795936359	-0.3512447000545737	-0.46519877419084	0.532534318458503	-0.03809663742076319	0.4952562864699215	0.4682003274421729	0.2160908442130893	-0.0686369170060031	-0.6430250619201545	-0.6277444271860964	0.39156626506024095	0.3489358129381638	-0.08043323118257	0.36663028420301413	-0.2842659837958104	0.37353595566936737	-0.6375257126065237	-0.5199193988497545	-0.052180848830863526	0.0212837412367239	-0.40963855421686746	0.3404349103732001	0.19598253641744678	-0.6332227866168507	0.4418160446664708	-0.633747533688762	0.33256370429453	-0.5626128206204609	-0.10511733344527938	-0.33629990344653876	-0.04015364594265564	-0.6466982914235339	-0.03200957138659166	0.13639225893119516	-0.3102934385626128	0.01838713739977331	-0.605285252508291	0.3844087149993703	-0.6076361193904538
FnrN_FixK	0.274295789429495	-0.24719785063599345	0.014021241761470972	-0.39756937156290667	-0.5012384030897108	0.3693169892112002	-0.4481130095294068	0.05595902774862516	0.03448637756601318	-0.17612610721632174	0.06660089836698711	0.390411821502036	-0.40527265857856515	0.5054993493136308	-0.06697871625876328	0.06905671466353218	0.3097057218420721	0.5231308509298518	0.4485957768355653	1.0	0.5612064984677385	-0.3465009865244952	0.005688258259518912	0.45619411443684144	0.20981486923302967	-0.23892783678267077	0.42093111120439947	-0.27612190923974644	-0.3245245791528483	0.23309264934301666	-0.32708534486377566	-0.37051341253515807	-0.26270937408169265	-0.44838587800680074	-0.35831829058393855	-0.2110742622056169	-0.05268460601989841	0.21042357583644683	-0.10792997775072415	0.2936694513244616	0.31002057008521894	0.10984005709248143	-0.2994206792326099	-0.42605264262625414	-0.37783888165904034	-0.40625918307375847	-0.3955123630410142	-0.005982116619789262	-0.0003358381260232568	-0.26468242307207923	-0.2739599513034717	0.35831829058393855	-0.19745182821879853	0.17190714075815458	0.4139624700894169	0.1578858989966836	-0.14208051719071407	-0.485097183157718	-0.41492800470173374	0.4200495361235884	0.19843835271399185	0.04815079131858444	0.3593887746106377	-0.3533436883422191	0.3668821627975316	-0.478065572394106	-0.44160614583770624	-0.11049074346165148	0.11907560555812098	-0.3582133411695563	0.15433860879056294	0.14489316149615886	-0.3900969732588892	0.21222870576382183	-0.46379245203811764	0.30634734058183954	-0.36293606481675833	0.08935393140506276	-0.2841820242643046	-0.10415179883296251	-0.4753158977372906	-0.2866168506779732	-0.03234540951261492	-0.26231056630704	0.22261869778766635	-0.40810629276688637	0.13771462155241174	-0.44141723689181817
FruR	0.6684647999664162	-0.503841148566391	0.0751018009319508	-0.7509130599051257	-0.831409260736325	0.7232483942739599	-0.7625204651358045	0.24646320473531758	-0.05186600058771672	-0.607321271147307	0.12831115402376056	0.6944712648503422	-0.6940304773099366	0.6166827589102053	-0.2540615423365938	0.26012761848788885	0.7202258511397507	0.6393098526510222	0.5596322572520045	0.5612064984677385	1.0	-0.7293564501910079	0.08885017421602788	0.6359304815079132	0.5299735527475756	-0.5753536795264682	0.3397212543554007	-0.3982410478149532	-0.49777507241509594	0.4811720750598212	-0.5536711305150918	-0.39011796314176567	-0.3604172788715839	-0.7735821334116956	-0.733197598757399	-0.043029259896729774	-0.18687292724906596	0.5570714915410772	-0.30857226816674366	0.3724444817597918	0.6619999160404685	0.09682632970908023	-0.665631165778095	-0.8271902942781579	-0.6920994080853029	-0.6285420427354015	-0.7428949246463205	-0.10601989840896688	-0.3514336090004618	-0.4514713907896394	-0.558729692288317	0.6256874186642039	-0.16187397674320977	0.457285588346417	0.7155870870240544	0.1735233617396415	-0.3764535493891944	-0.8390495781033542	-0.7816212585533773	0.6815414969984468	0.5861424793249653	-0.14596364552285798	0.5265731917215902	-0.5051845010704841	0.41182150203601864	-0.7952856723059485	-0.679799336719701	-0.15610175895218506	-0.06288568909785483	-0.33355022878972335	0.5376558498803576	0.14986776373787833	-0.7715041350069267	0.5567356534150539	-0.5646698291423534	0.33504051047395156	-0.7292305108937492	0.09554594685361656	-0.41089794718945466	0.11122538936232736	-0.8212291675412451	-0.3180806851097771	0.007304479241005835	-0.4878048780487805	0.1883002392846648	-0.6842282020066328	0.26732714831451243	-0.8049410184291171
FUR	-0.7997775072415096	0.829415221863062	-0.11336635741572562	0.8534906175223542	0.9059233449477352	-0.7350447084505268	0.818584442298812	-0.28157927878762434	0.3305486755383905	0.6503505310440367	-0.4479031107006423	-0.8030939087359893	0.7735401536459426	-0.4713907896393938	0.31732504932622474	-0.6575080811049074	-0.8745224801645607	-0.4190210318626422	-0.5747029931572982	-0.3465009865244952	-0.7293564501910079	1.0	0.09013055707149153	-0.5858276310818186	-0.7876663448217959	0.884534654296629	-0.3005961126736913	0.1999496242810965	0.24407035808740188	-0.7575878426598379	0.5617312455396499	0.36083707652911295	0.6635741572562025	0.9208261617900172	0.9617144536333487	-0.12631711515049746	0.19505898157088283	-0.842323999832081	0.44748331304311323	-0.18993745014902816	-0.7992317702867218	-0.11275765081230847	0.956173124553965	0.9405986314596364	0.6970320305612695	0.7716720540699383	0.9617144536333487	-0.24940178833802107	0.5052264808362369	0.1794844884765543	0.5777885059401369	-0.7653121195583729	-0.04645061080559171	-0.6428991226228957	-0.9054405776415767	-0.2384030897107594	0.2952646824230721	0.9186222240879895	0.9285924184543051	-0.8482431468032409	-0.6755593803786575	0.22377314134587128	-0.5211368120565887	0.5726249947525293	-0.5463876411569624	0.8964988875362075	0.6510222072960833	-0.16451870198564292	0.0025397758280508794	0.15339406406112255	-0.8072708954284035	-0.4874270601570043	0.908043323118257	-0.7690693085932581	0.5379077284748751	-0.1827799000881575	0.962281180471013	-0.2938163805045968	0.7483942739599513	-0.12692582175391462	0.9188111330338776	-0.02940682590991142	-0.015112715671046556	0.2734771839973133	0.1439696066495949	0.8379371143109021	-0.45180722891566266	0.9427395995130348
