	AcnR	AgaR	AmtR	AraR	ArgR	BioQ	BirA	CadR-PbrR	CblR	CcpA	CsoR	CueR	CzrA	DasR	ExuR_UxuR	FUR	FabR	FadP	FadR	FixJ	FnrN_FixK	FruR	GguR	GlcC	GntR	GulR	HcpR	HexR	HisR	HrcA	HutC	HypR	Irr	IscR	KdgR	LexA	LiuQ	LiuR	LldR	LtbR	MerR	MetJ	MetR	MntR	ModE	NadQ	NagC	NagQ	NagR	NarP	NiaR	NifA	NikR	NmlR	NnrR	NorR	NrdR	NrtR	NsrR	NtrC	PaaR	PdhR	PdxR	PhnF	PhnR	Phr	PhrR	PhsR	PrpR	PsrA	PurR	QorR	RbkR	RbsR	Rex	RutR	SahR_SamR	SdaR	SiaR	SoxR	ThiR	TrpR	TtrR	TyrR	VanR	XylR	ZntR	Zur
AcnR	1.0	-0.5839854801686862	0.12264986921475471	-0.576213099877222	-0.7700421715688891	0.4047402978700689	-0.7538888592323707	-0.07964020712112316	-0.014050072065339241	-0.44158436982864463	0.4148881652698447	0.6218224523568036	-0.7372924785138526	0.4433940105695831	0.03908076656168259	-0.749463513585651	0.3202850584529974	0.7079698927027172	0.5825495115571452	0.5790636844071959	0.2214701329205146	0.6498158330219399	-0.28372924785138526	0.4542678695350451	0.6092724069823306	-0.5639299631666044	0.3369988789836118	-0.5302781188277371	-0.3073773554689585	0.36190679549458177	-0.5194523034217691	-0.2594725884802221	-0.47765440666204023	-0.5212886350290931	-0.754155767896226	0.2689425078738056	-0.06890514066086585	0.6068755671809107	-0.053696684994394915	-0.05296001708215449	0.6399829178455133	0.11571024395451876	-0.7175839427747824	-0.7268723642769445	-0.660438797843378	-0.6268349970640047	-0.7244061282229222	-0.2856509902311429	-0.06679656221640955	-0.14336198152992047	-0.20241285432125128	0.6572358938771152	-0.2983825334970373	0.5109806224310041	0.7312283136710618	0.08146586238189292	-0.3331180270111568	-0.7685314685314686	-0.7813857897827363	0.6235093151123685	0.5440239150162814	-0.04464848128970266	0.4456787487321838	-0.5492499866545668	0.3998772220146266	-0.7272140073666791	-0.5211498425238883	0.2995142262317835	0.21949500880798592	-0.35241552340788984	0.37974697058666523	0.3132973896332675	-0.7209363155928041	0.4986174131212299	-0.3631185608284845	0.2239256926279827	-0.7420487909037528	-0.046970586665243154	-0.5100891474937277	-0.18731116212032242	-0.7437409918325949	-0.5807078417765441	0.17460097154753643	-0.3800298937703518	-0.07305823947045322	-0.5346447445684087	0.3549991992740084	-0.7498371857150483
AgaR	-0.5839854801686862	1.0	-0.19595366465595473	0.5082154486734639	0.7153579245182299	-0.34183526397266856	0.7075001334543319	-0.01976725564511824	-0.0007099770458549085	0.36651897720600013	-0.44090108364917524	-0.5120749479528105	0.6805583729247852	-0.3807238562963754	0.0012491325468424704	0.7690279186462392	-0.35911493087065605	-0.6266214701329205	-0.644408263492233	-0.5674691720493247	-0.3400896813110554	-0.6551006245662734	0.4753910211925479	-0.5666951369241445	-0.6757433406288368	0.6267228954251856	-0.29760316019858	0.5203277638392142	0.3982490791651097	-0.5660865851705547	0.4748892329045001	0.23130304809694122	0.7043132440079005	0.4928895531948967	0.7673730849303368	-0.45188170608017936	0.12293813057171836	-0.6332621576896386	-0.09608178081460524	0.025617893556824853	-0.6875460417445151	-0.20089681311055357	0.7027224683713233	0.7297816687129665	0.6119201409277745	0.6043025676613463	0.7774248652111247	0.14544386910799126	0.1698713500240218	-0.06513639032723002	0.14720546628943576	-0.6530988095873592	0.17415256499225965	-0.5311429028986281	-0.7596434100250894	-0.06444242780120643	0.24021779746970587	0.7357924518229861	0.6993487428601932	-0.6932685634975712	-0.5098649442160893	0.13273367853520526	-0.5714194202743821	0.5579245182298618	-0.4035979287887685	0.7345433192761437	0.48045160945924303	-0.26446911866759193	-0.2556451182405381	0.32654139753376393	-0.47124326055623766	-0.5498852292745422	0.6833182085090482	-0.4632413388138579	0.346757059734159	-0.2589334329792345	0.7633908076656168	0.01644157369348209	0.5286980195377142	0.21174931938290717	0.7394437623445257	0.3480115304542786	-0.14558799978647308	0.22851118347301552	0.08657983238135909	0.6472695243687611	-0.361970853573907	0.70178828804783
AmtR	0.12264986921475471	-0.19595366465595473	1.0	-0.14956493887791597	-0.16923610740404635	0.0970853573907009	-0.2304542785458816	0.032183846687663484	0.03773020872257513	-0.0466769871350024	0.2013986013986014	0.19388245342443816	-0.17208669193402018	0.1642982971227246	-0.09571344685848503	-0.15139593231196286	-0.006373778892862863	0.13240271179202476	-0.021886510436128756	0.0729247851385256	0.03452730475631239	0.11795227673090268	-0.14627128596594247	0.1463033150056051	0.14763785832488122	-0.07840175092083489	0.07631986334276411	-0.20881866225377677	-0.2720973682805744	0.17062937062937064	-0.019446965248491967	-0.05795654726952437	-0.14640474029787007	-0.07753162867666684	-0.16936956173597395	0.23668926493353976	-0.06984999733091336	0.09915123044894038	-0.016729835050445736	0.07250306944963433	0.25036032669620456	-0.023162333849356752	-0.12034911653232264	-0.18984145625367	-0.07568462072278866	-0.21935087812950407	-0.17810281321731702	-0.05833021939892169	-0.07925052047189451	-0.07692841509635402	-0.11060161212832968	0.16823253082795067	-0.054262531361768	0.05384081567287674	0.17840175092083488	0.044744568408690545	0.016649762451289168	-0.17570063524261997	-0.18708162066940692	0.046575561842737416	0.20404099717076815	-0.011968184487268456	0.08586985533550419	-0.11203758073987082	0.17050125447072012	-0.2486360967276998	-0.19303902204665563	0.09371163187957081	-0.06237655474296696	-0.14243847755298136	0.04470720119575081	0.21618000320290395	-0.1585757753696685	0.1028132173170341	-0.2227512945070197	0.22313030480969412	-0.14646879837719531	-0.16401003576576095	-0.08499439491805905	-0.02681364437089628	-0.17076282496129824	-0.03969999466182672	-0.0714087439278279	-0.03082795067527892	-0.012464634602039183	-0.10281855549031121	-0.0668552821224577	-0.09366892649335397
AraR	-0.576213099877222	0.5082154486734639	-0.14956493887791597	1.0	0.5572465702236694	-0.504847061335611	0.6361821384722148	0.16121283296855815	0.04917525222868734	0.2923984412534031	-0.3694282816420221	-0.519553728714034	0.6409064218224524	-0.2892222281535259	-0.06123418566166658	0.586830726525383	-0.2256926279827043	-0.6153846153846154	-0.45759355148668124	-0.47565792985640315	-0.16246730368867773	-0.5365825014679977	0.22890620829552127	-0.431393797042652	-0.5048951048951049	0.45942988309400523	-0.16695670741472268	0.46403672663214646	0.2806384455239417	-0.4029253189558533	0.4851812309827577	0.26776277157956546	0.4605882666951369	0.42272994181391127	0.5869107991245396	-0.23394544386910798	0.10730795921635616	-0.5519190732931191	-0.11996476805637112	-0.09453371056424492	-0.5879303902204666	-0.25021085784444563	0.6184220359792879	0.5914695991031869	0.5171835797789996	0.46624673036886777	0.6189131479207816	0.20964074093845086	-0.04179789675972882	0.12900763358778625	0.25199380771899854	-0.5574013772487055	0.18524528906208296	-0.29378102813217316	-0.6474883894731223	-0.13163935301339882	0.10218865104361288	0.6047242833502375	0.6417765440666204	-0.47873805583729245	-0.39259595366465594	-0.1274168579512091	-0.394384241712486	0.48866171995942986	-0.22246837132333316	0.6161533123365185	0.3609138952650403	-0.23668392676026265	-0.13062510009074896	0.26201889713340093	-0.42118187156355097	-0.31417818822398974	0.5877328778092137	-0.46452250040036297	0.31965515400629907	-0.24891901991138632	0.6763572305557038	-0.047904766988736455	0.3639353013398815	0.3216729835050446	0.5952116585704372	0.43122831367106174	-0.1401430630438264	0.26095660065125714	0.03658783964127475	0.5200395024822506	-0.42622644531041476	0.5812523354508088
ArgR	-0.7700421715688891	0.7153579245182299	-0.16923610740404635	0.5572465702236694	1.0	-0.4606576629477393	0.8641061228847489	0.03230128649975978	-0.09728286980195378	0.5291677787860994	-0.45992633320877596	-0.7004644210751081	0.8587679496076442	-0.5836812042918913	-0.014856136230182032	0.9154166444242781	-0.4194416270752149	-0.80398227726472	-0.7116852613035819	-0.6419260129183794	-0.35872524422142743	-0.7861207494795281	0.3190572785992633	-0.5741045214327657	-0.7648748198366518	0.7040997170768163	-0.3845780174024449	0.6048257086425025	0.3952169967437143	-0.5293866438904606	0.5654726952436876	0.31251801633481024	0.671366038541611	0.6838947312229755	0.8998238402818556	-0.3718571504831047	0.1206533924091176	-0.7352105909357818	-0.012875673944376234	-0.07735013078524529	-0.7557785725724657	-0.20499119201409277	0.872230822612502	0.9245769497677895	0.7660812469972775	0.7125020018149789	0.9264666631078845	0.23264292958949448	0.08182351999145893	0.1226338546949234	0.20212993113756472	-0.820167618640901	0.27952276730902686	-0.5437783590455346	-0.8119735226605456	-0.15573052901297177	0.3152992046121817	0.9340201782949874	0.9016281428495169	-0.7541984732824427	-0.6154807025036033	0.01752522286873432	-0.5553675332301287	0.6655687823626755	-0.4621203224256659	0.8756045481236321	0.636806704745636	-0.32819623124966635	-0.35777504937810284	0.4157903165536753	-0.4122831367106176	-0.41593444723215717	0.8828431110873859	-0.5733731916938024	0.4825174825174825	-0.35218064378369723	0.9023915016281429	0.11288635029093044	0.5384348475951529	0.2831954305236748	0.9200234879624193	0.5102653072118721	-0.25069129343938507	0.29853200234879623	0.07733945443869109	0.7384241712485987	-0.4497090695563978	0.8950515133721241
BioQ	0.4047402978700689	-0.34183526397266856	0.0970853573907009	-0.504847061335611	-0.4606576629477393	1.0	-0.5203064111461058	-0.04491005178028079	-0.09273474616986067	-0.3320610687022901	0.19557999252655742	0.3672022633854695	-0.49726151710884536	0.2762184380504991	0.10181497891421555	-0.46470399829178455	0.19108525062723536	0.5061816046548872	0.3339774729087706	0.3544280147333582	0.11480275449741098	0.412710190572786	-0.05311482410719052	0.30600544493674264	0.38447659211017987	-0.2901884375166818	0.08568301927080553	-0.40032029039662625	-0.33841349490204453	0.22315165750280255	-0.34754710937917044	-0.21440772967490523	-0.3303261623872311	-0.39090909090909093	-0.4779586825388352	0.044552394170714785	-0.1606790156408477	0.2882239897507073	-0.027192654673570703	0.11989537180376875	0.5298457267922917	0.3088506912934394	-0.41742379757646936	-0.46273955052581006	-0.4730101959109593	-0.3782896492820157	-0.5046068435381412	-0.3123471947899429	0.17446217904233172	-0.15795120909624727	-0.16691934020178295	0.4233384935675012	-0.32366946031068167	0.19888432178508514	0.41839000693962525	0.07863129237175039	-0.15514866812576736	-0.5112688837879678	-0.5009875620562644	0.29723482624245984	0.165696898521326	-0.054171782416057225	0.17307959216356164	-0.26446378049431485	0.2743180483638499	-0.49079165109699463	-0.2636203491165323	0.1550579191800566	0.12288474883894732	-0.3760743073720173	0.19434153632626916	0.16213633694549726	-0.45935514866812577	0.24755244755244754	-0.3568622217477179	0.2852132600224203	-0.47815085677681096	0.10770832221213901	-0.2689798750867453	-0.275599209950355	-0.43563230662467306	-0.28894998131639354	0.06325735333368922	-0.22924251321197886	0.0659371163187957	-0.3983451662840976	0.26588373458602466	-0.4872951476004911
BirA	-0.7538888592323707	0.7075001334543319	-0.2304542785458816	0.6361821384722148	0.8641061228847489	-0.5203064111461058	1.0	0.042529226498692146	-0.02869268136443709	0.5147173437249773	-0.48053168205839963	-0.6884001494688518	0.8694763252015161	-0.6112742219612448	-0.051742913574974646	0.8565739603907543	-0.32617840175092083	-0.7753323012864998	-0.6607270592003417	-0.6236961511770672	-0.38754070357123793	-0.737516681791491	0.32782255912026903	-0.5663534938344099	-0.697346927881279	0.6079271873165003	-0.43072118720973684	0.5783163401484012	0.41439705332835103	-0.49190199113863237	0.5045214327657076	0.3555436929482731	0.6792184914322319	0.6078577910638979	0.8477446217904233	-0.3627662413921956	0.0807345326429296	-0.6463727112582074	-0.018512784924998665	-0.08061175465755618	-0.807302621043079	-0.2012918379330593	0.8179042331714087	0.8653072118720974	0.7214327657075749	0.7338760476165056	0.895510596273955	0.26112208402284737	0.03560027758501041	0.15467890887738217	0.29163508247477715	-0.737719532376021	0.24034057545507928	-0.5640794320183633	-0.8233918753002722	-0.1508674531575295	0.2761970853573907	0.8805156675385682	0.897346927881279	-0.6925852773181017	-0.6031762130998772	0.04780867986974857	-0.5656755458282176	0.6722735279987189	-0.5200875460417446	0.8845940319222761	0.5846580900016014	-0.3095713446858485	-0.26570223669460313	0.46411679923130306	-0.43097741952703783	-0.41066567020765493	0.8078311001975124	-0.6000587199060482	0.4681097528425773	-0.34512357871136495	0.8857310628302995	0.022318902471574226	0.5405594405594406	0.32162493994555064	0.851299845192975	0.5239310308012598	-0.2871723696151177	0.35172156088186624	0.09343404686916137	0.7144931404473389	-0.44147760636310257	0.8063577643730315
CadR-PbrR	-0.07964020712112316	-0.01976725564511824	0.032183846687663484	0.16121283296855815	0.03230128649975978	-0.04491005178028079	0.042529226498692146	1.0	0.0586932151817648	-0.07814551860353387	-0.0569369561735974	-0.1426199754444029	0.0993060374739764	-0.09143757006352426	0.13019270805530347	0.0287033577109913	0.02431537927721134	-0.10827950675278919	-0.0590455346180537	-0.22860727059200342	-0.08639833448993754	-0.0028932899161906796	0.0556557945870923	-0.06133027278065446	-0.114242246303315	-0.028452463566967384	0.0034698126301179735	0.005946725030694496	0.1788715101692201	0.14816099930603746	0.17120589334329792	-0.006635349383440987	0.041135963273367854	0.09856403138845887	-0.02261250200181498	-0.15154540116372178	-0.013756472535098489	-0.13235466823253084	-0.07822559120269044	-0.039571878503176214	-0.09073826936422356	-0.034431217637324506	0.14104521432765707	0.06260609619388245	0.10368333956120215	0.059328457801740245	0.05850104094378904	0.08787700848769552	0.05342443815726258	0.21644691186675918	0.23224790476698873	-0.0824961298243741	0.06657769711204825	-0.06161853413761811	-0.1151657502802541	-0.08741258741258741	0.06310254630865318	0.08826669513692414	0.1299898574707735	0.00897346927881279	-0.04130144664495809	-0.19751241125286928	-0.18171141835263974	0.1591309453904874	0.019489670634708803	0.1357177173971067	-0.05858645171622271	-0.051235787113649706	0.03996690332568195	0.029231836865424653	-0.13678535205252762	-0.024075161479741633	0.08519724550258902	-0.202348796241926	0.035119841990070996	-0.025222868734319115	0.1220626701542732	0.0077296749052474245	0.05702770511930817	0.11467997651203758	0.06260609619388245	0.1999893236534458	-0.03721240591469599	-0.18073987081620668	0.05426786953504511	0.01256605989430417	-0.0889179522767309	0.09493407356002775
CblR	-0.014050072065339241	-0.0007099770458549085	0.03773020872257513	0.04917525222868734	-0.09728286980195378	-0.09273474616986067	-0.02869268136443709	0.0586932151817648	1.0	-0.13808252815886404	0.21066033203437784	0.006736774675705973	-0.10010676346554209	0.05046709016174665	0.050557839107457425	-0.015293866438904607	-0.14476058292852187	0.010308012598088934	0.04686382319970106	0.010259969038594993	0.1257887151016922	-0.042518550152137936	-0.17401911066033204	0.03002188651043613	-0.05564511824053809	-0.04712005551700208	0.15585864517162226	-0.194741899322052	-0.11468531468531469	0.03861634548657449	-0.05291197352266055	0.18198900336304916	-0.07457961885442801	0.015181764800085411	-0.08782896492820157	0.11386323600064058	0.06120749479528106	0.07885549564938878	-0.09549458175412374	0.07154753643303262	-0.08955319489670635	-0.07650136123418566	-0.01950034698126301	-0.09767789462445951	-0.10491111941493621	0.13376394597768643	-0.030897346927881278	-0.07574867880211392	-0.010019751241125287	0.01617466502962686	0.06950835424117867	0.06054022313564298	-0.03659317781455186	0.05266641755191374	-0.009779533443655581	-0.026845673410558907	0.11213900603213581	-0.0350024021779747	-0.02771045748144985	-0.008930763892595953	0.07255111300912828	-0.050365664869481665	0.1851865691560348	-0.08310468157796402	0.03736187476645492	-0.015389953557892489	-0.13135642982971227	0.1247424331393797	0.071056424491539	0.03970533283510383	-0.06563284044200075	0.041125286926813644	-0.004697592483852026	-0.0031068168472748623	0.05907756365771633	0.19887898361180803	-0.03320343778359046	-0.11840068328617948	-0.04259862275129451	-0.08146586238189292	-0.05874659691453585	-0.028815459349810495	0.07810815139059414	-0.17631986334276412	-0.0003416430897346928	-0.0844765921101799	0.07477179309240378	-0.017220946991939358
CcpA	-0.44158436982864463	0.36651897720600013	-0.0466769871350024	0.2923984412534031	0.5291677787860994	-0.3320610687022901	0.5147173437249773	-0.07814551860353387	-0.13808252815886404	1.0	-0.3229114397053328	-0.3465915763625687	0.4102919980782576	-0.4396733037954412	-0.04381572625847435	0.5344258794640474	-0.18971334009501947	-0.5043025676613463	-0.43112688837879676	-0.41103400416377517	-0.19318315272513745	-0.44887631452516946	0.10768696951903059	-0.33670527945337103	-0.3905140660865852	0.3560401430630438	-0.10194843324614317	0.3991031868894464	0.38135909891635084	-0.2888752468905141	0.10742539902845247	0.07955479634868948	0.38791437570063525	0.33728180216729836	0.5528532536166124	-0.1025676613462873	0.2784231036139433	-0.3196071104468051	-0.07543372657876475	0.025559173650776704	-0.5075428388405487	-0.151812309827577	0.4898467944269471	0.5271766401537394	0.5487428601932419	0.44141354828377727	0.5195430523674799	0.2015160412106977	-0.05701169059947686	0.06001174398120963	0.08655847968825069	-0.48269364223562694	0.07354401323866973	-0.33643837078951583	-0.4038434847595153	-0.027988042491859287	0.07858858698553355	0.5253403085464154	0.46468798377195325	-0.32300218865104363	-0.35119308172743285	0.04646346020391822	-0.26631612662147014	0.2639246249933273	-0.2584529973842951	0.38827203331020127	0.39643943842417123	-0.33635296001708215	-0.17159557999252656	0.29399455506325733	-0.08393209843591523	-0.180296802434207	0.4675759355148668	-0.301275823413228	0.32500934180323493	-0.18876848342497196	0.4619922062670154	0.09011370309080233	0.20317087492660013	0.4188917952276731	0.5060107831100198	0.2302247370949661	-0.08499973309133614	0.2551166390861047	-0.13696684994394917	0.4611380985426787	-0.25037634121603586	0.4661613195964341
CsoR	0.4148881652698447	-0.44090108364917524	0.2013986013986014	-0.3694282816420221	-0.45992633320877596	0.19557999252655742	-0.48053168205839963	-0.0569369561735974	0.21066033203437784	-0.3229114397053328	1.0	0.3494848662787594	-0.48970266374846527	0.3033844018576843	0.11362835637644798	-0.46504564138151927	0.23602199327390166	0.3715635509528639	0.26563817861527783	0.3746596914535846	0.16271285965942456	0.29214220893610204	-0.31837933059307105	0.37868467410452145	0.2923824267335718	-0.36190679549458177	0.20366198686809373	-0.3245128916884642	-0.3544120002135269	0.36270752148614743	-0.29448032883147385	-0.12971227246036407	-0.4605615758287514	-0.2282389366358832	-0.4875140127048524	0.37824160572252175	-0.06292638659050873	0.3759355148668126	0.10044840655527679	-0.07671488816526985	0.5123738856563284	-0.003565899749105856	-0.39714407729674905	-0.4583195430523675	-0.42085090482037046	-0.44229968504777667	-0.460337372551113	-0.077948006192281	-0.01877435541557679	-0.03616078577910639	-0.12464634602039182	0.36064698660118505	-0.13250413708428976	0.39902845246356694	0.4571398067581274	-0.15946191213366787	-0.1367319703197566	-0.46749052474243313	-0.43715368600864785	0.3246249933272834	0.4183099343404687	-0.07867933593124433	0.4277638392142209	-0.3756259008167405	0.23508781295040837	-0.41964447765974483	-0.3602039182191854	0.29454438691079915	0.11920674745102226	-0.17281802167298352	0.3608444990124379	0.27883414295628034	-0.3892649335397427	0.4065606149575615	-0.1141194683179416	0.2352372818021673	-0.4312870335771099	0.0006832861794693856	-0.26209896973255753	-0.276261143436716	-0.4222922116051887	-0.26962579405327497	0.19246249933272835	-0.17191053221587574	-0.13956120215662202	-0.411994875353654	0.45388885923237066	-0.41229381305717183
CueR	0.6218224523568036	-0.5120749479528105	0.19388245342443816	-0.519553728714034	-0.7004644210751081	0.3672022633854695	-0.6884001494688518	-0.1426199754444029	0.006736774675705973	-0.3465915763625687	0.3494848662787594	1.0	-0.7460737735546896	0.5232530827950675	-0.04937810281321732	-0.6516521646292639	0.18232530827950674	0.664677307425399	0.5403085464154166	0.4679175786046015	0.25710243954518763	0.5552981369775263	-0.3292905567714728	0.4863609672769978	0.5951689531842204	-0.5122724603640634	0.23223722842043454	-0.5583889393049698	-0.26855282122457697	0.3861207494795281	-0.40693962526023597	-0.35632840442000746	-0.4905354187796936	-0.5533603800779373	-0.6420754817701383	0.36165590135055786	-0.03678001387925052	0.5843644904713607	0.004430683819996797	0.058853360380077935	0.5816740511396999	0.07506539262264453	-0.662632787060268	-0.6584903645972349	-0.6501254470720119	-0.5110340041637752	-0.6649548924358085	-0.2444563070517269	-0.12082955212726205	-0.15779640207121123	-0.2758607804409331	0.6447926119681845	-0.2156568622217477	0.4469866011850745	0.6960764426413282	0.02200928842150216	-0.26601185074467515	-0.6818982544173384	-0.7489243580846634	0.6318155127315432	0.5462766241392195	0.05678748732183847	0.5433192761437037	-0.565648854961832	0.4643783697218812	-0.7241232050392356	-0.4466716489617253	0.2306998345166284	0.19467250306944964	-0.3029039662627449	0.294181391127956	0.26995142262317834	-0.6786473068915817	0.5459456573960391	-0.3079325254897774	0.30261570490578127	-0.7069503016067902	-0.15604014306304384	-0.39119201409277743	-0.2221854481396466	-0.7135536219505685	-0.37425932845780174	0.3181818181818182	-0.15685154540116372	-0.1980195377141942	-0.5707681631345753	0.3402284738162601	-0.7007793732984573
CzrA	-0.7372924785138526	0.6805583729247852	-0.17208669193402018	0.6409064218224524	0.8587679496076442	-0.49726151710884536	0.8694763252015161	0.0993060374739764	-0.10010676346554209	0.4102919980782576	-0.48970266374846527	-0.7460737735546896	1.0	-0.5682378690012277	-0.007916510969946085	0.8129343938504244	-0.30683819996797096	-0.754566807238563	-0.6569209416537661	-0.6658944109325788	-0.3499332728340362	-0.7016121283296856	0.3924037794266802	-0.5340788982010356	-0.6733785298670795	0.6361981529920461	-0.4145785512197726	0.6323066246730369	0.41584369828644635	-0.4530133988149255	0.5940372604494741	0.32945070196978593	0.6404206480542358	0.6480916030534352	0.7997757967223617	-0.3824374099183259	-0.015448673463940639	-0.7091175999572946	0.021795761490417977	-0.09319382907169167	-0.7667698713500241	-0.20249292692040782	0.7743660919233438	0.8329952490257834	0.766054556130892	0.6762504670901618	0.8466983398281108	0.3175519137351198	0.09227032509475258	0.14197939465115036	0.3153792772113383	-0.728585917898895	0.3049111194149362	-0.5539315646185875	-0.838589654620189	-0.048748198366518974	0.3522447018630225	0.8414936208829339	0.9192708055303476	-0.7061122084022847	-0.6190839694656488	0.004815032295948326	-0.5876154379971174	0.6581647360273315	-0.42832968558159396	0.8790156408477019	0.5278759408530401	-0.28276837666150645	-0.2184433886723963	0.3234505952063204	-0.5296962579405328	-0.35865584796882505	0.8020979020979021	-0.6764853467143543	0.3962846313991352	-0.3440292531895585	0.8614744034591363	0.08545881599316714	0.4900923503976939	0.2920621363369455	0.8191587038915283	0.5374259328457802	-0.2746757059734159	0.25555436929482733	0.17779853734052206	0.6897346927881279	-0.4714354347942134	0.8286659904980516
DasR	0.4433940105695831	-0.3807238562963754	0.1642982971227246	-0.2892222281535259	-0.5836812042918913	0.2762184380504991	-0.6112742219612448	-0.09143757006352426	0.05046709016174665	-0.4396733037954412	0.3033844018576843	0.5232530827950675	-0.5682378690012277	1.0	0.13884588693749	-0.518475417712059	0.14833182085090482	0.4790369935408103	0.4381465862381893	0.34450435061122087	0.29938077189985585	0.4954892435808466	-0.21742379757646932	0.26567554582821756	0.41999145892275663	-0.3722468371323333	0.2671008380932045	-0.46096727699781137	-0.34378369721881175	0.232925852773181	-0.37624512891688466	-0.255538354774996	-0.4079165109699461	-0.39815833021939895	-0.5136123418566166	0.2474029787006886	-0.012736881439171515	0.4193562163027812	0.010009074894571078	0.11888111888111888	0.479325254897774	0.06904927133934767	-0.5459082901830994	-0.5964234239043399	-0.5017615971814445	-0.4263972668552821	-0.5651203758073987	-0.209902311429029	-0.15504190466022527	-0.13799711738643036	-0.24990124379437356	0.46648694816633746	-0.1412000213526931	0.3891314792078151	0.5066567020765494	0.13448993754337266	-0.1560187903699354	-0.5709122938130572	-0.5679175786046015	0.35818075054716275	0.45780707841776547	-0.09991992740084343	0.43834943682271926	-0.3813057171835798	0.4283723909678108	-0.5577216676453318	-0.46010783110019754	0.2714728020071531	0.1829605508994822	-0.39095179629530774	0.17038381465862382	0.22668552821224577	-0.4814978914215555	0.5196177867933593	-0.37051193081727435	0.3938504243847755	-0.5103453798110287	-0.2616078577910639	-0.3405914695991032	-0.22354134415203117	-0.5687022900763359	-0.3565045641381519	0.18184487268456734	-0.19058880051246463	-0.023717503870175627	-0.4330966743180484	0.3164469118667592	-0.5703517856189612
ExuR_UxuR	0.03908076656168259	0.0012491325468424704	-0.09571344685848503	-0.06123418566166658	-0.014856136230182032	0.10181497891421555	-0.051742913574974646	0.13019270805530347	0.050557839107457425	-0.04381572625847435	0.11362835637644798	-0.04937810281321732	-0.007916510969946085	0.13884588693749	1.0	-0.03058239470453211	0.020039502482250574	0.02232424064485133	-0.034436555810601614	-0.09317247637858325	0.07258848022206801	-0.006987668819729889	0.08485026423957721	0.041893983878716706	-0.04894037260449474	-0.006918272567127529	0.03345433192761437	-0.1278866171995943	-0.15866118614210217	0.033982811082047724	-0.022495062189718678	-0.10070997704585491	-0.05293332621576896	0.0886830726525383	-0.026765600811402338	-0.02970693428708696	-0.07230555703838147	-0.13459670100891474	0.02412854321251268	0.05770031495222335	0.032867132867132866	-0.17244968771686328	-0.0003363049164575882	-0.027203331020124913	0.039833448993754336	0.06641755191373512	-0.027395505258100677	0.11124219292158223	0.05716649762451289	0.17506539262264453	0.19505151337212406	-0.00013345433192761438	-0.07439812096300646	-0.1018630224737095	-0.03828537874339401	0.09027918646239257	0.01864623925692628	0.001633481022794	0.059104254524101854	-0.03274435488175946	-0.0662734212352533	-0.20988629690919766	0.055970746810441466	0.14623391875300273	0.14673036886777344	0.019201409277745156	-0.048171675652591686	0.14837452623712166	0.03225324294026584	-0.15709176319863344	-0.09637004217156889	-0.03933699887898361	0.049201943095072864	-0.06442641328137512	0.06561682592216943	0.1270645385149202	0.02323173010195911	0.06712219078631293	-0.014904179789675972	-0.1303421769070624	-0.046506165590135054	-0.019601772273528	0.04829979181124219	-0.13485827149949287	0.15208455666470932	-0.018432712325842097	0.15511663908610474	-0.06408477019164042
FUR	-0.749463513585651	0.7690279186462392	-0.15139593231196286	0.586830726525383	0.9154166444242781	-0.46470399829178455	0.8565739603907543	0.0287033577109913	-0.015293866438904607	0.5344258794640474	-0.46504564138151927	-0.6516521646292639	0.8129343938504244	-0.518475417712059	-0.03058239470453211	1.0	-0.45744942080819945	-0.7775262905033897	-0.6840922436342284	-0.6588373458602467	-0.37009555330166016	-0.8000907489457108	0.3044093311268884	-0.5620028826135697	-0.8078150856776811	0.6995569316180004	-0.31513372124059147	0.556098862969092	0.376773608071318	-0.513473549351412	0.5141354828377729	0.28707094432285274	0.7029146426092991	0.6737255111300913	0.9409064218224523	-0.3818982544173384	0.21324400790049644	-0.7313244007900497	-0.05655794587092297	-0.022900763358778626	-0.7858324881225645	-0.22926386590508727	0.8821277958682539	0.9179896439438424	0.7137297816687129	0.7429883094005232	0.9315592804142423	0.20620829552127262	0.05548497304222495	0.0932365344579085	0.20084343137778252	-0.8215822345593338	0.2163454865744942	-0.5080819943415363	-0.8252655741205359	-0.10800192174237976	0.2610420114236908	0.9278866171995943	0.8726738909945017	-0.7647146746383388	-0.6013131906261677	0.019137351198419902	-0.5177494261463728	0.6503763412160358	-0.412966422890087	0.8661292905567715	0.5822719265467357	-0.40096087118987883	-0.3587999786473069	0.45306678054769656	-0.4548443922489724	-0.42736347621843807	0.8532749693055036	-0.5470773501307853	0.4360700368333956	-0.3204024982650937	0.9016494955426253	0.0655847968825068	0.5292211605188705	0.3284097581807505	0.9175892809480596	0.4476004911119415	-0.2633854694923397	0.299845192974964	0.07740351251801633	0.7648641434900977	-0.4264986921475471	0.8860513532269257
FabR	0.3202850584529974	-0.35911493087065605	-0.006373778892862863	-0.2256926279827043	-0.4194416270752149	0.19108525062723536	-0.32617840175092083	0.02431537927721134	-0.14476058292852187	-0.18971334009501947	0.23602199327390166	0.18232530827950674	-0.30683819996797096	0.14833182085090482	0.020039502482250574	-0.45744942080819945	1.0	0.2543692948273101	0.31921742379757645	0.32420327763839213	0.11137564725350985	0.34978380398227726	-0.02902898628089468	0.23971600918165803	0.4164842790796989	-0.3903165536753323	0.052607697645865585	-0.20951796295307745	0.0740885069129344	0.29480061922810014	-0.40925639246249934	-0.04466983398281108	-0.41690065659531306	-0.3768963860566914	-0.44729087706186943	0.15836758661186143	-0.11053221587572733	0.32689371697005287	0.1072439011370309	-0.027096567554582823	0.2950568515454012	0.2634815566113276	-0.3933913414829445	-0.3793305930710511	-0.3181871563550953	-0.3559760849837186	-0.424758447659211	-0.05880531682058399	-0.1205306144237442	-0.05699033790636844	0.014482464100784711	0.3575188170608018	0.13067314365024288	0.2832968558159398	0.3502375487108311	0.09407462766241392	-0.21193615544760583	-0.4059360486841403	-0.3725991565686222	0.42887951742913577	0.12922649869214756	-0.017146212566059894	0.11653766081246997	-0.3310468157796402	0.10815672876741579	-0.2690065659531308	-0.2514653285645652	0.06342283670527946	0.1970853573907009	-0.10777771846474136	0.19819035925906156	0.08579512090962473	-0.39303902204665564	0.24548657449420808	-0.1653605936048684	0.03169273474616986	-0.40595740137724873	0.2003363049164576	-0.3505258100677948	-0.05538354774995996	-0.3779319916724497	-0.15634441893983878	-0.07091229381305718	0.08196765066994074	-0.054801686862755564	-0.33147920781508566	0.16669513692414456	-0.34392782789729354
FadP	0.7079698927027172	-0.6266214701329205	0.13240271179202476	-0.6153846153846154	-0.80398227726472	0.5061816046548872	-0.7753323012864998	-0.10827950675278919	0.010308012598088934	-0.5043025676613463	0.3715635509528639	0.664677307425399	-0.754566807238563	0.4790369935408103	0.02232424064485133	-0.7775262905033897	0.2543692948273101	1.0	0.5976832327977366	0.5257406715421983	0.3099129877755832	0.6972508407622912	-0.3186729301233118	0.5230182031708749	0.6605775903485828	-0.6221107137137671	0.3239683980141995	-0.5999359419206748	-0.4261517108845353	0.4550472428335024	-0.48937169700528477	-0.3084022847381626	-0.5694122671221908	-0.5520365131052154	-0.7574173917685368	0.33998825601879035	-0.07057598889659958	0.6386483745262371	-0.04522500400362996	0.03504510756419153	0.7076175732664283	0.18617946938557625	-0.7719158703891529	-0.7924197939465115	-0.7055089948219719	-0.5936796028399082	-0.7716863289382373	-0.28032349330059253	-0.10569583088667057	-0.16891581700742006	-0.1558853360380078	0.6979181124219292	-0.333182085090482	0.47235893877115254	0.7134041530988096	0.10634174985320023	-0.22224950621897185	-0.8234399188597662	-0.7891154646879838	0.6183152725137459	0.5614744034591362	-0.038509582021032406	0.4983611808039289	-0.6061068702290077	0.3886457054395986	-0.7601078311001975	-0.49879891101265145	0.3015854374633001	0.3295521272620509	-0.3971227246036406	0.3862542038114557	0.3916991405541024	-0.7475577857257246	0.49938077189985586	-0.43952383494368225	0.2776010249292692	-0.7902685101158383	-0.06890514066086585	-0.4309293759675439	-0.3091442908236801	-0.7979394651150377	-0.47636790690225805	0.18988949981316394	-0.3094912720866919	-0.07606363102546308	-0.6679976512037581	0.4059520632039716	-0.7723055570383814
FadR	0.5825495115571452	-0.644408263492233	-0.021886510436128756	-0.45759355148668124	-0.7116852613035819	0.3339774729087706	-0.6607270592003417	-0.0590455346180537	0.04686382319970106	-0.43112688837879676	0.26563817861527783	0.5403085464154166	-0.6569209416537661	0.4381465862381893	-0.034436555810601614	-0.6840922436342284	0.31921742379757645	0.5976832327977366	1.0	0.5245983024608979	0.3444189398387872	0.5993434046869162	-0.46520578657983236	0.5606843538141248	0.6950942187583409	-0.6336251534724817	0.2530827950675279	-0.47627181978327016	-0.2501681524582288	0.5805103293652912	-0.48977739817434474	-0.11336678588586986	-0.6174665029626861	-0.5248545347781989	-0.7247798003523195	0.2772914108791971	-0.13860033096674318	0.641248064912187	0.03484225697966156	0.0013825868787700848	0.4996263278706027	0.3583569102653072	-0.7282496129824374	-0.7086638552287408	-0.6335557572198793	-0.5102386163454866	-0.758244808626488	-0.24190999839854802	-0.18060641648427908	-0.0886777344792612	-0.05634975711311589	0.5486841402871937	-0.17975230875994236	0.41195216996743717	0.6516628409758181	0.18081460524208615	-0.20680617092830833	-0.7426039609245716	-0.7076229114397053	0.7416217370415844	0.3620776170394491	0.012544707201195751	0.45711845406501894	-0.6122084022847382	0.26442107510809804	-0.7158597128062777	-0.4491165323226392	0.25765760956600653	0.32187583408957454	-0.23499706400469758	0.3188330753216249	0.3576736240858378	-0.6789515827683766	0.4817060801793626	-0.25971814445096886	0.10121176533390273	-0.6935835157209203	0.0652164629263866	-0.5344525703304329	-0.23959856936956173	-0.7080286126087653	-0.35129984519297497	0.08623818929162441	-0.15781775476431964	-0.01268349970640047	-0.5956387124326056	0.25630705172689905	-0.719297496396733
FixJ	0.5790636844071959	-0.5674691720493247	0.0729247851385256	-0.47565792985640315	-0.6419260129183794	0.3544280147333582	-0.6236961511770672	-0.22860727059200342	0.010259969038594993	-0.41103400416377517	0.3746596914535846	0.4679175786046015	-0.6658944109325788	0.34450435061122087	-0.09317247637858325	-0.6588373458602467	0.32420327763839213	0.5257406715421983	0.5245983024608979	1.0	0.25352586344952754	0.5280627769177387	-0.24974643676933753	0.4602946671648962	0.5551967116852613	-0.5046655634441894	0.23156995676079645	-0.4156248331820851	-0.3978166871296642	0.3006672716596381	-0.3898681471200555	-0.23564298297122724	-0.5867559920995036	-0.48660118507446753	-0.623429242513212	0.3957294613783163	-0.03297923450595206	0.547221480809267	0.10439865478033417	-0.08230929375967544	0.5658463673730849	0.2837933059307105	-0.5933166070570651	-0.6450328297656542	-0.6449527571664976	-0.6141514973576042	-0.6647520418512785	-0.38327016494955424	0.04347408316873966	-0.14312176373245075	-0.2686328938237335	0.6142529226498692	-0.13881919607110446	0.49668499439491803	0.5836011316927348	-0.0966049217957615	-0.19132013025142797	-0.6599743767682699	-0.682848449260663	0.5092297015961138	0.45734265734265733	-0.07204398654780333	0.41274755778572575	-0.482848449260663	0.29026317194256124	-0.6379704265200449	-0.4186195483905408	0.2522767309026851	0.06786953504510757	-0.30132920514599904	0.4320237014893503	0.3368333956120216	-0.6275503122831367	0.4225004003629958	-0.23574974643676933	0.2605989430416911	-0.6408957454758981	-0.03155928041424225	-0.36759195003469813	-0.2239470453210911	-0.6222441680456947	-0.46008114023381197	0.13651310521539528	-0.2515667538568302	-0.10824747771312657	-0.5560881866225378	0.44174985320023485	-0.6087012224416805
FnrN_FixK	0.2214701329205146	-0.3400896813110554	0.03452730475631239	-0.16246730368867773	-0.35872524422142743	0.11480275449741098	-0.38754070357123793	-0.08639833448993754	0.1257887151016922	-0.19318315272513745	0.16271285965942456	0.25710243954518763	-0.3499332728340362	0.29938077189985585	0.07258848022206801	-0.37009555330166016	0.11137564725350985	0.3099129877755832	0.3444189398387872	0.25352586344952754	1.0	0.33494368227192656	-0.41102332781722095	0.3129877755831954	0.2819836651897721	-0.2754016975391021	0.471056424491539	-0.25874659691453583	-0.2729301233118027	0.20938984679442696	-0.3324507553515187	-0.18208509048203705	-0.44472855388885923	-0.2901937756899589	-0.322051993807719	0.24512891688464208	-0.12028505845299739	0.2721027064538515	-0.11377782522820691	-0.007393369988789836	0.28591256072172105	-0.03901137030908023	-0.30613356109539314	-0.39853200234879627	-0.25360593604868414	-0.35885869855335506	-0.38238936635883203	-0.07248705492980302	-0.06104734959696792	-0.12204131746116478	-0.01945230342176907	0.33180483638498903	-0.07903699354081034	0.3612929055677147	0.35470026157049056	0.07654940479367961	-0.06498158330219399	-0.35791918005658463	-0.347370949661026	0.38594992793466076	0.3341696471467464	-0.1001121016388192	0.29868147120055516	-0.3023274435488176	0.3552180643783697	-0.40365664869481666	-0.29841990070997704	0.101174398120963	0.22057865798323814	-0.1709283083328885	0.12583142048790905	0.29482731009448565	-0.33186889446431433	0.26442107510809804	-0.25213260022420325	0.19235039769390913	-0.31403939571878503	-0.0884535312016228	-0.27588213313404153	-0.20589334329792344	-0.3529653552554316	-0.40421715688891263	0.17733411626541398	-0.16784818235199914	-0.09733091336144771	-0.3446591576362569	0.23061442374419475	-0.30682218544813966
FruR	0.6498158330219399	-0.6551006245662734	0.11795227673090268	-0.5365825014679977	-0.7861207494795281	0.412710190572786	-0.737516681791491	-0.0028932899161906796	-0.042518550152137936	-0.44887631452516946	0.29214220893610204	0.5552981369775263	-0.7016121283296856	0.4954892435808466	-0.006987668819729889	-0.8000907489457108	0.34978380398227726	0.6972508407622912	0.5993434046869162	0.5280627769177387	0.33494368227192656	1.0	-0.3454065018950515	0.530166017188918	0.6824374099183259	-0.6199647680563711	0.2887097635189238	-0.5513318742326376	-0.3341963380131319	0.3916671115144398	-0.5196391394864678	-0.3056210964607911	-0.5795014146159184	-0.5623018203170875	-0.7662360540223135	0.34907382693642236	-0.18946244595099557	0.6140393957187851	0.009800886136764	0.049004430683819995	0.6791651096994609	0.1198313137244435	-0.7657235893877116	-0.7770511930817274	-0.6139486467730743	-0.6129557465435328	-0.7716916671115145	-0.24738696418085732	-0.06449047136070037	-0.0791117279666898	-0.24015373939038062	0.7422569796615598	-0.27157422729941816	0.457428068115091	0.7489350344312177	0.2091282763038488	-0.20379010302674425	-0.7812256445844232	-0.7437143009662094	0.6239150162814285	0.4865851705546362	-0.03692948273100945	0.49880958735920566	-0.5596914535845834	0.40829552127262053	-0.7131265680884001	-0.5678321678321678	0.261100731329739	0.32057865798323815	-0.4095286392996317	0.41717824160572253	0.3755885336038008	-0.7546949233972134	0.5165109699460845	-0.42282069075962203	0.2798270431858218	-0.7773341162654139	-0.09951956440506059	-0.4931351091656435	-0.14985320023487964	-0.7742966956707414	-0.4655634441893984	0.16060428121496823	-0.34115731596647625	-0.019035925906154914	-0.609598035552234	0.37396572892756097	-0.7783537073613409
