	NmlR	ZntR	LtbR	PaaR	FixJ	DasR	PhnR	FadP	NnrR	NtrC	FadR	FruR	CueR	MerR	AcnR	NifA	GntR	HrcA	PurR	BioQ	LiuR	RbsR	PdxR	FnrN_FixK	GlcC	FabR	QorR	RutR	VanR	HcpR	MetJ	NorR	CadR-PbrR	GguR	CsoR	TtrR	BirA	XylR	IscR	MetR	RbkR	NrtR	Zur	NsrR	ArgR	Phr	SahR_SamR	ThiR	KdgR	MntR	FUR	NagC	AgaR	GulR	HutC	PhnF	HypR	TyrR	AraR	CzrA	ModE	NiaR	PhrR	PsrA	NadQ	Rex	CcpA	HisR	SdaR	SoxR	AmtR	NagQ	PhsR	NikR	PdhR	Irr	SiaR	NarP	HexR	TrpR	LexA	CblR	PrpR	NagR	NrdR	LiuQ	ExuR_UxuR	LldR
NmlR	1.0	0.5149127445795875	0.2905341089370703	0.48011634056054997	0.46303543098889477	0.2771020624008461	0.06187202538339503	0.5263881544156531	0.44352194606028555	0.3996827075621364	0.4044420941300899	0.4129561078794289	0.4831306187202538	0.5968799576943417	0.4516657852987837	0.4332099418297197	0.22443151771549444	0.34722369116869384	0.3822316234796404	0.2351136964569011	0.4261237440507668	0.3597567424643046	0.3484399788471708	0.23046007403490218	0.36520359598096247	0.3784241142252776	0.19079851930195663	0.10655737704918032	0.13659439450026442	-0.08968799576943416	0.048122686409307246	-0.0565309360126917	0.0663670015864622	0.1674246430460074	-0.19249074563722898	-0.02236911686938128	-0.4682178741406663	-0.5788471708090958	-0.4537810682178741	-0.5139079851930196	-0.5254891591750397	-0.5407191961924908	-0.5121099947117927	-0.5139608672659969	-0.4747223691168694	-0.48001057641459544	-0.5227392913802221	-0.4838709677419355	-0.5460602855631941	-0.5173453199365415	-0.5068746694870438	-0.5120042305658382	-0.4460602855631941	-0.3682707562136436	-0.27530407191961925	-0.21686938127974617	-0.3794288736118456	-0.629402432575357	-0.42051824431517715	-0.3061872025383395	-0.5530407191961925	-0.3264410364886304	-0.38688524590163936	-0.24828133262823904	-0.35817028027498676	-0.26821787414066633	-0.5504494976203067	-0.5080380750925436	0.020782654680063458	0.08323638286620835	-0.2632998413537811	-0.22712850343733473	-0.35351665785298786	0.3237969328397673	-0.070386039132734	-0.2754098360655738	-0.18942358540454785	-0.3282919090428345	-0.154362771020624	-0.23231094658910628	-0.058751983077736644	-0.15970386039132733	-0.15742993125330512	-0.14600740349021682	-0.10930724484399788	-0.24717080909571656	-0.2098360655737705	-0.206081438392385
ZntR	0.5149127445795875	1.0	0.4430460074034902	0.32511898466419886	0.4016393442622951	0.2332099418297197	0.07165520888418826	0.36065573770491804	0.2081967213114754	0.21464833421470123	0.2840824960338445	0.26922263352723425	0.340772078265468	0.3664727657324167	0.2950290851401375	0.4518244315177155	0.06848228450555262	0.14918032786885246	0.24574299312533052	0.18529878371232153	0.19227921734531994	0.2683236382866208	0.1615018508725542	0.1404019037546272	0.18963511369645691	0.09619249074563722	0.20126916975145426	0.13913273400317291	-0.027921734531993654	0.1375462718138551	0.06166049709148599	-0.027128503437334743	0.11073506081438392	0.3017451084082496	0.0387625594923321	0.040719196192490745	-0.4051295610787943	-0.38122686409307244	-0.28799576943416183	-0.30031729243786354	-0.39159175039661553	-0.36509783183500794	-0.313590692755156	-0.35954521417239554	-0.3629825489159175	-0.36668429402432573	-0.3931782125859334	-0.3450555261766261	-0.37461660497091487	-0.35716552088841885	-0.3685880486515071	-0.36790058170280276	-0.39460602855631943	-0.2556319407720783	-0.278900052882073	-0.1547858276044421	-0.29645690111052353	-0.4837123215230037	-0.3709677419354839	-0.36927551560021155	-0.3966155473294553	-0.3349021681649921	-0.2817028027498678	-0.2549444738233739	-0.2970386039132734	-0.39635113696456903	-0.3389212057112639	-0.4151771549444738	0.18323638286620836	0.09413008989952407	-0.26975145425700686	-0.1187202538339503	-0.2178741406663141	0.07292437863564252	-0.1635113696456901	-0.2204653622421999	-0.1710735060814384	-0.2254362771020624	-0.1808566895822316	-0.07916446324695928	0.09629825489159174	-0.13199365415124273	-0.22194606028556318	-0.00830248545742993	-0.07049180327868852	-0.19714436805922791	-0.14420941300898996	-0.24664198836594395
LtbR	0.2905341089370703	0.4430460074034902	1.0	0.4499206768905341	0.3920148069804336	0.3225806451612903	0.3151242728714966	0.5280803807509254	0.34801692226335273	0.31025912215758855	0.45272342675832894	0.47250132205182444	0.3579058699101005	0.47593865679534636	0.3553146483342147	0.42982548915917507	0.21760973030142783	0.28741406663141195	0.3578529878371232	0.3168693812797462	0.41168693812797463	0.3577472236911687	0.21163405605499735	0.21623479640401905	0.1534108937070333	0.07461660497091487	0.21840296139608673	0.10200951877313591	-0.019725013220518246	0.39920676890534107	0.15922792173453199	0.16361713379164464	0.07599153886832363	0.3804865150713908	0.15954521417239556	0.2114225277630883	-0.5948704389212057	-0.5368059227921734	-0.42971972501322053	-0.3865150713907985	-0.5372289793759916	-0.5443151771549445	-0.4896351136964569	-0.5592808038075092	-0.5314119513484928	-0.5647805393971443	-0.4970386039132734	-0.5846641988365944	-0.5565838180856689	-0.5606028556319408	-0.5275515600211528	-0.5509783183500794	-0.24859862506610259	-0.35351665785298786	-0.2843997884717081	-0.2582760444209413	-0.3464304600740349	-0.33574828133262824	-0.4870967741935484	-0.4911686938127975	-0.5012691697514543	-0.4018508725542041	-0.3041776837652036	-0.3720253833950291	-0.37556848228450557	-0.489053410893707	-0.42929666842940245	-0.49037546271813853	0.10105764145954521	-0.14420941300898996	-0.06684294024325754	-0.027974616604970914	0.034214701216287675	-0.017609730301427817	-0.05774722369116869	-0.18529878371232153	-0.2310946589106293	-0.23865679534637757	-0.20449497620306717	-0.22030671602326812	0.08450555261766261	0.07297726070861978	0.03886832363828662	-0.17408778424114224	-0.0946060285563194	-0.33458487572712853	-0.0678476996298255	-0.3443151771549445
PaaR	0.48011634056054997	0.32511898466419886	0.4499206768905341	1.0	0.24606028556319406	0.3423585404547858	0.15193019566367003	0.6242728714965626	0.4907456372289794	0.45256478053939714	0.5826546800634584	0.4945002644103649	0.48069804336329985	0.47001586462189315	0.5808038075092543	0.5364357482813327	0.3567424643046007	0.4290322580645161	0.36409307244843997	0.5142252776308831	0.5931782125859334	0.5757271285034373	0.3356425171866737	0.23410893707033315	0.25658381808566894	0.2028027498677948	0.12432575356953993	0.166737176097303	-0.0006345848757271285	0.07615018508725542	0.18350079323109467	0.06197778952934955	0.052829190904283445	0.1518244315177155	-0.06710735060814384	-0.03865679534637758	-0.5078794288736118	-0.5840296139608673	-0.44029613960867264	-0.4662083553675304	-0.4772607086197779	-0.5286620835536753	-0.5227921734531994	-0.5431517715494447	-0.535483870967742	-0.541195134849286	-0.5635113696456902	-0.5121099947117927	-0.49915388683236384	-0.4832892649391856	-0.5127974616604971	-0.4509254362771021	-0.2637757800105764	-0.2962453728186145	-0.5003701745108409	-0.5846113167636171	-0.41285034373347435	-0.4051295610787943	-0.5701216287678477	-0.6373876255949233	-0.661660497091486	-0.49492332099418296	-0.497567424643046	-0.34743521946060285	-0.4589106292966684	-0.2854574299312533	-0.43733474352194607	-0.49106292966684295	0.028714965626652565	0.14283447911158118	0.01422527763088313	-0.23442622950819672	-0.07710206240084612	-0.17228979375991538	-0.22400846113167636	-0.3293495505023797	-0.25780010576414597	-0.23326282390269698	-0.38889476467477524	-0.3319936541512427	0.16504494976203068	-0.21935483870967742	0.003067160232681121	-0.33532522474881016	-0.2581173982020095	-0.27556848228450553	-0.2459016393442623	-0.33077736647276573
FixJ	0.46303543098889477	0.4016393442622951	0.3920148069804336	0.24606028556319406	1.0	0.48381808566895823	0.46092014806980436	0.5488630354309889	0.45552617662612377	0.327392913802221	0.4271285034373347	0.5714436805922792	0.5731359069275516	0.6107879428873612	0.49159175039661557	0.5075621364357483	0.24865150713907985	0.2074034902168165	0.3488630354309889	0.42591221575885774	0.3080380750925436	0.3738762559492332	0.3380750925436277	0.45690111052353255	0.3793759915388683	0.24235854045478583	0.17757800105764146	0.41417239555790586	0.2701216287678477	0.36980433632998416	0.43664727657324165	0.26398730830248546	0.047858276044420944	0.25579058699101004	0.2375462718138551	0.17451084082496035	-0.6796932839767319	-0.6361713379164463	-0.600211528291909	-0.5293495505023796	-0.6537810682178742	-0.6562665256478054	-0.6266525647805394	-0.6655208884188261	-0.7086197778952935	-0.6562136435748281	-0.6258064516129033	-0.6641988365943945	-0.5997884717080909	-0.6558434690639873	-0.639344262295082	-0.651718667371761	-0.5470121628767848	-0.5164463246959281	-0.2904283447911158	-0.2696456901110523	-0.4557377049180328	-0.3653622421998942	-0.514595452141724	-0.533262823902697	-0.5383923849814912	-0.4077736647276573	-0.4633527234267583	-0.5456901110523532	-0.6498677948175569	-0.6427287149656267	-0.4793231094658911	-0.5919619249074564	-0.260444209413009	-0.14225277630883132	-0.09687995769434161	-0.13125330512956107	-0.13913273400317291	-0.10936012691697515	-0.02162876784769963	-0.4091485986250661	-0.29719725013220516	-0.35928080380750926	-0.18619777895293496	-0.10370174510840825	-0.15415124272871497	0.047435219460602855	-0.053939714436805924	0.05594923320994183	0.11813855103120043	-0.16382866208355368	-0.2088841882601798	-0.130830248545743
DasR	0.2771020624008461	0.2332099418297197	0.3225806451612903	0.3423585404547858	0.48381808566895823	1.0	0.6769962982548916	0.5482284505552618	0.5641459545214172	0.5197250132205182	0.5961924907456372	0.6701216287678478	0.6608143839238498	0.4919090428344791	0.5988365943945002	0.5879957694341619	0.3684294024325754	0.2787414066631412	0.3969857218402961	0.5465891062929666	0.4474881015335801	0.4069804336329984	0.43278688524590164	0.4428344791115812	0.537123215230037	0.0654151242728715	0.16456901110523534	0.4817028027498678	0.49915388683236384	0.2994711792702274	0.4234796404019038	0.3331570597567425	0.11940772078265469	0.11057641459545214	0.1121099947117927	0.18582760444209412	-0.6370174510840825	-0.5781597038603913	-0.6384981491274458	-0.6161290322580645	-0.6280274986779482	-0.7581702802749868	-0.7344262295081967	-0.7144368059227921	-0.7329455314648334	-0.7246959280803807	-0.6157059756742465	-0.633051295610788	-0.6156002115282919	-0.6773664727657324	-0.6709148598625067	-0.665732416710735	-0.34473823373876256	-0.5639873083024854	-0.6142252776308831	-0.5734531993654152	-0.5043892120571126	-0.5976731887890006	-0.6484399788471709	-0.6067160232681121	-0.6384452670544686	-0.4662083553675304	-0.5580645161290323	-0.4882601797990481	-0.47149656266525647	-0.5604970914859863	-0.46922263352723426	-0.48741406663141196	-0.11681649920676891	0.00962453728186145	0.058011634056055	-0.1165520888418826	-0.04547858276044421	-0.15108408249603383	-0.16594394500264412	-0.31956636700158647	-0.36335272342675834	-0.5030671602326812	-0.4699101004759387	-0.5074034902168165	-0.2427815970386039	-0.088841882601798	0.10317292437863564	-0.05103120042305658	-0.14431517715494446	-0.17265996827075622	0.0331041776837652	-0.07065044949762031
PhnR	0.06187202538339503	0.07165520888418826	0.3151242728714966	0.15193019566367003	0.46092014806980436	0.6769962982548916	1.0	0.4298783712321523	0.49243786356425173	0.4401374933897409	0.47995769434161817	0.5180327868852459	0.5205711263881544	0.4683765203595981	0.4727657324167107	0.44235854045478584	0.287625594923321	0.20698043363299842	0.2556848228450555	0.4115811739820201	0.31195134849286094	0.28244315177154944	0.34225277630883133	0.549497620306716	0.4896351136964569	0.040084611316763614	0.019196192490745636	0.45161290322580644	0.28931782125859334	0.45468006345848755	0.26441036488630354	0.4265468006345849	0.10745637228979377	0.2044420941300899	0.2886303543098889	0.24267583289264938	-0.5887890005288208	-0.5241142252776309	-0.528609201480698	-0.4603384452670545	-0.5230037017451085	-0.61216287678477	-0.5753569539925966	-0.5892120571126388	-0.6593336858804865	-0.650502379693284	-0.5496562665256478	-0.5563194077207827	-0.47228979375991537	-0.5692755156002115	-0.5453728186144897	-0.5501322051824431	-0.28514013749338973	-0.4501850872554204	-0.43934426229508194	-0.4986250661025912	-0.41322051824431516	-0.3331041776837652	-0.4878900052882073	-0.5837123215230037	-0.48804865150713905	-0.39444738233738763	-0.4557377049180328	-0.49508196721311476	-0.4737176097303014	-0.555367530407192	-0.33384452670544684	-0.36319407720782654	-0.2711792702273929	-0.24283447911158118	0.12670544685351665	0.12755156002115284	-0.02755156002115283	-0.2763617133791645	-0.1977260708619778	-0.18418826017979906	-0.24526705446853517	-0.3212585933368588	-0.2993654151242729	-0.40597567424643044	-0.25943945002644103	0.054680063458487575	0.24949762030671602	0.009518773135906928	-0.03659439450026441	-0.05637228979375992	-0.027445795875198308	-0.021311475409836064
FadP	0.5263881544156531	0.36065573770491804	0.5280803807509254	0.6242728714965626	0.5488630354309889	0.5482284505552618	0.4298783712321523	1.0	0.7538868323638287	0.6807509254362771	0.6854045478582761	0.7215230037017452	0.6236911686938128	0.6831306187202538	0.7038075092543628	0.6446853516657853	0.5563194077207827	0.584399788471708	0.6437863564251719	0.617239555790587	0.7016922263352724	0.6608672659968271	0.4589635113696457	0.40898995240613434	0.5651507139079852	0.4330512956107879	0.1846641988365944	0.2453728186144897	0.1894764674775251	0.2224748810153358	0.2796404019037546	0.24500264410364886	0.1527763088313062	0.274034902168165	0.10698043363299842	0.015282919090428344	-0.8242199894235854	-0.7753040719196193	-0.7686938127974616	-0.789846641988366	-0.8180856689582232	-0.8451084082496034	-0.811369645690111	-0.8483870967741935	-0.8311475409836065	-0.8444738233738762	-0.8673188789000529	-0.8047065044949762	-0.8440507667900582	-0.8300898995240613	-0.8525647805393971	-0.8500793231094659	-0.5691168693812797	-0.6916975145425701	-0.5662083553675304	-0.5974087784241142	-0.4453199365415124	-0.5034902168164992	-0.7721311475409836	-0.686409307244844	-0.7272871496562665	-0.5690639873083024	-0.5800634584875727	-0.49682707562136436	-0.6363828662083554	-0.5770491803278689	-0.7404547858276045	-0.6256478053939715	-0.07070333157059756	-0.18551031200423057	0.021152829190904283	-0.13595980962453727	0.029561078794288737	-0.0780539397144368	-0.19101004759386567	-0.39090428344791117	-0.4841353781068218	-0.5246959280803808	-0.3178212585933369	-0.2953463775780011	-0.2158646218931782	-0.023373876255949232	-0.036118455843469066	-0.27340031729243786	-0.2282390269698572	-0.27318878900052884	-0.4248016922263353	-0.3862506610259122
NnrR	0.44352194606028555	0.2081967213114754	0.34801692226335273	0.4907456372289794	0.45552617662612377	0.5641459545214172	0.49243786356425173	0.7538868323638287	1.0	0.7867794817556848	0.6948704389212057	0.7708619777895294	0.6209941829719725	0.650713907985193	0.6049709148598625	0.6493389740877843	0.6149127445795876	0.5733474352194606	0.6597567424643046	0.6625066102591222	0.6549973558963511	0.5731359069275516	0.48551031200423056	0.5921734531993654	0.7872025383395029	0.49069275515600214	0.21697514542570068	0.29238498149127445	0.29185616076150184	0.12527763088313063	0.11517715494447382	0.23046007403490218	0.04373347435219461	0.047435219460602855	0.06414595452141723	-0.09962982548915918	-0.7113167636171338	-0.7560549973558963	-0.8602855631940772	-0.8668429402432576	-0.7625066102591221	-0.811369645690111	-0.8335801163405605	-0.7522474881015336	-0.794923320994183	-0.7932310946589106	-0.8167107350608144	-0.7796932839767319	-0.8102591221575886	-0.8305129561078795	-0.8577472236911687	-0.8163934426229508	-0.598783712321523	-0.7464304600740349	-0.5274457958751984	-0.5289793759915389	-0.4808566895822316	-0.40317292437863567	-0.7303543098889477	-0.5848228450555262	-0.6263352723426758	-0.4942358540454786	-0.624537281861449	-0.4593865679534638	-0.5828662083553675	-0.4479111581173982	-0.5905869910100476	-0.5075092543627711	0.15187731359069276	-0.21766261237440507	0.1984135378106822	0.11602326811211	-0.028820729772607086	-0.09899524061343205	-0.05076679005817028	-0.5142781597038604	-0.5763088313061872	-0.38461131676361715	-0.40211528291909043	-0.2397144368059228	-0.26615547329455314	-0.16335272342675833	-0.07630883130618721	-0.3704918032786885	-0.2754098360655738	-0.3237440507667901	-0.37466948704389214	-0.14526705446853516
NtrC	0.3996827075621364	0.21464833421470123	0.31025912215758855	0.45256478053939714	0.327392913802221	0.5197250132205182	0.4401374933897409	0.6807509254362771	0.7867794817556848	1.0	0.7072448439978847	0.7392913802221047	0.6654151242728715	0.4435748281332628	0.5554732945531465	0.6402432575356954	0.7048122686409307	0.6802221047065045	0.5646747752511898	0.6322051824431518	0.655367530407192	0.5447382337387625	0.5395029085140137	0.5895822316234797	0.6246959280803808	0.36409307244843997	0.3285034373347435	0.22628239026969857	0.12305658381808567	0.12929666842940243	0.18291909042834478	0.26536224219989424	0.1849286092014807	-0.009254362771020624	0.04923320994182972	-0.21930195663670016	-0.6114225277630884	-0.6422527763088313	-0.7843469063987308	-0.8072448439978848	-0.6680063458487573	-0.7546271813855103	-0.7607086197778953	-0.7351136964569011	-0.6980433632998414	-0.7259122157588578	-0.7639873083024855	-0.7143310417768377	-0.7686938127974616	-0.7296668429402433	-0.7360655737704918	-0.7392384981491275	-0.6607615018508726	-0.7186673717609731	-0.5409307244843998	-0.5457429931253305	-0.32289793759915386	-0.4781597038603913	-0.6806980433632999	-0.6230037017451084	-0.5676890534108937	-0.4351665785298784	-0.6109994711792702	-0.4092543627710206	-0.4702802749867795	-0.3569011105235325	-0.5190375462718139	-0.4662083553675304	0.2792702273929138	-0.025859333685880486	0.09375991538868324	0.07736647276573241	-0.2088841882601798	-0.09090428344791116	-0.026705446853516657	-0.4309360126916975	-0.5191433104177684	-0.23664727657324167	-0.3903225806451613	-0.2668958223162348	-0.22067689053410894	-0.14436805922792173	-0.012956107879428873	-0.4294553146483342	-0.28339502908514014	-0.3127974616604971	-0.2621364357482813	-0.2101004759386568
FadR	0.4044420941300899	0.2840824960338445	0.45272342675832894	0.5826546800634584	0.4271285034373347	0.5961924907456372	0.47995769434161817	0.6854045478582761	0.6948704389212057	0.7072448439978847	1.0	0.7867265996827075	0.7495505023796932	0.5390798519301957	0.5000528820729773	0.5367530407191962	0.6026969857218403	0.4796404019037546	0.5928609201480698	0.6631411951348493	0.679904812268641	0.5189846641988366	0.5076679005817029	0.5160761501850872	0.5254362771020624	0.30486515071390796	0.1997355896351137	0.3515600211528292	0.31179270227392913	0.24410364886303543	0.24394500264410365	0.3091485986250661	0.15309360126916974	-0.03696456901110524	-0.010735060814383924	0.010259122157588578	-0.6527763088313062	-0.650713907985193	-0.7399259650978318	-0.7360126916975145	-0.7081438392384981	-0.7755684822845056	-0.7308831306187202	-0.811369645690111	-0.7471708090957165	-0.7657324167107351	-0.7796404019037546	-0.7677419354838709	-0.7382337387625595	-0.7120042305658382	-0.7491274457958752	-0.742993125330513	-0.6176097303014279	-0.6227392913802221	-0.509941829719725	-0.6351665785298783	-0.44743521946060283	-0.436911686938128	-0.6349550502379693	-0.644420941300899	-0.6650978318350079	-0.44420941300899	-0.43722897937599153	-0.4408778424114225	-0.6019566367001586	-0.4867794817556848	-0.4779481755684823	-0.5033315705975674	0.09566367001586462	0.098783712321523	0.15251189846641988	-0.04241142252776309	-0.08603913273400317	-0.17498677948175567	-0.030671602326811213	-0.4509254362771021	-0.3970386039132734	-0.40095187731359067	-0.3674246430460074	-0.30137493389740877	-0.25742993125330516	-0.1654151242728715	-0.027287149656266527	-0.33802221047065045	-0.2570597567424643	-0.3540454785827604	-0.20232681121099946	-0.3415653093601269
FruR	0.4129561078794289	0.26922263352723425	0.47250132205182444	0.4945002644103649	0.5714436805922792	0.6701216287678478	0.5180327868852459	0.7215230037017452	0.7708619777895294	0.7392913802221047	0.7867265996827075	1.0	0.6940772078265468	0.6284505552617663	0.6698043363299842	0.6272871496562665	0.5650449497620307	0.4512427287149656	0.6439978847170809	0.6922792173453199	0.6063458487572713	0.5018508725542041	0.568164992067689	0.5945531464833421	0.6588577472236912	0.32781597038603916	0.0990481226864093	0.3738762559492332	0.4633527234267583	0.23326282390269698	0.2624537281861449	0.3970386039132734	0.22929666842940244	0.14896879957694342	0.06604970914859863	0.021998942358540455	-0.7481226864093072	-0.7041776837652036	-0.8544156530936012	-0.8214172395557906	-0.8261237440507668	-0.8697514542570068	-0.8557377049180328	-0.8280803807509254	-0.8543098889476467	-0.8039132734003173	-0.8198836594394501	-0.8607086197778953	-0.838339502908514	-0.8774193548387097	-0.8450026441036489	-0.8220518244315177	-0.6380222104706504	-0.6870438921205712	-0.5530936012691697	-0.5361184558434691	-0.443204653622422	-0.5246430460074035	-0.7516657852987837	-0.6688524590163935	-0.6658910629296668	-0.5526176626123744	-0.5838709677419355	-0.4664198836594394	-0.5864621893178212	-0.5842411422527763	-0.6364357482813326	-0.5554204124801693	-0.026599682707562137	-0.01861448968799577	0.028397673188789	-0.05780010576414595	-0.14680063458487572	-0.25420412480169224	-0.07223691168693813	-0.30195663670015865	-0.37276573241671074	-0.4718667371760973	-0.344632469592808	-0.3569011105235325	-0.2893707033315706	-0.11671073506081438	-0.06763617133791644	-0.30692755156002116	-0.18191433104177684	-0.3789529349550502	-0.2848228450555262	-0.18635642517186674
CueR	0.4831306187202538	0.340772078265468	0.3579058699101005	0.48069804336329985	0.5731359069275516	0.6608143839238498	0.5205711263881544	0.6236911686938128	0.6209941829719725	0.6654151242728715	0.7495505023796932	0.6940772078265468	1.0	0.6212057112638816	0.5244843997884717	0.6557377049180327	0.4493389740877842	0.47937599153886834	0.4396086726599683	0.5588577472236912	0.5588048651507139	0.5877313590692755	0.4823373876255949	0.440772078265468	0.5122157588577472	0.19048122686409308	0.2103648863035431	0.5774722369116869	0.3037546271813855	0.2821258593336859	0.3034902168164992	0.334479111581174	0.39539925965097833	0.19270227392913802	0.20909571655208883	0.12971972501322052	-0.7694341618191433	-0.7117927022739291	-0.7500264410364886	-0.705869910100476	-0.7054997355896351	-0.8116340560549974	-0.7847170809095717	-0.8267054468535167	-0.7903225806451613	-0.8216287678476997	-0.7580645161290323	-0.7686938127974616	-0.6915388683236383	-0.7112638815441565	-0.7449497620306716	-0.7670015864621893	-0.6017979904812268	-0.6009518773135907	-0.45621364357482813	-0.5858804865150714	-0.5046007403490217	-0.5901110523532522	-0.5937599153886832	-0.7619777895293496	-0.6800105764145955	-0.5543098889476468	-0.5992067689053411	-0.5597567424643046	-0.6756213643574828	-0.5982020095187731	-0.5269169751454257	-0.6025912215758857	-0.18302485457429932	0.08741406663141195	-0.0254362771020624	-0.03913273400317292	-0.08270756213643575	-0.08514013749338974	0.0013220518244315177	-0.39360126916975147	-0.34553146483342145	-0.3265996827075621	-0.43775780010576415	-0.2162876784769963	-0.24569011105235325	-0.153146483342147	-0.02755156002115283	-0.22004230565838181	-0.003595980962453728	-0.23558963511369646	-0.11998942358540454	-0.23722897937599155
MerR	0.5968799576943417	0.3664727657324167	0.47593865679534636	0.47001586462189315	0.6107879428873612	0.4919090428344791	0.4683765203595981	0.6831306187202538	0.650713907985193	0.4435748281332628	0.5390798519301957	0.6284505552617663	0.6212057112638816	1.0	0.6179270227392913	0.5670015864621893	0.33844526705446853	0.32421998942358543	0.4927551560021153	0.4327340031729244	0.4510840824960338	0.47535695399259653	0.4110523532522475	0.3493918561607615	0.5540454785827604	0.2445267054468535	0.15224748810153357	0.343204653622422	0.32210470650449496	0.24732945531464834	0.18053939714436806	0.29413008989952405	0.22062400846113167	0.35526176626123745	0.07017451084082496	0.17715494447382338	-0.7716552088841883	-0.7897937599153887	-0.6773664727657324	-0.7014278159703861	-0.7588048651507139	-0.753358011634056	-0.7282390269698572	-0.7076150185087255	-0.7617133791644632	-0.7488630354309889	-0.7333157059756742	-0.7335801163405605	-0.7233738762559493	-0.7551031200423056	-0.7323638286620836	-0.7272871496562665	-0.433262823902697	-0.5212585933368588	-0.3898995240613432	-0.4685351665785299	-0.4340031729243786	-0.5645161290322581	-0.6512956107879428	-0.5967213114754099	-0.6623479640401904	-0.6117398202009519	-0.5020095187731359	-0.5115811739820201	-0.5109994711792702	-0.5849286092014807	-0.6232681121099947	-0.6343204653622422	-0.1907456372289794	-0.16594394500264412	-0.06604970914859863	-0.09598096245372818	-0.0007932310946589106	-0.011739820200951878	-0.16599682707562136	-0.2880486515071391	-0.23707033315705975	-0.4504494976203067	-0.30237969328397674	-0.29444738233738765	-0.19471179270227393	-0.17620306716023268	-0.15542041248016922	-0.1624537281861449	0.06393442622950819	-0.3076679005817028	-0.22443151771549444	-0.1777895293495505
AcnR	0.4516657852987837	0.2950290851401375	0.3553146483342147	0.5808038075092543	0.49159175039661557	0.5988365943945002	0.4727657324167107	0.7038075092543628	0.6049709148598625	0.5554732945531465	0.5000528820729773	0.6698043363299842	0.5244843997884717	0.6179270227392913	1.0	0.6463246959280804	0.31020624008461134	0.3510312004230566	0.42696985721840297	0.534902168164992	0.5356953992596509	0.5744579587519831	0.3795346377578001	0.3843997884717081	0.44235854045478584	0.29719725013220516	0.09925965097831835	0.24806980433633	0.17445795875198308	0.13289264939185616	0.3153358011634056	0.24103648863035432	0.1609730301427816	0.33093601269169753	0.04309888947646748	0.040507667900581704	-0.6922792173453199	-0.6645690111052354	-0.6860391327340032	-0.6886832363828662	-0.6903225806451613	-0.7380750925436277	-0.7503437334743522	-0.6592808038075093	-0.7356425171866737	-0.7209413008989952	-0.6947117927022739	-0.6478582760444209	-0.6755684822845055	-0.7609201480698043	-0.6889476467477526	-0.674246430460074	-0.4274457958751983	-0.5203067160232682	-0.5573241671073506	-0.490058170280275	-0.3581173982020095	-0.4553146483342147	-0.6843469063987309	-0.5883130618720254	-0.6310946589106293	-0.454151242728715	-0.6652564780539397	-0.5392913802221047	-0.5438921205711263	-0.5164992067689054	-0.6514542570068746	-0.5217874140666314	-0.10608143839238499	-0.0842411422527763	-0.08265468006345848	-0.08545742993125331	-0.14500264410364885	-0.07694341618191433	-0.2581702802749868	-0.267741935483871	-0.36721311475409835	-0.43358011634056054	-0.341776837652036	-0.43437334743521944	-0.09550502379693283	-0.21433104177683765	-0.0817028027498678	-0.23172924378635643	-0.20502379693283976	-0.1656795346377578	-0.38202009518773133	-0.25039661554732945
NifA	0.4332099418297197	0.4518244315177155	0.42982548915917507	0.5364357482813327	0.5075621364357483	0.5879957694341619	0.44235854045478584	0.6446853516657853	0.6493389740877843	0.6402432575356954	0.5367530407191962	0.6272871496562665	0.6557377049180327	0.5670015864621893	0.6463246959280804	1.0	0.37525118984664196	0.48339502908514015	0.3858804865150714	0.5095187731359069	0.543416181914331	0.5026969857218403	0.28186144896879956	0.4948175568482284	0.5622421998942359	0.10893707033315705	0.1643574828133263	0.3924378635642517	0.16160761501850873	0.23426758328926495	0.19857218402961396	0.11702802749867795	0.21337916446324695	0.28471708090957165	0.10274986779481755	0.06731887890005288	-0.756002115282919	-0.6853516657852988	-0.6791115811739821	-0.6697514542570069	-0.709730301427816	-0.71216287678477	-0.7359598096245373	-0.7185616076150185	-0.7322051824431518	-0.7319407720782655	-0.7029085140137493	-0.6837123215230037	-0.6703331570597567	-0.6931253305129561	-0.6925436277102063	-0.6551031200423056	-0.48551031200423056	-0.5675832892649392	-0.42585933368588047	-0.4177683765203596	-0.610946589106293	-0.5452141723955579	-0.7126388154415653	-0.6817556848228451	-0.6299841353781068	-0.48551031200423056	-0.6512956107879428	-0.6671602326811211	-0.6874669487043892	-0.5398730830248546	-0.5922263352723427	-0.658434690639873	0.02258064516129032	0.04479111581173982	-0.029613960867265997	-0.12548915917503967	-0.12009518773135906	-0.14368059227921734	-0.20920148069804337	-0.3794288736118456	-0.4246430460074035	-0.24769962982548915	-0.485193019566367	-0.35452141723955577	0.027392913802221048	-0.21570597567424643	-0.02554204124801692	-0.20200951877313592	-0.06308831306187203	-0.18598625066102592	-0.26694870438921203	-0.13035430988894764
GntR	0.22443151771549444	0.06848228450555262	0.21760973030142783	0.3567424643046007	0.24865150713907985	0.3684294024325754	0.287625594923321	0.5563194077207827	0.6149127445795876	0.7048122686409307	0.6026969857218403	0.5650449497620307	0.4493389740877842	0.33844526705446853	0.31020624008461134	0.37525118984664196	1.0	0.5820729772607086	0.560444209413009	0.5218402961396087	0.5359598096245373	0.43828662083553677	0.542199894235854	0.3588577472236912	0.4626123744050767	0.42897937599153885	0.27017451084082494	0.18053939714436806	0.1243786356425172	0.09793759915388683	0.26282390269698575	0.3593865679534638	0.09264939185616076	-0.0698572184029614	-0.011369645690111053	-0.29481755684822847	-0.4096774193548387	-0.4514013749338974	-0.6241671073506081	-0.6802749867794817	-0.5866737176097303	-0.6006345848757271	-0.6138551031200423	-0.6111052353252248	-0.538551031200423	-0.524537281861449	-0.6027498677948175	-0.6213114754098361	-0.6874669487043892	-0.5774722369116869	-0.6396086726599682	-0.6450026441036488	-0.6106292966684294	-0.5867265996827076	-0.43024854574299315	-0.4293495505023797	-0.23564251718667373	-0.21417239555790588	-0.4258064516129032	-0.3698572184029614	-0.3449497620306716	-0.32913802221047067	-0.338127974616605	-0.26694870438921203	-0.33088313061872027	-0.22189317821258595	-0.25134849286092015	-0.3692226335272343	0.21533580116340562	0.030988894764674774	0.20708619777895293	0.1404019037546272	-0.05674246430460074	-0.05721840296139609	-0.06790058170280275	-0.25404547858276044	-0.48551031200423056	-0.253146483342147	-0.22924378635642517	-0.18704389212057113	-0.2579587519830777	-0.00967741935483871	-0.20058170280274987	-0.22496033844526706	-0.33786356425171865	-0.19238498149127445	-0.33759915388683237	-0.24801692226335273
HrcA	0.34722369116869384	0.14918032786885246	0.28741406663141195	0.4290322580645161	0.2074034902168165	0.2787414066631412	0.20698043363299842	0.584399788471708	0.5733474352194606	0.6802221047065045	0.4796404019037546	0.4512427287149656	0.47937599153886834	0.32421998942358543	0.3510312004230566	0.48339502908514015	0.5820729772607086	1.0	0.46197778952934954	0.46710735060814385	0.6143839238498149	0.5122686409307244	0.39978847170809095	0.3347435219460603	0.4146483342147012	0.37461660497091487	0.31099947117927024	0.14955050237969328	-0.08016922263352723	0.0014806980433632998	0.12501322051824432	0.2561078794288736	0.1817028027498678	0.06240084611316764	-0.07202538339502909	-0.13458487572712852	-0.4779481755684823	-0.47398202009518775	-0.5737176097303014	-0.6008461131676361	-0.42390269698572186	-0.5325753569539926	-0.5355896351136965	-0.5838709677419355	-0.5069804336329984	-0.5356953992596509	-0.6469063987308302	-0.5544156530936013	-0.5855631940772078	-0.4977260708619778	-0.5577472236911687	-0.5600740349021681	-0.5346906398730831	-0.6010047593865679	-0.30481226864093075	-0.4175039661554733	-0.36895822316234794	-0.3017451084082496	-0.49719725013220517	-0.4946589106292967	-0.40957165520888417	-0.40327868852459015	-0.44103648863035433	-0.38699101004759384	-0.3443151771549445	-0.2291909042834479	-0.33252247488101533	-0.4096774193548387	0.23231094658910628	-0.009836065573770493	0.006504494976203068	0.09264939185616076	-0.1317821258593337	-0.15732416710735062	0.010946589106292967	-0.234479111581174	-0.571602326811211	-0.15171866737176098	-0.23442622950819672	-0.1337916446324696	-0.1195134849286092	-0.0748281332628239	-0.09989423585404549	-0.33744050766790057	-0.20936012691697514	-0.13262823902696985	-0.26536224219989424	-0.17303014278159703
PurR	0.3822316234796404	0.24574299312533052	0.3578529878371232	0.36409307244843997	0.3488630354309889	0.3969857218402961	0.2556848228450555	0.6437863564251719	0.6597567424643046	0.5646747752511898	0.5928609201480698	0.6439978847170809	0.4396086726599683	0.4927551560021153	0.42696985721840297	0.3858804865150714	0.560444209413009	0.46197778952934954	1.0	0.4975145425700688	0.5913273400317293	0.5258593336858804	0.30222104706504493	0.359439450026441	0.46266525647805395	0.5347964040190375	0.035166578529878374	0.14706504494976202	0.21168693812797462	0.13622421998942358	0.021364357482813328	0.33114754098360655	0.035536753040719196	0.006610259122157589	-0.10089899524061344	-0.054204124801692226	-0.5496033844526705	-0.48662083553675306	-0.660655737704918	-0.7159703860391328	-0.6528820729772608	-0.6413008989952406	-0.6647805393971443	-0.6169751454257006	-0.6032786885245902	-0.6048122686409307	-0.6289264939185616	-0.6449497620306716	-0.6735589635113697	-0.6661554732945532	-0.6708090957165521	-0.6754627181385511	-0.47921734531993654	-0.5679005817028028	-0.5906398730830249	-0.4934426229508197	-0.198783712321523	-0.2712321523003702	-0.5892649391856161	-0.4636700158646219	-0.4113167636171338	-0.37599153886832365	-0.39518773135906926	-0.24584875727128502	-0.3971972501322052	-0.380327868852459	-0.42585933368588047	-0.35753569539925967	0.14500264410364885	-0.034690639873083025	0.061448968799576946	0.025013220518244315	-0.02310946589106293	-0.03712321523003702	-0.1578529878371232	-0.415018508725542	-0.44785827604442097	-0.34246430460074034	-0.2360655737704918	-0.31517715494447385	-0.13262823902696985	0.12464304600740349	-0.13114754098360656	-0.32882072977260707	-0.33934426229508197	-0.18582760444209412	-0.23326282390269698	-0.33823373876255947
BioQ	0.2351136964569011	0.18529878371232153	0.3168693812797462	0.5142252776308831	0.42591221575885774	0.5465891062929666	0.4115811739820201	0.617239555790587	0.6625066102591222	0.6322051824431518	0.6631411951348493	0.6922792173453199	0.5588577472236912	0.4327340031729244	0.534902168164992	0.5095187731359069	0.5218402961396087	0.46710735060814385	0.4975145425700688	1.0	0.5794817556848229	0.5525647805393972	0.3886832363828662	0.43707033315705973	0.5738233738762559	0.21015335801163407	0.10428344791115812	0.3787414066631412	0.2599153886832364	0.06197778952934955	0.366737176097303	0.28947646747752515	0.01274457958751983	-0.07265996827075621	0.09423585404547859	-0.13881544156530937	-0.5184029613960868	-0.5024854574299312	-0.6178741406663141	-0.59227921734532	-0.5925436277102062	-0.6548387096774193	-0.706292966684294	-0.6610787942887362	-0.6638815441565309	-0.6928080380750925	-0.6437863564251719	-0.6070861977789529	-0.596562665256478	-0.6334214701216287	-0.6399259650978318	-0.6043892120571126	-0.5297197250132205	-0.6045478582760444	-0.6130618720253834	-0.6410893707033316	-0.4598625066102591	-0.27990481226864095	-0.6759915388683236	-0.6199365415124273	-0.6502379693283977	-0.5979375991538868	-0.5835007932310946	-0.3749867794817557	-0.4944473823373876	-0.45256478053939714	-0.4635113696456901	-0.4892649391856161	0.15764145954521416	0.0950290851401375	0.15462718138551032	-0.09434161819143311	-0.01787414066631412	-0.25668958223162347	0.017662612374405078	-0.3524590163934426	-0.4835536753040719	-0.2761501850872554	-0.4984135378106822	-0.3206768905341089	-0.21295610787942887	-0.014595452141723956	-0.0787414066631412	-0.3634056054997356	-0.34664198836594395	-0.1846641988365944	-0.3321523003701745	-0.22347964040190377
LiuR	0.4261237440507668	0.19227921734531994	0.41168693812797463	0.5931782125859334	0.3080380750925436	0.4474881015335801	0.31195134849286094	0.7016922263352724	0.6549973558963511	0.655367530407192	0.679904812268641	0.6063458487572713	0.5588048651507139	0.4510840824960338	0.5356953992596509	0.543416181914331	0.5359598096245373	0.6143839238498149	0.5913273400317293	0.5794817556848229	1.0	0.6613432046536224	0.3597567424643046	0.41221575885774725	0.393707033315706	0.38889476467477524	0.14849286092014807	0.23622421998942358	0.12448439978847171	0.0654151242728715	0.08249603384452671	0.15742993125330512	0.1651507139079852	-0.004336329984135378	-0.06044420941300899	-0.10930724484399788	-0.5921205711263882	-0.5257006874669488	-0.6461131676361713	-0.7207826546800634	-0.6219989423585405	-0.6765732416710735	-0.6848757271285034	-0.6997355896351137	-0.6351136964569011	-0.6939714436805923	-0.7027498677948175	-0.6459545214172395	-0.6931253305129561	-0.6286620835536753	-0.6966684294024326	-0.6880486515071391	-0.5538868323638286	-0.5821258593336859	-0.5389212057112639	-0.6039132734003173	-0.39613960867265996	-0.33188789000528823	-0.6023796932839768	-0.5409307244843998	-0.6465362242199895	-0.46562665256478053	-0.4975145425700688	-0.41591750396615546	-0.4865679534637758	-0.30370174510840825	-0.5254891591750397	-0.3436805922792173	0.14114225277630882	0.0846641988365944	0.16086726599682707	-0.04463246959280804	-0.05050237969328398	-0.0733474352194606	-0.041459545214172396	-0.39735589635113694	-0.4714436805922792	-0.18202009518773135	-0.2769962982548916	-0.24727657324167107	-0.14637757800105763	-0.06345848757271286	-0.128397673188789	-0.3918032786885246	-0.3352723426758329	-0.21692226335272344	-0.38921205711263884	-0.34516129032258064
RbsR	0.3597567424643046	0.2683236382866208	0.3577472236911687	0.5757271285034373	0.3738762559492332	0.4069804336329984	0.28244315177154944	0.6608672659968271	0.5731359069275516	0.5447382337387625	0.5189846641988366	0.5018508725542041	0.5877313590692755	0.47535695399259653	0.5744579587519831	0.5026969857218403	0.43828662083553677	0.5122686409307244	0.5258593336858804	0.5525647805393972	0.6613432046536224	1.0	0.18577472236911688	0.2596509783183501	0.340772078265468	0.3553146483342147	0.053675304071919616	0.32295081967213113	0.028662083553675305	0.3331041776837652	0.25383395029085143	0.2895822316234796	0.16060285563194077	0.2087784241142253	0.11015335801163406	-0.1471179270227393	-0.6047593865679535	-0.49455314648334214	-0.5557377049180328	-0.5735589635113696	-0.6164992067689054	-0.6525647805393971	-0.6371760973030143	-0.6610259122157589	-0.6299841353781068	-0.6777895293495505	-0.6137493389740878	-0.6253833950290851	-0.6056583818085669	-0.5906398730830249	-0.6462189317821259	-0.6317821258593337	-0.41972501322051825	-0.505076679005817	-0.5561078794288736	-0.5086197778952934	-0.3528820729772607	-0.36790058170280276	-0.6410893707033316	-0.6326282390269699	-0.6382337387625595	-0.6263352723426758	-0.5127445795875198	-0.42897937599153885	-0.508514013749339	-0.4765732416710735	-0.3860391327340032	-0.5063987308302486	0.033262823902696984	-0.006504494976203068	0.1547858276044421	-0.1079323109465891	-0.11787414066631412	-0.10179799048122687	-0.11517715494447382	-0.38863035430988896	-0.46425171866737175	-0.24161819143310417	-0.260655737704918	-0.16017979904812268	0.12236911686938128	-0.11930195663670017	-0.09571655208884189	-0.3066631411951348	-0.2683765203595981	-0.04843997884717081	-0.36218931782125857	-0.3438392384981491
