	LldR	NrdR	CcpA	NiaR	Rex	MetR	KdgR	SahR_SamR	FUR	NagC	IscR	RbkR	ArgR	MntR	NrtR	ThiR	Zur	NsrR	Phr	BirA	PhrR	ModE	NadQ	XylR	AraR	CzrA	HutC	PhnF	AgaR	GulR	NagR	GguR	Irr	SiaR	PurR	HrcA	LiuR	CsoR	FabR	MerR	BioQ	FadP	FruR	GntR	NnrR	NtrC	AcnR	CueR	ZntR	PdxR	NifA	NmlR	PaaR	FixJ	RbsR	PhnR	NorR	PhsR	FnrN_FixK	HcpR	GlcC	DasR	FadR	QorR	PrpR	NagQ	NarP	LiuQ	SdaR	LexA	SoxR	HisR	HypR	PsrA	TyrR	HexR	TrpR	NikR	CadR-PbrR	ExuR_UxuR	TtrR	CblR	PdhR	MetJ	AmtR	VanR	LtbR	RutR
LldR	1.0	0.4480710297636539	-0.04930523487678939	0.10769908903908317	0.21210276646656312	0.22971327819990764	0.2847697409848453	0.302527181898325	0.2539146131564586	0.26506024096385544	0.3356911968431216	0.2353805465765501	0.30850929851811426	0.2791234624910793	0.29385836027034967	0.2710843373493976	0.27721338314932203	0.39681373577935436	0.3001973048990387	0.20612064984677386	0.20368582343310523	0.24768061794215188	0.23256790227110533	0.11638890054993493	0.3150161622098149	0.39381218252802147	0.2997565173586331	0.318353553587171	0.2310776205868771	0.21088535325972882	0.41851727467360733	0.1356576130305193	0.12379832920532303	0.3238948826665547	-0.3575206750346333	-0.27931237143696735	-0.3771881952898703	-0.15517820410562108	-0.11223290374039713	-0.055728139036984176	-0.3838629780445825	-0.3298350195205911	-0.15889341337475338	-0.28584022501154444	-0.21348809873640906	-0.3331514210150707	-0.2955795306662189	-0.28019394651777846	-0.17247386759581881	-0.15866252466311237	-0.08889215398178078	-0.13376852357163846	-0.2816842282020066	-0.19008437932916333	-0.29528567230594854	-0.30626338105033374	-0.16598799378699466	-0.16393098526510222	-0.10253557785147559	-0.23693379790940766	0.07730573863397842	-0.10851769447126484	-0.20028546240711978	-0.10942025943495236	0.029616724738675958	-0.02867218000923555	0.060471852567062674	-0.18483690861004995	-0.1469081902522984	-0.08519793459552495	-0.08370765291129675	0.06303261827799	-0.027664665631165777	-0.19808152470509213	-0.07323370135594644	0.2160488644473364	0.009508416943033457	0.16447672221989001	0.08209143192980983	0.0	-0.05386003946097981	-0.043134209311112046	0.3670081020947903	0.010159103312203517	-0.12709374081692623	0.06171025565677343	-0.10952520884933462	-0.1448301918475295
NrdR	0.4480710297636539	1.0	0.14743293732420973	0.06483774820536502	0.2821879853910415	0.20933210192687124	0.2904579992443642	0.2761638890054994	0.27922841190546155	0.32907938373703877	0.3992905419587759	0.3665673145543848	0.3828134839007598	0.3487259141093993	0.3945888081944503	0.343205574912892	0.4028168422820201	0.4117795222702657	0.400822803408757	0.3457243608580664	0.2863649720834558	0.3895722261869779	0.3920910121321523	0.19631837454347004	0.2631291717392217	0.38050459678434995	0.3792242139288863	0.31539398010159103	0.2004533814701314	0.22572520045338146	0.4172159019352672	0.09395071575500609	0.14556483774820536	0.23817220099911843	-0.24675706309558793	-0.1412199319927795	-0.2879602031820662	-0.20469333781117502	-0.14245833508249023	-0.18408127282649764	-0.4194618194030477	-0.383422190504177	-0.29455102640527264	-0.24658914403257629	-0.27125225641240924	-0.25878426598379584	-0.3482641366861173	-0.3520633054867554	-0.3044582511229587	-0.24566558918601233	-0.21890348851853406	-0.32234163133369714	-0.39807312875194156	-0.21579698585281895	-0.37414466227278453	-0.24417530750178415	-0.02248016456068175	0.04286134083371815	-0.18691490701481886	-0.3266655472062466	-0.15750808110490744	-0.26464044330632636	-0.25496410730028124	-0.18527769615045547	0.09367784727761219	0.060870660341715295	0.09651148146593343	0.0022039377020276227	-0.18489987825867932	0.055980017631501615	-0.029616724738675958	0.1250367322950338	0.2196171445363335	0.17753242936904412	-0.03511607405230679	0.2940892489819907	0.041476008563872215	0.09863145963645523	0.03784475882624575	0.11764829352252214	-0.1315016162209815	-0.10490743461651483	0.09609168380840435	-0.0020779984047689013	-0.07997145375928802	0.04636665127408589	-0.1723479282985601	0.035997649133117836
CcpA	-0.04930523487678939	0.14743293732420973	1.0	0.15868351454598884	0.37305318836320894	0.46532471348809873	0.5022878972335334	0.4470845052684606	0.5143151001217413	0.5014483019184753	0.3694219386255825	0.4836698711221191	0.4394861676671844	0.45686579068888794	0.4749590697283909	0.49460560010075144	0.4528567230594853	0.3570379077284749	0.3426598379581042	0.37706225599261156	0.32849166701649807	0.3033457873305067	0.4237437555098443	0.33680366063557365	0.3005331430250619	0.28588220477729737	0.05455270559590277	0.2595608916502246	0.39316149615885143	0.2952436925401956	0.20288820788380002	0.032765207170143994	0.1193904538012678	0.12421812686285211	-0.1510222072960833	-0.30741782460853867	-0.23126652953276522	-0.29364846144158513	-0.21392888627681458	-0.49492044834389826	-0.325574073296671	-0.47359472734142144	-0.4731329499181395	-0.3960371101129256	-0.42523403719407243	-0.33546030813148064	-0.43048150791318585	-0.37162587632761007	-0.23855001889089458	-0.12854204273540154	-0.3363628730951681	-0.32282439863985557	-0.37011460476050545	-0.2839091557869107	-0.17677679358549178	-0.1319004239956341	-0.13049410184291171	-0.1690944964527098	-0.05469963477603795	-0.06920364384366735	-0.08605851979345955	-0.26902732882750513	-0.12686285210528525	-0.04945216405692456	0.03442340791738382	-0.05066957726375887	0.009487427060157004	0.21214474623231602	0.05505646278493766	0.061122538936232734	0.13066202090592335	0.19275009445447294	0.03635447714201755	0.20593174090088578	0.13884807522774023	0.10969312791234626	-0.02063305486755384	0.05129927375005248	-0.15484236597959783	0.20882834473783637	-0.020087317912766047	0.2129213718987448	0.10648167583224885	-0.10318626422064565	-0.13183745434700475	0.015406574031316905	0.06525754586289409	-0.040531463834431805
NiaR	0.10769908903908317	0.06483774820536502	0.15868351454598884	1.0	0.4010746820032744	0.35531673733260566	0.4044750430292599	0.4698165484236598	0.43213970866042567	0.4914571176692834	0.4476722219890013	0.4297888417782629	0.43306326350698965	0.4287813274001931	0.46513580454221065	0.43589689769531087	0.448490827421183	0.5361235884303766	0.4694597204147601	0.5146299483648882	0.38411485663909994	0.28372024684102265	0.3935183241677511	0.40069686411149824	0.5301834515763402	0.45577431677931235	0.2526552201838714	0.22075059821166199	0.4288442970488225	0.23737458544981319	0.12419713697997566	0.04739515553503212	0.29501280382855466	0.14548087821669956	-0.22224087989589017	-0.20505016582007474	-0.36851937366189497	-0.11420595273078377	-0.14350782922631292	-0.48272532639267873	-0.4049788002182948	-0.31167877083245876	-0.38636077410688047	-0.37005163511187605	-0.34859997481214056	-0.30214936400654885	-0.37599177196591244	-0.32742118298979894	-0.30231728306956046	-0.17931656941354268	-0.33837790185130767	-0.24312581335796146	-0.20137693631669534	-0.4620083119936191	-0.3960371101129256	-0.26056840602829434	-0.2389488266655472	-0.22748835061500358	-0.2554048948406868	-0.1616430880315688	-0.20717014399059652	-0.25320095713865914	-0.133978422400403	0.007913185844422988	0.06603417152932287	0.09021451660299735	0.12732462952856724	-0.15717224297888419	0.15461147726795685	0.0596952269006339	0.0206960245161832	0.14898618865706728	0.0387263339070568	0.16275555182402082	0.09546198732211074	-0.01763150161622098	0.12159439150329542	0.04269342177070652	-0.06108055917047983	0.16693253851643508	0.11460476050543637	0.09111708156668485	0.10396288988707443	-0.1788967717560136	-0.13206834305864573	-0.13370555392300912	-0.15100121741320682	-0.20744301246799043
Rex	0.21210276646656312	0.2821879853910415	0.37305318836320894	0.4010746820032744	1.0	0.3211032282439864	0.401473489777927	0.42454137105914946	0.45166029973552746	0.4761345031694723	0.41616640779144454	0.47525292808866126	0.5484236597959783	0.5735905293648461	0.5584778136937996	0.515175685319676	0.4906385122371017	0.5126778892573779	0.5465345703370975	0.6649804794089249	0.3416103438142815	0.4089248981990681	0.4501070484026699	0.35479199026069436	0.3918601234205113	0.4982368498383779	0.3566600898366987	0.2170353889425297	0.20910121321523026	0.1906511061668276	0.10883254271441166	-0.1179841316485454	0.21071743419671718	0.18466898954703834	-0.23309264934301666	-0.14543889845094665	-0.09567188615087528	-0.07535367952646824	-0.05996809537802779	-0.5963855421686747	-0.5145669787162588	-0.49189790520968896	-0.45014902816842284	-0.30357667604214766	-0.35067797321690947	-0.25809159984887287	-0.3988707443012468	-0.31780781663238317	-0.2099408085302884	-0.20870240544057764	-0.4751269887914025	-0.2540825322194702	-0.37890936568573946	-0.4718945468284287	-0.44721044456571935	-0.2573359640653205	-0.1674572855883464	-0.13685403635447715	-0.445762142647244	-0.403320599471055	-0.35080391251416815	-0.5224801645606818	-0.31018848914823055	-0.011019688510138114	0.12027202888207884	0.15396079089878678	0.3777129423617816	0.02004533814701314	0.01790437009361488	0.07652911296754965	0.1752445321355107	0.391755174006129	0.1612232903740397	0.31090214516603	0.1930439528147433	0.32551110364804164	0.2624365056042987	0.17220099911842493	0.06951849208681415	0.14560681751395826	0.0007136560177994207	0.03284916670164981	0.1578439192309307	-0.2668653708912304	-0.006485873808824147	-0.08719197346878804	-0.21428571428571427	-0.09867343940220813
MetR	0.22971327819990764	0.20933210192687124	0.46532471348809873	0.35531673733260566	0.3211032282439864	1.0	0.885878006800722	0.896288988707443	0.8924688300239285	0.9021031862642206	0.8148272532639268	0.8162335754166492	0.833487259141094	0.8332773603123295	0.8296461105747029	0.8818059695226901	0.8474875110196886	0.7870996179841316	0.7561395407413627	0.6065026657151253	0.5560219973972546	0.5158473615717224	0.5518030309390873	0.6467402711892868	0.6383233281558289	0.6826959405566517	0.4556693673649301	0.6530372360522229	0.7781999076445153	0.6252046513580454	0.45564837748205367	0.5440787540405525	0.5168548759497922	0.6036270517610511	-0.5294697955585408	-0.6953108601654002	-0.7411947441333278	-0.434700474371353	-0.541790856807019	-0.5649426976197472	-0.5213467108853532	-0.7125435540069687	-0.6761261072163217	-0.7577137819570967	-0.8485789849292641	-0.8128122245077872	-0.7517106754544309	-0.7194702153561983	-0.4183073758448428	-0.5322614499811091	-0.5024768061794215	-0.435393140506276	-0.46156752445321353	-0.4683262667394316	-0.48631459636455227	-0.34994332731623357	-0.46211326140800135	-0.5405734436001847	-0.3354183283657277	-0.19883716048864447	-0.30246421224969566	-0.36423743755509846	-0.4477771714033836	-0.25886822551530164	-0.14203853742496117	-0.2621846270097813	-0.2140968053398262	-0.03809663742076319	-0.04630368162545653	-0.1558079005919147	-0.06202510389992024	0.29161244280256915	-0.005961126736912808	0.10274547668024013	0.05747029931572982	0.015805381805969524	0.02821040258595357	-0.048927416985013225	0.015112715671046556	-0.01922673271483145	0.14957390537760798	0.26220561689265776	0.19581461735443517	-0.14982578397212543	-0.08461021787498425	-0.0549934931363083	-0.040888291843331516	-0.041769866924142564
KdgR	0.2847697409848453	0.2904579992443642	0.5022878972335334	0.4044750430292599	0.401473489777927	0.885878006800722	1.0	0.8568280088997103	0.9107929977750724	0.9219596154653457	0.7833004491834935	0.8396792745896478	0.859682632970908	0.8687082826077831	0.8762016707946769	0.9018093279039503	0.8397422442382771	0.8105453171571303	0.7786197053020444	0.6526594181604467	0.5931740900885774	0.5811468872003694	0.5588976113513286	0.6863481801771546	0.6482515427563914	0.6983753830653625	0.3935393140506276	0.5749338818689391	0.7682926829268293	0.6341883212291676	0.3914613156458587	0.44427186096301585	0.521241761470971	0.5857016917845599	-0.48026951009613367	-0.7009361487762898	-0.7261449981109105	-0.42464632047353174	-0.4854120314008648	-0.6190965954409975	-0.6199152008731791	-0.7545023298769993	-0.685025817555938	-0.826917425800764	-0.806830107887998	-0.8127912346249108	-0.7409428655388103	-0.7047353175769279	-0.42017547542084716	-0.608433734939759	-0.4922337433357122	-0.47653331094412493	-0.5150497460224172	-0.5302464212249696	-0.5225641240921876	-0.3813022123336552	-0.4272910457159649	-0.48650350531044034	-0.32727425380966374	-0.21986902313085094	-0.3186054321816884	-0.33699256958146173	-0.44271860963015824	-0.25704210570505015	-0.04412073380630536	-0.18811133033877672	-0.11999916040468495	0.0005667268376642458	-0.11181310608286806	-0.13557365349901349	-0.04025859535703791	0.3422190504176987	0.034675286511901264	0.120880735485496	0.09527307837622266	0.04164392762688384	0.0002098988287645355	-0.06637000965534612	-0.07314974182444062	0.0549934931363083	0.1919104991394148	0.2066873766844381	0.31058729692288317	-0.21823181226648755	-0.22583014986776373	-0.0031484824314680325	-0.07445111456278074	-0.029616724738675958
SahR_SamR	0.302527181898325	0.2761638890054994	0.4470845052684606	0.4698165484236598	0.42454137105914946	0.896288988707443	0.8568280088997103	1.0	0.904202174551866	0.9022291255614794	0.8103354183283658	0.8236010243062843	0.8855841484404517	0.8611519247722598	0.8631039838797699	0.9004239956341044	0.8541413038915243	0.877314134587129	0.8290374039712859	0.6752865119012635	0.5991142269426136	0.5980017631501616	0.6051593132110323	0.6899164602661517	0.7223878090760254	0.7574199235968263	0.5017631501616221	0.729545359136896	0.8170521808488309	0.6690315268040804	0.4558582763108182	0.49284244993912935	0.497082406280173	0.5728139036984173	-0.6151085176944713	-0.6886570672935645	-0.7560345913269804	-0.4504218966458167	-0.5309810671256454	-0.6424793249653666	-0.6129045799924436	-0.7585323873892784	-0.6765878846396037	-0.7669283405398598	-0.8266235674404937	-0.8174509886234835	-0.7704756307459805	-0.7577347718399732	-0.46908190252298393	-0.5672515847361572	-0.5158683514545989	-0.5783762226606776	-0.5496410730028126	-0.5623609420259434	-0.5435120272028882	-0.4126191175853239	-0.39924856219302296	-0.5119012635909491	-0.3175349481549893	-0.27878762436505605	-0.27578607111372316	-0.3283237479534864	-0.387494227782209	-0.24453213551068384	-0.013475504806683178	-0.1646236514000252	-0.13912094370513411	-0.09707820830359766	-0.04689139834599723	-0.20958398052138869	-0.09262835313378952	0.18869904705931742	0.0544057764157676	0.14552285798245246	0.10509634356240292	0.004449855169808153	0.08416943033457873	0.05186600058771672	0.015154695436799462	0.13259309013055706	0.10188489148230553	0.21627975315897738	0.21636371269048318	-0.15119012635909493	-0.09086520297216742	-0.0010075143780697703	-0.04206372528441291	-0.09063431426052643
FUR	0.2539146131564586	0.27922841190546155	0.5143151001217413	0.43213970866042567	0.45166029973552746	0.8924688300239285	0.9107929977750724	0.904202174551866	1.0	0.9261785819235129	0.8243776499727131	0.8186684018303177	0.8982410478149532	0.9056084967045884	0.9009277528231392	0.9104991394148021	0.8771881952898702	0.8233281558288905	0.8122874774358759	0.7006422904160194	0.6371478947147475	0.585659712018807	0.6455228579824525	0.7199319927794803	0.6962344150119643	0.7604214768481592	0.4785903194660174	0.5853028840099073	0.795999328323748	0.6846689895470384	0.39446286889719157	0.4482179589437891	0.4896519877419084	0.5826581587674741	-0.5627177700348432	-0.6420175475420847	-0.731392468830024	-0.4989085260904244	-0.5080181352588052	-0.6751815624868813	-0.6297804458251123	-0.711913857520675	-0.6913227824188741	-0.7763737878342639	-0.8510557911086856	-0.795306662188825	-0.7280970572184208	-0.7317912766046766	-0.4540531463834432	-0.5258175559380379	-0.5696864111498258	-0.5163721086436338	-0.4967255782712732	-0.55942235842324	-0.5633054867553839	-0.41255614793669454	-0.37630662020905925	-0.5387473237899333	-0.36274715587087025	-0.2504722723647202	-0.3443810083539734	-0.4332521724528777	-0.35731077620586876	-0.2240460098232652	-0.02873514965786491	-0.2185676503925108	-0.15127408589060073	0.027517736451030603	-0.04959909323705974	-0.17333445279375342	-0.0523277780109987	0.2916334326854456	0.11420595273078377	0.17788925737794384	0.10152806347340582	0.036333487259141095	0.042378573527559714	-0.0872129633516645	0.0034213509088619285	0.112967549641073	0.11099450065068638	0.19440829520171277	0.2195751647705806	-0.225935099282146	-0.11873976743209773	-0.018135258805255867	-0.06786029133957433	-0.030540279585239916
NagC	0.26506024096385544	0.32907938373703877	0.5014483019184753	0.4914571176692834	0.4761345031694723	0.9021031862642206	0.9219596154653457	0.9022291255614794	0.9261785819235129	1.0	0.8266655472062466	0.8549808992065824	0.882729524369254	0.8980731287519416	0.9204693337811175	0.9313840728768733	0.8995004407875404	0.8806095461987322	0.8641744679064691	0.7276352797951388	0.6207757860711137	0.5580999958020234	0.6134713068301079	0.7054909533604803	0.683262667394316	0.7466101339154527	0.4810041559968095	0.665169388354813	0.7867637798581084	0.6403383569119684	0.4636665127408589	0.4520171277444272	0.5214306704168591	0.5911380714495613	-0.5024977960622979	-0.6396876705427984	-0.7378153729902187	-0.460476050543638	-0.4891062507871206	-0.6370849250661181	-0.5998488728432896	-0.7089123042693422	-0.6678770832458755	-0.7936274715587087	-0.8360270349691449	-0.823957852315184	-0.7482683346626926	-0.751248898031149	-0.43130011334536755	-0.6102808446328869	-0.5596952269006339	-0.5185340665799085	-0.5350111246379246	-0.5424625330590656	-0.5758154569497502	-0.42067923260988205	-0.4507787246547164	-0.484866294446077	-0.41190546156752444	-0.3076487133201797	-0.3174090088577306	-0.4434112757650812	-0.41163259309013056	-0.2412577137819571	-0.08479912682087234	-0.1883422190504177	-0.15249149909743503	-0.04590487385080391	-0.07384240795936359	-0.14747491708996263	-0.03142185466605096	0.3008689811510852	0.027286847739389615	0.17954745812518366	0.04670248940010915	0.05587506821711935	0.09036144578313253	-0.0251248898031149	-0.0004407875404055245	0.056987532009571386	0.07814533394903657	0.19482809285924185	0.23431006254985098	-0.2477645774736577	-0.1680030225431342	-0.0422946139960539	-0.13236220141891608	-0.05104739515553503
IscR	0.3356911968431216	0.3992905419587759	0.3694219386255825	0.4476722219890013	0.41616640779144454	0.8148272532639268	0.7833004491834935	0.8103354183283658	0.8243776499727131	0.8266655472062466	1.0	0.7720498719617145	0.8236430040720373	0.8080685109777087	0.8344108139876579	0.8015196675202553	0.8342428949246463	0.85292389068469	0.8152680408043324	0.6915536711305151	0.6061248478233492	0.5480248520213257	0.6645816716342723	0.6964862936064816	0.6564375970782083	0.7610931531002058	0.49275849040762354	0.5976449351412619	0.635132865958608	0.5717434196717183	0.49504638764115694	0.37655849880357667	0.5215356198312413	0.5082910037361992	-0.4861676671844171	-0.5570295117753243	-0.6658830443726124	-0.3972965030855128	-0.4316359514713908	-0.5519499601192225	-0.5820494521640569	-0.6994038873263088	-0.6478527349817388	-0.6422484362537257	-0.772070861844591	-0.7395575332689643	-0.7371017169724193	-0.7113681205658873	-0.4078334242894925	-0.47241929390034004	-0.5418958062214013	-0.4616304941018429	-0.5643130011334537	-0.5544267662986441	-0.6217203308005541	-0.36669325385164353	-0.3046261701859704	-0.42718609630158266	-0.39223794131228745	-0.2849586499307334	-0.32821879853910413	-0.4488056756643298	-0.45564837748205367	-0.14564879727971117	-0.07770454640863105	-0.20855547626044246	-0.015406574031316905	-0.06932958314092608	-0.04615675244532136	-0.04684941858024432	-0.042252634230301	0.30055413290793837	0.07260400486965282	0.1389110448763696	0.17050081860543218	0.1556189916460266	0.09634356240292179	-0.06838503841148566	0.02967969438730532	0.05570714915410772	0.08591159061332437	0.13479702783258468	0.17574828932454556	-0.23135048906427103	-0.051488182695940556	0.027181898325007347	-0.014629948364888123	-0.05736534990134755
RbkR	0.2353805465765501	0.3665673145543848	0.4836698711221191	0.4297888417782629	0.47525292808866126	0.8162335754166492	0.8396792745896478	0.8236010243062843	0.8186684018303177	0.8549808992065824	0.7720498719617145	1.0	0.8408127282649763	0.8356492170773687	0.8533017085764661	0.8555266361613703	0.8220057932076739	0.8254481339994123	0.822887368288485	0.6893077536627346	0.5612904579992444	0.6568364048528609	0.6387851055791108	0.6508542882330717	0.6157172242978884	0.7203517904370094	0.4480920196465304	0.6215943915032954	0.7227026573191722	0.6193274841526384	0.4498551698081525	0.4267662986440536	0.5509844255069056	0.46018219218336764	-0.5212207715880945	-0.5249149909743503	-0.6349649468955963	-0.41941983963729484	-0.4202174551866001	-0.6363922589311951	-0.6013181646446413	-0.7323160236765879	-0.7129003820158684	-0.7141597749884555	-0.7987490029805634	-0.7113681205658873	-0.7427689853490618	-0.6836404852860921	-0.38218378741446624	-0.5550984425506905	-0.5618991646026615	-0.473573737458545	-0.5177574409134797	-0.5695814617354436	-0.5678393014566979	-0.38310734226103016	-0.3960161202300491	-0.42563284496872505	-0.3222786616850678	-0.2477645774736577	-0.3528399311531842	-0.38940430712396623	-0.45818815331010454	-0.17919063011628394	-0.04619873221107426	-0.13590949162503674	-0.027517736451030603	-0.12121657361151925	-0.11380714495613115	-0.09646950170018051	-0.0701271986902313	0.2703077116829688	0.018051299273750054	0.15465345703370975	0.16827589102052812	0.10251458796859914	0.10249359808572268	-0.0570714915410772	0.024977960622979724	0.07088283447378364	0.12004114017043785	0.2382351706477478	0.216216783510348	-0.21361403803366777	-0.0981067125645439	0.02258511397506402	-0.043386087905629485	0.013118676797783469
ArgR	0.30850929851811426	0.3828134839007598	0.4394861676671844	0.43306326350698965	0.5484236597959783	0.833487259141094	0.859682632970908	0.8855841484404517	0.8982410478149532	0.882729524369254	0.8236430040720373	0.8408127282649763	1.0	0.9324125771378196	0.9316989211200202	0.9144662272784518	0.8888165904034255	0.8902648923219009	0.8604802485202132	0.7817891776163889	0.691784559842156	0.6245539649888754	0.6247848537005164	0.6948280928592419	0.7103186264220646	0.8086772175811259	0.5701691784559842	0.5715125309600773	0.6836614751689686	0.6114562780739683	0.40460098232651864	0.32576298224255906	0.44420889131438646	0.5008605851979346	-0.4812350447084505	-0.5503967087863649	-0.6131144788212082	-0.38768313672809707	-0.35176944712648506	-0.7001595231098611	-0.6618949666260863	-0.8178288065152597	-0.7710843373493976	-0.7283069560471852	-0.7683976323412115	-0.7570001259392972	-0.7618068091180051	-0.7395155535032114	-0.42903320599471056	-0.6137021955417489	-0.5570295117753243	-0.5073254691238823	-0.5302464212249696	-0.5693295831409261	-0.5468704084631207	-0.3908316191595651	-0.3165274337769195	-0.38077746526174383	-0.4311951639309853	-0.377083245875488	-0.38759917719659126	-0.5335838126023257	-0.4642542294613996	-0.22925150077662568	0.029889593216069855	-0.10807690693085932	0.0018890894588808195	-0.05358717098358591	0.05910751018009319	-0.02550270769489106	-0.004470845052684606	0.3358801057890097	0.1611393308425339	0.2024474203433945	0.20855547626044246	0.2007682297132782	0.2111582217371227	0.04151798832962512	0.05001889089458881	0.06634901977246967	0.05509844255069057	0.07575248730112086	0.1946181940304773	-0.19778766634482178	-0.14495613114478823	-0.0757314974182444	-0.14841946181940305	-0.08872423491876916
MntR	0.2791234624910793	0.3487259141093993	0.45686579068888794	0.4287813274001931	0.5735905293648461	0.8332773603123295	0.8687082826077831	0.8611519247722598	0.9056084967045884	0.8980731287519416	0.8080685109777087	0.8356492170773687	0.9324125771378196	1.0	0.9373032198480332	0.9262415515721423	0.9026909029847613	0.846815834767642	0.8431006254985097	0.7693001973048991	0.6628814911212796	0.6037529910583099	0.5784182024264305	0.7079257797741488	0.6764829352252214	0.7364300407203728	0.5321984803324797	0.5798874942277822	0.6596070693925528	0.5956089165022459	0.3892573779438311	0.3221317325049326	0.463393644263465	0.5387053440241804	-0.48113009529406825	-0.5257965660551615	-0.6314386465723522	-0.3519163763066202	-0.38971915536711305	-0.6902942781579279	-0.6780781663238319	-0.769761974728181	-0.7785987154191679	-0.7533898660845473	-0.7655430082700139	-0.7458125183661475	-0.7410897947189454	-0.6965282733722346	-0.3904328113849125	-0.5976659250241384	-0.5479828722555729	-0.45690777045464087	-0.4948784685781453	-0.5338147013139667	-0.5593593887746107	-0.398325007346459	-0.37832164896519876	-0.42813064103102305	-0.41692204357499685	-0.34836908610049955	-0.41534780235926283	-0.5340665799084842	-0.46423323957852314	-0.19940388732630873	0.008521892447840141	-0.1412619117585324	0.014483019184752949	-0.055434280676713826	-0.011964233239578523	-0.07732672851685488	-0.04166491750976029	0.3900549934931363	0.10052054909533605	0.27204987196171443	0.16097141177952226	0.15771797993367198	0.16882162797531589	0.02873514965786491	0.005772217791024726	0.06431300113345367	0.09382477645774737	0.16390999538222575	0.2657948868645313	-0.2630242223248394	-0.166743629570547	-0.1197472818101675	-0.18353553587170984	-0.04477142017547542
NrtR	0.29385836027034967	0.3945888081944503	0.4749590697283909	0.46513580454221065	0.5584778136937996	0.8296461105747029	0.8762016707946769	0.8631039838797699	0.9009277528231392	0.9204693337811175	0.8344108139876579	0.8533017085764661	0.9316989211200202	0.9373032198480332	1.0	0.906699970614164	0.9124721884051887	0.897863229923177	0.891755174006129	0.7918223416313337	0.6476638260358507	0.6359304815079132	0.6214684522060366	0.7042525502707695	0.6923512866798204	0.7774232819780865	0.5295957348557995	0.6247638638176399	0.6551152344569917	0.6290457999244364	0.44754628269174257	0.34224004030057514	0.46857814533394904	0.5147139078963939	-0.4575794467066874	-0.5474791150665379	-0.6418916082448259	-0.3316611393308425	-0.40126359094916253	-0.6894966626086226	-0.7111792116199992	-0.7889047479115067	-0.7533268964359179	-0.7391167457285588	-0.8140716174803745	-0.7495906972839091	-0.7637588682255153	-0.7305738633978422	-0.3702615339406406	-0.5818815331010453	-0.5766340623819319	-0.505646278493766	-0.4928634398220058	-0.5791738382099828	-0.6275345283573318	-0.4005499349313631	-0.3659795978338441	-0.3780487804878049	-0.4150119642332396	-0.33021283741236723	-0.3792871835775156	-0.5817136140380337	-0.5371311028084463	-0.1596910289240586	-0.03425548885437219	-0.10627177700348432	0.032723227404391084	-0.04399479450904664	0.01756853196759162	-0.036039628898870746	-0.018618026111414297	0.36467822509550396	0.13817639897569373	0.2213802946979556	0.19854330212837412	0.16991310188489148	0.17341841232525923	-0.016770916418286385	0.00031484824314680326	0.13116577809495822	0.06383023382729525	0.12858402250115444	0.1995927962721968	-0.3037026153394064	-0.15349901347550482	-0.06013601444103942	-0.1642038537424961	-0.09770790478989128
ThiR	0.2710843373493976	0.343205574912892	0.49460560010075144	0.43589689769531087	0.515175685319676	0.8818059695226901	0.9018093279039503	0.9004239956341044	0.9104991394148021	0.9313840728768733	0.8015196675202553	0.8555266361613703	0.9144662272784518	0.9262415515721423	0.906699970614164	1.0	0.9100373619915201	0.8464170269929894	0.8352713991855926	0.7453087611771126	0.6447462323160237	0.5730447924100583	0.5950002098988287	0.7063515385584148	0.7043784895680282	0.7628563032618279	0.5089207002224928	0.6399605390201922	0.7373326056840603	0.6218462700978129	0.3931824860417279	0.3512866798203266	0.4168170941606146	0.5073254691238823	-0.49441669115486336	-0.618152050711557	-0.6470551194324335	-0.43608580664119895	-0.4049997901011712	-0.6916796104277738	-0.630557071491541	-0.777906049284245	-0.7615339406406112	-0.7354854959909324	-0.8126652953276521	-0.7728474875110197	-0.7473867595818815	-0.7392007052600646	-0.41583056966542126	-0.5952520884933462	-0.5382435666008983	-0.4759036144578313	-0.5041350069266614	-0.5177574409134797	-0.5572394106040889	-0.3528609210360606	-0.41935686998866545	-0.4532765207170144	-0.4459300617102557	-0.3426598379581042	-0.34969144872171615	-0.46536669325385166	-0.4498551698081525	-0.21451660299735528	-0.034024600142731204	-0.1271567104655556	-0.05660971411779522	-0.033730741782460855	-0.03484320557491289	-0.08746484194618194	0.0538180596952269	0.3280508794760925	0.07392636749086941	0.2216951429411024	0.10167499265354099	0.12524663112379833	0.12747155870870241	0.07237311615801184	0.014084211410100331	0.033415893539314054	0.057218420721212374	0.1847739389614206	0.1993199277948029	-0.21306830107887997	-0.14363376852357163	-0.045736954787792286	-0.1437806977037068	-0.09332101926871247
Zur	0.27721338314932203	0.4028168422820201	0.4528567230594853	0.448490827421183	0.4906385122371017	0.8474875110196886	0.8397422442382771	0.8541413038915243	0.8771881952898702	0.8995004407875404	0.8342428949246463	0.8220057932076739	0.8888165904034255	0.9026909029847613	0.9124721884051887	0.9100373619915201	1.0	0.8700936148776289	0.8741446622727845	0.737227656269678	0.6660929432013769	0.6284370933210193	0.6477477855673566	0.6525964485118173	0.7236052222828596	0.7800050375718903	0.5335838126023257	0.6275765081230846	0.6865580790059191	0.6194534234498972	0.45107258301498676	0.41238822887368287	0.4666890558750682	0.5624449015574493	-0.49485747869526886	-0.5518869904705932	-0.6684647999664162	-0.4080013433525041	-0.3712690483187104	-0.6668275891020529	-0.6735023718567651	-0.7312665295327652	-0.7361991520087318	-0.6987532009571387	-0.8136937995885983	-0.7545023298769993	-0.7684815918727174	-0.7841610343814281	-0.4507787246547164	-0.5539859787582385	-0.6121279543260149	-0.4761345031694723	-0.5153016246169346	-0.49152008731791275	-0.6040048696528273	-0.3745014902816842	-0.3215440157843919	-0.43491037320011755	-0.4248352294194198	-0.28416103438142815	-0.36278913563662313	-0.5298895932160699	-0.477414886024936	-0.2203308005541329	-0.0005247470719113387	-0.15522018387137398	-0.030267411107846018	-0.08318290583938541	-0.014504009067629402	-0.09751899584400318	0.003274421728726754	0.36537089123042693	0.14592166575710508	0.22931447042525502	0.12541455018680997	0.24327274253809664	0.1582007472398304	0.03295411611603207	0.051824020821963815	0.05556021997397254	-0.002812644305444776	0.1487972797111792	0.19440829520171277	-0.26239452583854583	-0.1270727509340498	-0.018366147516896855	-0.1496578649091138	-0.0987783888165904
NsrR	0.39681373577935436	0.4117795222702657	0.3570379077284749	0.5361235884303766	0.5126778892573779	0.7870996179841316	0.8105453171571303	0.877314134587129	0.8233281558288905	0.8806095461987322	0.85292389068469	0.8254481339994123	0.8902648923219009	0.846815834767642	0.897863229923177	0.8464170269929894	0.8700936148776289	1.0	0.9146341463414634	0.7559716216783511	0.6312287477435876	0.6837244448175979	0.6693253851643508	0.6583896561857184	0.7119978170521809	0.8417572729944167	0.5868771252256413	0.6439696066495949	0.6814785273498174	0.5800554132907938	0.5091096091683809	0.41406741950379916	0.5065278535745771	0.5136014441039419	-0.5158053818059696	-0.5355148818269594	-0.699047059317409	-0.39379119264514506	-0.3737668443810084	-0.6328029889593216	-0.6553041434028798	-0.7306368330464716	-0.6532261449981109	-0.7232903740397129	-0.7461273666092944	-0.7358423239998321	-0.7920112505772218	-0.7789555434280677	-0.41127576508123087	-0.6157592040636414	-0.6000797615549305	-0.5847991268208723	-0.5707778850594014	-0.6328449687250746	-0.6545904873850804	-0.39616304941018426	-0.3059485328071869	-0.39282565803282815	-0.38212081776583684	-0.39568028210402584	-0.3278199907644515	-0.5134335250409303	-0.4591536879224214	-0.12885689097854833	0.041434028798119305	-0.05190798035346963	-0.03062423911674573	-0.16523235800344235	-0.00910960916838084	-0.1436547584064481	-0.12988539523949455	0.29148650350531047	0.08146173544351623	0.1395827211284161	0.18926577389698165	0.15935519079803534	0.2557197430838336	0.06895176524914991	0.05639981528903069	0.12908777969018934	0.06578229293480542	0.06422904160194787	0.19915200873179129	-0.23242097309097015	-0.13838629780445824	-0.01490281684228202	-0.09409764493514126	-0.11479366945132446
Phr	0.3001973048990387	0.400822803408757	0.3426598379581042	0.4694597204147601	0.5465345703370975	0.7561395407413627	0.7786197053020444	0.8290374039712859	0.8122874774358759	0.8641744679064691	0.8152680408043324	0.822887368288485	0.8604802485202132	0.8431006254985097	0.891755174006129	0.8352713991855926	0.8741446622727845	0.9146341463414634	1.0	0.7846438016875866	0.5561479366945132	0.657676000167919	0.6452499895050585	0.6900423995634104	0.6711305150917258	0.8321229167541245	0.5539230091096091	0.6299693547710004	0.6386591662818522	0.5418328365727719	0.4183493556105957	0.41935686998866545	0.4892112002015029	0.526426262541455	-0.4588178497963981	-0.48765794886864533	-0.6220981486923303	-0.41014231140590235	-0.31436547584064484	-0.6484404517022795	-0.6582007472398304	-0.7397464422148524	-0.6307669703203056	-0.6589353931405063	-0.7789765333109441	-0.7365349901347551	-0.7124595944754628	-0.7656479576843961	-0.3287855253767684	-0.5719533185004828	-0.6012971747617648	-0.5003568280088997	-0.5496410730028126	-0.5531253935603039	-0.6674992653540993	-0.3736199152008732	-0.3211032282439864	-0.411191805549725	-0.42523403719407243	-0.40871499937030353	-0.44045170227950126	-0.511985223122455	-0.48700726249947524	-0.15740313169052517	0.03255530834137946	-0.12826917425800763	0.0600520549095336	-0.11277864069518492	-0.06941354267243188	-0.08326686537089123	-0.05990512572939843	0.3077746526174384	0.17874984257587842	0.22112841610343814	0.17669283405398598	0.23947357373745853	0.20991981864741194	0.03820158683514546	0.1418496284790731	0.13603543092229545	0.011187607573149742	0.1099869862726166	0.10446664707610931	-0.3121615381386172	-0.183451576340204	-0.017064774778556734	-0.13779858108391754	-0.10744721044456572
BirA	0.20612064984677386	0.3457243608580664	0.37706225599261156	0.5146299483648882	0.6649804794089249	0.6065026657151253	0.6526594181604467	0.6752865119012635	0.7006422904160194	0.7276352797951388	0.6915536711305151	0.6893077536627346	0.7817891776163889	0.7693001973048991	0.7918223416313337	0.7453087611771126	0.737227656269678	0.7559716216783511	0.7846438016875866	1.0	0.5585827631081819	0.5121531421854666	0.6665757105075354	0.6282062046093783	0.6400025187859452	0.7547332185886403	0.48222156920364384	0.45776835565257545	0.4201125057722178	0.43188783006590825	0.309978590319466	0.050186809957600435	0.3500692666134923	0.3875781873137148	-0.27217581125897317	-0.32716930439528147	-0.36839343436463623	-0.27060157004323915	-0.14946895596322574	-0.7299231770286722	-0.574786952688804	-0.723437303219848	-0.633978422400403	-0.5098442550690567	-0.5772637588682256	-0.48709122203098104	-0.6417656689475673	-0.638512237101717	-0.2961042777381302	-0.4516183199697746	-0.5900256076571093	-0.4307753662734562	-0.49040762352546075	-0.4572226186977877	-0.6054111918055497	-0.36325091305990515	-0.2224507787246547	-0.27018177238571006	-0.39807312875194156	-0.4696696192435246	-0.4678644893161496	-0.6238193190881995	-0.31018848914823055	-0.086310398387977	0.09793879350153226	-0.019919398849754417	0.1901053692120398	-0.16464464128290165	0.06888879560052055	0.08628940850510054	0.03079215817975736	0.327840980647328	0.23966248268334664	0.34519961378615505	0.2813483900759834	0.16191595650896268	0.28483271063347465	0.09275429243104824	-0.027475756685277696	0.1458586961084757	-0.07205826791486504	0.132173292473028	0.1357415725620251	-0.282208975273918	-0.20435749968515177	-0.10755215985894799	-0.14203853742496117	-0.1288359010956719
PhrR	0.20368582343310523	0.2863649720834558	0.32849166701649807	0.38411485663909994	0.3416103438142815	0.5560219973972546	0.5931740900885774	0.5991142269426136	0.6371478947147475	0.6207757860711137	0.6061248478233492	0.5612904579992444	0.691784559842156	0.6628814911212796	0.6476638260358507	0.6447462323160237	0.6660929432013769	0.6312287477435876	0.5561479366945132	0.5585827631081819	1.0	0.48505520339196506	0.5246421224969565	0.4946685697493808	0.6167457285588347	0.5527685655514042	0.40065488434574537	0.3527769615045548	0.5210528525250829	0.4332101926871248	0.3542252634230301	0.23873892783678266	0.28819109189370723	0.2892195961546535	-0.31136392258931195	-0.43690441207338065	-0.47265018261198105	-0.2770874438520633	-0.18005121531421855	-0.4527307837622266	-0.5638932034759246	-0.5218294781915117	-0.5839175517400613	-0.5222282859661643	-0.5514881826959406	-0.47048822467570633	-0.5359346794844885	-0.526426262541455	-0.5310440367742748	-0.45516561017589524	-0.5527685655514042	-0.5128248184375132	-0.44286553881029345	-0.3652449519331682	-0.39998320809369886	-0.18389236388060953	-0.15480038621384493	-0.12421812686285211	-0.33663574157256204	-0.22005793207673902	-0.23703874732378993	-0.3699886654632467	-0.16880063809243945	-0.23441501196423323	0.1408001343352504	-0.021871457957264598	-0.09508416943033458	-0.14375970782083036	0.02105285252508291	-0.16634482179589438	-0.14462029301876494	0.34209311112043994	0.07841820242643047	0.23046891398345998	0.2043784895680282	0.23846605935938878	0.22261869778766635	-0.040426514420049534	-0.12279081482725326	-0.048864447336383864	0.015007766256664288	-0.004722723647202049	0.15719323286176062	-0.06987532009571387	-0.19871122119138576	-0.026930019730489904	-0.027874564459930314	-0.0703161076361194
ModE	0.24768061794215188	0.3895722261869779	0.3033457873305067	0.28372024684102265	0.4089248981990681	0.5158473615717224	0.5811468872003694	0.5980017631501616	0.585659712018807	0.5580999958020234	0.5480248520213257	0.6568364048528609	0.6245539649888754	0.6037529910583099	0.6359304815079132	0.5730447924100583	0.6284370933210193	0.6837244448175979	0.657676000167919	0.5121531421854666	0.48505520339196506	1.0	0.5632844968725075	0.47726795684480083	0.556042987280131	0.6993409176776794	0.5063599345115655	0.4821795894378909	0.44068259099114226	0.4898618865706729	0.35176944712648506	0.34801225809159986	0.45682381092313507	0.44838587800680074	-0.48963099785903197	-0.4662482683346627	-0.5053314302506192	-0.3408966877964821	-0.2804248352294194	-0.6035221023466689	-0.5751227908148272	-0.5774736576969901	-0.5251878594517443	-0.5585197934595525	-0.5017841400444986	-0.4838168003022543	-0.6524075395659292	-0.5848201167037488	-0.4241425632844969	-0.4551236304101423	-0.5220603669031527	-0.5492212753452835	-0.4751059989085261	-0.4989085260904244	-0.5866882162797532	-0.262541455018681	-0.006317954745812518	-0.1896855715545107	-0.1976407371646866	-0.27603794970824064	-0.3069560471852567	-0.38610889551236305	-0.35195835607237314	-0.15771797993367198	0.11693463750472273	0.12497376264640443	0.12650602409638553	-0.17471978506359934	-0.12780739683472567	-0.24982158599555015	-0.2073170731707317	0.23976743209772888	0.010222072960832879	0.09420259434952354	0.3073968347256622	0.20528105453171572	0.25135384744553124	-0.03643843667352336	0.12600226690735067	0.1324881407161748	0.07134461189706562	0.030561269468116367	0.21579698585281895	-0.12658998362789137	-0.006989630997859032	0.058330884513664416	0.14653037236052222	0.08020234247092901
