	AcnR	AgaR	AmtR	AraR	ArgR	BioQ	BirA	CadR-PbrR	CblR	CcpA	CsoR	CueR	CzrA	DasR	ExuR_UxuR	FUR	FabR	FadP	FadR	FixJ	FnrN_FixK	FruR	GguR	GlcC	GntR	GulR	HcpR	HexR	HisR	HrcA	HutC	HypR	Irr	IscR	KdgR	LexA	LiuQ	LiuR	LldR	LtbR	MerR	MetJ	MetR	MntR	ModE	NadQ	NagC	NagQ	NagR	NarP	NiaR	NifA	NikR	NmlR	NnrR	NorR	NrdR	NrtR	NsrR	NtrC	PaaR	PdhR	PdxR	PhnF	PhnR	Phr	PhrR	PhsR	PrpR	PsrA	PurR	QorR	RbkR	RbsR	Rex	RutR	SahR_SamR	SdaR	SiaR	SoxR	ThiR	TrpR	TtrR	TyrR	VanR	XylR	ZntR	Zur
AcnR	1.0	-0.20613432046536223	-0.0034902168164992068	-0.2846113167636171	-0.5877842411422528	0.21702802749867794	-0.5957694341618192	-0.03273400317292438	-0.054627181385510315	-0.3226335272342676	0.030777366472765733	0.3795875198307774	-0.5638286620835536	0.2635113696456901	0.035483870967741936	-0.4660497091485986	0.1267583289264939	0.5123215230037017	0.38064516129032255	0.31216287678476995	-0.025806451612903226	0.3695399259650978	0.03241671073506081	0.1108937070333157	0.29968270756213644	-0.23241671073506082	0.19122157588577474	-0.21723955579058699	-0.05081967213114754	0.05906927551560021	-0.19280803807509253	-0.07911158117398202	-0.0787414066631412	-0.40571126388154416	-0.5267583289264939	-0.19524061343204654	-0.03823373876255949	0.37028027498677946	-0.14214701216287678	-0.18730830248545743	0.3313590692755156	0.2763088313061872	-0.5222104706504495	-0.4675304071919619	-0.4284505552617663	-0.24933897408778424	-0.4780539397144368	-0.005499735589635114	0.06102591221575886	-0.3626652564780539	-0.17916446324695928	0.4169751454257007	-0.2579587519830777	0.261660497091486	0.4245901639344262	0.10243257535695399	-0.1609730301427816	-0.5511898466419883	-0.6067689053410894	0.3984135378106822	0.17821258593336858	-0.08397673188789001	0.04949762030671603	-0.229613960867266	0.2932839767318879	-0.4490216816499207	-0.3386567953463776	0.23818085668958222	0.07530407191961926	-0.2769962982548916	-0.015071390798519302	-0.15145425700687468	-0.4866737176097303	0.16102591221575885	-0.37599153886832365	0.04452670544685352	-0.5497620306716023	-0.018984664198836595	-0.22966684294024325	-0.08683236382866208	-0.5275515600211528	-0.5080909571655209	-0.03759915388683236	-0.36927551560021155	0.06790058170280275	-0.08561607615018509	-0.01565309360126917	-0.5492860920148069
AgaR	-0.20613432046536223	1.0	-0.07921734531993654	0.1854574299312533	0.41972501322051825	-0.24130089899524063	0.3353781068217874	-0.0343204653622422	0.11856160761501851	0.12062400846113168	-0.02157588577472237	-0.24584875727128502	0.2959809624537282	-0.03823373876255949	0.05748281332628239	0.5742993125330513	-0.12511898466419882	-0.44812268640930725	-0.4995769434161819	-0.306081438392385	-0.15684822845055527	-0.39254362771020623	0.1990481226864093	-0.14331041776837652	-0.5124272871496562	0.4029613960867266	-0.13315705975674247	0.17937599153886832	0.3634056054997356	-0.3819672131147541	0.17181385510312006	0.17466948704389212	0.4652564780539397	0.44854574299312533	0.5603384452670545	-0.0343204653622422	0.21242728714965628	-0.4404019037546272	0.05372818614489688	0.04362771020624009	-0.3935483870967742	-0.23870967741935484	0.47974616604970916	0.5226864093072449	0.2997355896351137	0.18656795346377578	0.5629296668429402	-0.06916975145425701	0.11290322580645161	-0.054098360655737705	0.07720782654680064	-0.45272342675832894	0.03976731887890005	-0.3979375991538868	-0.503648863035431	-0.17852987837123216	0.06652564780539397	0.536911686938128	0.4205711263881544	-0.5533580116340561	-0.07726070861977789	0.10179799048122687	-0.31961924907456374	0.2608143839238498	-0.07213114754098361	0.4787414066631412	0.20259122157588577	-0.143204653622422	-0.0950290851401375	0.39465891062929664	-0.06858804865150714	-0.1628239026969857	0.5301427815970386	-0.08043363299841354	0.3671602326811211	-0.017345319936541512	0.5615547329455315	-0.13278688524590163	0.16858804865150714	0.013114754098360656	0.596562665256478	-0.030777366472765733	0.1103648863035431	0.12400846113167636	-0.03289264939185616	0.4069804336329984	-0.004653622421998942	0.49524061343204656
AmtR	-0.0034902168164992068	-0.07921734531993654	1.0	0.07303014278159704	-0.055473294553146486	0.12120571126388155	-0.2232681121099947	0.13892120571126387	-0.034849286092014806	0.022739291380222106	-0.05732416710735061	0.11961924907456373	-0.08947646747752512	0.14955050237969328	-0.23617133791644632	-0.13828662083553675	0.10951877313590692	-0.03670015864621893	-0.011581173982020096	-0.06557377049180328	-0.06435748281332629	-0.00671602326811211	0.11237440507667901	0.11173982020095188	0.1523532522474881	-0.03775780010576415	-0.07704918032786885	-0.034849286092014806	-0.0464304600740349	0.058646218931782124	0.13558963511369646	-0.041248016922263354	-0.0007403490216816499	-0.07662612374405077	-0.165520888418826	0.11671073506081438	-0.18127974616604972	-0.04362771020624009	-0.06932839767318878	0.024378635642517188	0.15912215758857748	0.12162876784769963	0.08059227921734533	-0.11671073506081438	0.13775780010576413	-0.22300370174510842	-0.12131147540983607	0.016710735060814386	-0.27815970386039135	-0.08783712321523003	-0.07445795875198308	-0.024378635642517188	0.03870967741935484	-0.12464304600740349	0.14331041776837652	0.04695928080380751	-0.06573241671073506	-0.08159703860391328	-0.21348492860920149	0.016922263352723427	0.074034902168165	0.08307773664727658	-0.06107879428873612	-0.011052353252247488	0.18603913273400316	-0.2633527234267583	-0.13722897937599154	0.08138551031200424	-0.1433632998413538	-0.14283447911158118	-0.1361713379164463	0.1121099947117927	-0.1108937070333157	0.08614489687995769	-0.15912215758857748	0.05838180856689582	0.009994711792702273	-0.1347435219460603	-0.07784241142252776	-0.06858804865150714	-0.05663670015864622	0.22416710735060813	-0.10840824960338445	0.10909571655208884	-0.05817028027498678	0.02622950819672131	-0.3164463246959281	0.02908514013749339
AraR	-0.2846113167636171	0.1854574299312533	0.07303014278159704	1.0	0.3038075092543628	-0.3956636700158646	0.3719196192490746	0.08820729772607086	0.11147540983606558	0.07583289264939186	-0.08852459016393442	-0.2612374405076679	0.45980962453728186	-0.20692755156002116	-0.09423585404547859	0.3348492860920148	-0.016869381279746166	-0.3356425171866737	-0.3457958751983078	-0.30211528291909046	0.035166578529878374	-0.2686409307244844	-0.005922792173453199	-0.1849286092014807	-0.20851401374933898	0.19106292966684293	-0.0019037546271813855	0.09645690111052353	0.06292966684294024	-0.14505552617662612	0.2838180856689582	0.002749867794817557	0.20761501850872555	0.28413537810682177	0.3491274457958752	0.11729243786356425	-0.015124272871496564	-0.2556319407720783	-0.08360655737704918	0.005869910100475939	-0.41300898995240615	-0.28741406663141195	0.3778424114225278	0.33744050766790057	0.2558434690639873	0.12876784769962982	0.40555261766261236	-0.003648863035430989	-0.10745637228979377	0.16779481755684822	0.3845055526176626	-0.2645161290322581	0.14500264410364885	-0.11850872554204125	-0.4576414595452142	-0.11248016922263353	-0.17837123215230036	0.3920148069804336	0.43622421998942357	-0.16800634584875726	-0.10438921205711264	-0.1182971972501322	0.19143310417768378	0.25055526176626125	0.23067160232681122	0.44484399788471707	0.23913273400317292	-0.26287678476996296	0.03061872025383395	0.12564780539397144	-0.18514013749338973	0.17260708619777895	0.44595452141723957	-0.35071390798519303	0.26975145425700686	-0.1938127974616605	0.49682707562136436	-0.1083553675304072	0.004019037546271814	0.28566895822316235	0.4066102591221576	0.36292966684294026	0.12696985721840295	0.3348492860920148	0.07789529349550503	0.2546271813855103	-0.29085140137493387	0.4076679005817028
ArgR	-0.5877842411422528	0.41972501322051825	-0.055473294553146486	0.3038075092543628	1.0	-0.285193019566367	0.6602326811210999	-0.054309888947646746	-0.011369645690111053	0.40867265996827074	-0.054098360655737705	-0.46731887890005286	0.635695399259651	-0.42035959809624535	-0.02088841882601798	0.825965097831835	-0.2593336858804865	-0.6383923849814913	-0.4948175568482284	-0.3087784241142253	-0.15129561078794287	-0.6334214701216287	-0.09730301427815971	-0.2751983077736647	-0.5071919619249075	0.443416181914331	-0.29085140137493387	0.22686409307244845	0.1849286092014807	-0.3576943416181914	0.32020095187731357	0.2274457958751983	0.27683765203595984	0.7004759386567954	0.7879957694341618	0.16758328926493918	0.2952934955050238	-0.4632469592808038	0.08207297726070863	-0.0370174510840825	-0.48878900052882074	-0.30528820729772604	0.7547858276044421	0.826388154415653	0.5069275515600211	0.25806451612903225	0.8455314648334215	-0.14214701216287678	0.026493918561607616	0.22871496562665256	0.1447911158117398	-0.6806451612903226	0.21015335801163407	-0.2546271813855103	-0.5960338445267055	-0.28741406663141195	0.10735060814383923	0.82374405076679	0.7427287149656266	-0.5337387625594924	-0.2617662612374405	-0.02601797990481227	-0.21380222104706503	0.39820200951877316	-0.2500793231094659	0.6729772607086197	0.5830248545742993	-0.25674246430460074	-0.2951877313590693	0.31660497091485984	-0.01422527763088313	-0.06916975145425701	0.7416181914331041	-0.23532522474881015	0.5883130618720254	-0.10052882072977261	0.7753040719196193	0.11501850872554203	0.1974616604970915	0.14516129032258066	0.8522474881015336	0.354362771020624	-0.097567424643046	0.22416710735060813	-0.02533051295610788	0.478900052882073	-0.08291909042834479	0.8074563722897937
BioQ	0.21702802749867794	-0.24130089899524063	0.12120571126388155	-0.3956636700158646	-0.285193019566367	1.0	-0.37641459545214173	0.009941829719725013	-0.15753569539925966	-0.20861977789529348	-0.011845584346906399	0.17165520888418825	-0.34584875727128506	0.19000528820729773	0.1984135378106822	-0.40497091485986253	0.1323109465891063	0.3608143839238498	0.2524061343204654	0.32998413537810684	0.0733474352194606	0.2533580116340561	0.053358011634056055	0.15230037017451084	0.3167107350608144	-0.13347435219460602	-0.04933897408778424	-0.3437334743521946	-0.36213643574828136	0.05557905869910101	-0.23146483342147012	-0.1064516129032258	-0.20047593865679533	-0.2581173982020095	-0.3759386567953464	-0.09857218402961396	-0.21300898995240614	0.08112109994711793	-0.06425171866737175	-0.08709677419354839	0.5004230565838181	0.38027498677948174	-0.25753569539925963	-0.34896879957694343	-0.2819143310417768	-0.16361713379164464	-0.40232681121099945	-0.16668429402432575	0.19539925965097832	-0.2925965097831835	-0.15637228979375992	0.25245901639344265	-0.21433104177683765	-0.006504494976203068	0.2612374405076679	-0.007773664727657325	0.03833950290851401	-0.4047065044949762	-0.3852987837123215	0.054045478582760445	-0.14505552617662612	-0.1333685880486515	-0.0878900052882073	-0.04833421470121629	0.1490216816499207	-0.39550502379693286	-0.2129032258064516	0.2904283447911158	0.04473823373876256	-0.27773664727657327	-0.09011105235325224	-0.1088841882601798	-0.3070333157059757	0.0038603913273400317	-0.2696456901110523	0.3620306716023268	-0.31179270227392913	0.12776308831306188	-0.048122686409307246	-0.19079851930195663	-0.30962453728186146	-0.16488630354309888	-0.10042305658381809	-0.2814383923849815	0.09698572184029614	-0.23331570597567425	0.19762030671602326	-0.3947646747752512
BirA	-0.5957694341618192	0.3353781068217874	-0.2232681121099947	0.3719196192490746	0.6602326811210999	-0.37641459545214173	1.0	-0.025753569539925966	0.22226335272342676	0.36129032258064514	-0.06842940243257535	-0.4954521417239556	0.7112638815441565	-0.49418297197250133	0.0162876784769963	0.6797990481226864	-0.06599682707562136	-0.6032786885245902	-0.3971443680592279	-0.37948175568482284	-0.16134320465362242	-0.4661025912215759	-0.0585404547858276	-0.22734003172924377	-0.38313061872025383	0.3047065044949762	-0.414806980433633	0.19539925965097832	0.2500793231094659	-0.19830777366472765	0.1390269698572184	0.34098360655737703	0.2997355896351137	0.657006874669487	0.6116340560549973	0.12760444209413008	0.07683765203595981	-0.23775780010576414	0.02173453199365415	-0.03146483342147012	-0.6556319407720783	-0.3671073506081438	0.5879428873611846	0.6453199365415124	0.42929666842940245	0.4345848757271285	0.7009518773135907	-0.05224748810153358	-0.001269169751454257	0.42147012162876785	0.36335272342675834	-0.4894764674775251	0.13453199365415125	-0.38202009518773133	-0.6895822316234796	-0.16181914331041777	0.09719725013220518	0.7022739291380222	0.7977260708619778	-0.3671602326811211	-0.2727128503437335	-0.0012162876784769963	-0.14875727128503438	0.4083553675304072	-0.2815970386039133	0.7566895822316235	0.43897408778424113	-0.32062400846113165	-0.022950819672131147	0.5046007403490217	-0.059492332099418295	0.0491274457958752	0.672607086197779	-0.33008989952406137	0.6120042305658382	-0.11025912215758858	0.7318350079323109	-0.048122686409307246	0.16398730830248545	0.1982548915917504	0.6759386567953464	0.35631940772078263	-0.17858276044420943	0.35753569539925967	0.02897937599153887	0.4698572184029614	0.024219989423585404	0.6169222633527234
CadR-PbrR	-0.03273400317292438	-0.0343204653622422	0.13892120571126387	0.08820729772607086	-0.054309888947646746	0.009941829719725013	-0.025753569539925966	1.0	0.1612374405076679	0.02083553675304072	0.05785298783712321	-0.000898995240613432	0.010999471179270227	0.017398202009518773	0.14500264410364885	-0.0837123215230037	0.09883659439450027	-0.04986779481755685	-0.13934426229508196	-0.39323109465891065	-0.10232681121099947	0.15029085140137494	0.04362771020624009	-0.12702273929138022	-0.042041248016922265	-0.25245901639344265	-0.03950290851401375	-0.18016922263352722	0.3264410364886304	0.1995769434161819	0.013379164463246959	-0.1110523532522475	-0.026441036488630356	0.09132734003172924	-0.06975145425700688	-0.17689053410893707	-0.03781068217874141	-0.006768905341089371	-0.20047593865679533	0.1280274986779482	-0.041618191433104176	-0.054151242728714966	0.08159703860391328	-0.05970386039132734	0.10343733474352194	-0.041353781068217875	0.019090428344791115	0.01713379164463247	-0.10306716023268112	0.14918032786885246	0.21755684822845056	-0.03204653622421999	0.08397673188789001	-0.11993654151242729	-0.010629296668429402	-0.03199365415124273	0.12041248016922264	0.003966155473294554	0.09941829719725014	0.18381808566895821	0.04357482813326283	-0.1774193548387097	-0.0970386039132734	0.01718667371760973	-0.05912215758857747	0.11459545214172395	-0.17017451084082497	-0.1636700158646219	-0.07080909571655208	0.054151242728714966	-0.015124272871496564	0.03622421998942359	0.09185616076150185	-0.0493918561607615	-0.0730830248545743	0.12406134320465362	0.054627181385510315	-0.03315705975674246	-0.008831306187202539	0.11998942358540454	-0.046589106292966684	0.16086726599682707	0.09180327868852459	-0.15468006345848756	-0.09005817028027499	0.01935483870967742	-0.05589635113696457	0.04341618191433104
CblR	-0.054627181385510315	0.11856160761501851	-0.034849286092014806	0.11147540983606558	-0.011369645690111053	-0.15753569539925966	0.22226335272342676	0.1612374405076679	1.0	0.03151771549444738	0.1425171866737176	-0.08778424114225278	-0.035589635113696456	-0.24188260179799048	-0.04500264410364886	0.1032258064516129	-0.13818085668958224	-0.07673188789000529	0.020306716023268112	-0.11972501322051825	-0.21438392384981492	-0.11819143310417768	-0.16520359598096246	-0.15806451612903225	-0.1150713907985193	-0.05727128503437335	0.029455314648334216	-0.1547858276044421	0.10100475938656796	0.17028027498677947	-0.13447911158117398	0.20803807509254363	0.11099947117927023	0.018984664198836595	0.02231623479640402	-0.1280274986779482	0.04611316763617134	0.12332099418297197	-0.14457958751983077	0.27858276044420943	-0.3262295081967213	-0.040507667900581704	0.09793759915388683	0.08016922263352723	-0.09444738233738763	0.4262295081967213	0.08619777895293496	-0.22094130089899525	0.0024854574299312533	0.22194606028556318	0.18455843469063987	0.010946589106292967	-0.06456901110523533	-0.19524061343204654	-0.11380222104706504	0.010364886303543099	-0.018826017979904814	0.14257006874669487	0.10655737704918032	-0.018244315177154944	-0.10555261766261237	0.053622421998942356	0.1192490745637229	0.006240084611316764	-0.2648863035430989	0.16372289793759914	0.00830248545742993	-0.0775251189846642	0.10512956107879429	0.3283447911158117	0.07630883130618721	0.0765732416710735	0.19698572184029614	-0.12030671602326812	0.1663670015864622	0.04045478582760444	0.09243786356425172	-0.03231094658910629	-0.11914331041776838	-0.06821787414066631	0.058011634056055	0.026969857218402962	-0.0780539397144368	0.08931782125859333	-0.028027498677948175	0.04452670544685352	-0.10386039132734003	0.09095716552088842
CcpA	-0.3226335272342676	0.12062400846113168	0.022739291380222106	0.07583289264939186	0.40867265996827074	-0.20861977789529348	0.36129032258064514	0.02083553675304072	0.03151771549444738	1.0	-0.20396615547329455	-0.28053939714436804	0.19455314648334215	-0.3220518244315177	0.15256478053939715	0.4670015864621893	-0.11940772078265469	-0.32215758857747223	-0.2673188789000529	-0.3353781068217874	0.07974616604970915	-0.43585404547858275	-0.14019037546271815	-0.08445267054468535	-0.2437334743521946	0.18646218931782127	0.052670544685351664	0.13913273400317291	0.2347435219460603	-0.06240084611316764	-0.1108937070333157	0.03675304071919619	0.14246430460074036	0.3120571126388154	0.4313061872025383	0.25473294553146486	0.42131147540983604	-0.13823373876255948	-0.017080909571655208	0.14701216287678476	-0.42088841882601796	-0.23400317292437864	0.4068217874140666	0.35029085140137495	0.39333685880486513	0.3644632469592808	0.4292437863564252	0.1527763088313062	-0.17181385510312006	0.14494976203067161	0.16308831306187202	-0.4309888947646748	0.06546800634584876	-0.23807509254362771	-0.2565309360126917	-0.14315177154944475	0.015071390798519302	0.4430460074034902	0.29656266525647806	-0.10877842411422528	-0.1130618720253834	-0.06583818085668958	0.10867265996827076	0.28514013749338973	-0.08328926493918562	0.13442622950819672	0.2637757800105764	-0.14685351665785298	-0.13320994182971974	0.20893707033315706	0.10386039132734003	0.12305658381808567	0.34436805922792174	-0.08112109994711793	0.32252776308831305	0.07260708619777895	0.3433104177683765	-0.033897408778424114	-0.1483342147012163	0.2650449497620307	0.3904812268640931	0.12956107879428874	-0.046007403490216814	0.1471179270227393	-0.1881544156530936	0.22067689053410894	-0.016710735060814386	0.32786885245901637
CsoR	0.030777366472765733	-0.02157588577472237	-0.05732416710735061	-0.08852459016393442	-0.054098360655737705	-0.011845584346906399	-0.06842940243257535	0.05785298783712321	0.1425171866737176	-0.20396615547329455	1.0	-0.05013220518244315	-0.054257006874669486	-0.08783712321523003	0.040137493389740875	-0.16398730830248545	0.201216287678477	-0.02141723955579059	-0.040983606557377046	0.09238498149127446	-0.15980962453728187	-0.11808566895822316	0.024325753569539928	-0.005922792173453199	-0.07773664727657324	0.042094130089899526	-0.07419354838709677	-0.027974616604970914	-0.16292966684294025	0.20021152829190905	0.027815970386039134	0.10312004230565838	-0.1884188260179799	0.00021152829190904283	-0.08662083553675304	-0.08059227921734533	-0.1202009518773136	-0.024854574299312534	0.1329984135378107	-0.23368588048651506	0.1908514013749339	0.12548915917503967	0.03855103120042306	-0.03791644632469593	-0.13373876255949232	-0.14674775251189848	-0.08360655737704918	0.2018508725542041	-0.06848228450555262	-0.03691168693812798	-0.052723426758328924	-0.03590692755156002	0.10396615547329455	0.2072448439978847	0.016657852987837122	-0.3277630883130619	-0.10042305658381809	-0.0842411422527763	0.004494976203067161	0.008831306187202539	0.07366472765732417	-0.02310946589106293	0.03833950290851401	-0.1224748810153358	-0.1804865150713908	0.09450026441036488	-0.1460602855631941	0.21988365943945	-0.06409307244843998	0.053252247488101534	0.12067689053410893	-0.074034902168165	0.00978318350079323	0.1570597567424643	0.052723426758328924	-0.06679005817028028	-0.020253833950290852	0.04632469592808038	0.10608143839238499	-0.2916446324695928	-0.06922263352723426	0.04325753569539926	0.03574828133262824	0.054891591750396616	0.02009518773135907	-0.06737176097303015	0.24272871496562665	0.03950290851401375
CueR	0.3795875198307774	-0.24584875727128502	0.11961924907456373	-0.2612374405076679	-0.46731887890005286	0.17165520888418825	-0.4954521417239556	-0.000898995240613432	-0.08778424114225278	-0.28053939714436804	-0.05013220518244315	1.0	-0.5587519830777367	0.46536224219989425	0.018244315177154944	-0.33167636171337916	-0.0790058170280275	0.44949762030671603	0.40264410364886305	0.08217874140666315	0.11232152300370174	0.2321523003701745	-0.02924378635642517	0.23336858804865152	0.29719725013220516	-0.2364886303543099	0.05600211528291909	-0.22400846113167636	-0.10782654680063458	0.21919619249074565	0.02903225806451613	-0.19846641988365943	-0.16805922792173453	-0.4161290322580645	-0.4278688524590164	-0.054680063458487575	-0.10137493389740877	0.3485986250661026	-0.08979375991538868	-0.059280803807509254	0.29471179270227393	0.1145425700687467	-0.441988365943945	-0.3559492332099418	-0.45230037017451086	-0.16023268112109995	-0.4327340031729244	-0.004019037546271814	-0.1881544156530936	-0.14140666314119513	-0.24812268640930724	0.3083553675304072	-0.07435219460602856	0.34970914859862506	0.4167107350608144	0.19910100475938658	-0.17054468535166578	-0.4068217874140666	-0.5404547858276044	0.40386039132734003	0.29159175039661556	0.10565838180856689	0.18402961396086726	-0.3371760973030143	0.3270227392913802	-0.4902168164992068	-0.3152829190904283	0.24447382337387624	-0.047382337387625595	-0.2814383923849815	-0.17831835007932312	-0.05668958223162348	-0.49333685880486516	0.23453199365415126	-0.30042305658381807	0.07905869910100476	-0.4780539397144368	-0.08905341089370704	-0.020941300898995242	-0.11078794288736118	-0.4510840824960338	-0.14812268640930726	0.12120571126388155	0.012109994711792702	-0.019725013220518246	-0.3787414066631412	-0.059333685880486514	-0.45367530407191964
CzrA	-0.5638286620835536	0.2959809624537282	-0.08947646747752512	0.45980962453728186	0.635695399259651	-0.34584875727128506	0.7112638815441565	0.010999471179270227	-0.035589635113696456	0.19455314648334215	-0.054257006874669486	-0.5587519830777367	1.0	-0.46456901110523535	-0.010047593865679535	0.5375462718138551	0.026546800634584877	-0.46197778952934954	-0.503648863035431	-0.4654151242728715	-0.16076150185087257	-0.3644632469592808	0.13717609730301428	-0.14717080909571656	-0.313379164463247	0.33691168693812795	-0.41840296139608674	0.38751983077736646	0.26282390269698575	-0.2293495505023797	0.29254362771020626	0.2562136435748281	0.24019037546271813	0.6557377049180327	0.5204653622421999	0.1500793231094659	-0.02622950819672131	-0.36144896879957694	0.2526176626123744	-0.13463775780010576	-0.4285034373347435	-0.3538339502908514	0.4635113696456901	0.588048651507139	0.5327868852459017	0.2185616076150185	0.6169222633527234	0.13114754098360656	0.04019037546271814	0.3037546271813855	0.353146483342147	-0.47572712850343735	0.2032258064516129	-0.3744050766790058	-0.6720782654680063	-0.020941300898995242	0.22734003172924377	0.6021152829190904	0.8122686409307245	-0.43870967741935485	-0.2953463775780011	0.002326811210999471	-0.21258593336858805	0.3759386567953464	-0.1243786356425172	0.7554204124801692	0.323320994182972	-0.23130618720253834	0.05790586991010047	0.22834479111581174	-0.13744050766790059	0.05621364357482813	0.6130618720253834	-0.42400846113167634	0.49063987308302487	-0.11269169751454257	0.6484399788471709	0.04378635642517187	0.06795346377578002	0.17070333157059756	0.596562665256478	0.37662612374405074	-0.08043363299841354	0.2180327868852459	0.11248016922263353	0.36546800634584875	-0.12295081967213115	0.6513484928609201
DasR	0.2635113696456901	-0.03823373876255949	0.14955050237969328	-0.20692755156002116	-0.42035959809624535	0.19000528820729773	-0.49418297197250133	0.017398202009518773	-0.24188260179799048	-0.3220518244315177	-0.08783712321523003	0.46536224219989425	-0.46456901110523535	1.0	0.10724484399788471	-0.3846641988365944	-0.020994182971972503	0.3085668958223162	0.2638815441565309	0.13595980962453727	0.09820200951877314	0.3490745637228979	0.040560549973558964	-0.013220518244315178	0.244420941300899	-0.2312004230565838	0.2072448439978847	-0.2599153886832364	-0.1504494976203067	-0.060021152829190905	-0.18926493918561607	-0.2573241671073506	-0.06261237440507668	-0.49090428344791115	-0.33558963511369644	-0.16842940243257537	-0.0873611845584347	0.2138551031200423	-0.016129032258064516	0.10565838180856689	0.32998413537810684	0.23172924378635643	-0.4250132205182443	-0.47540983606557374	-0.337123215230037	-0.20380750925436278	-0.4361713379164463	-0.05499735589635114	-0.10047593865679534	-0.35795875198307775	-0.19402432575356954	0.29925965097831836	-0.05044949762030672	0.2017451084082496	0.4367001586462189	0.2828662083553675	-0.1313590692755156	-0.4553146483342147	-0.4632469592808038	0.1224748810153358	0.2698572184029614	-0.027287149656266527	0.15193019566367003	-0.20544685351665784	0.1708090957165521	-0.45468006345848755	-0.2771020624008461	0.2164463246959281	-0.07017451084082496	-0.4242728714965627	-0.009201480698043364	-0.1425171866737176	-0.32559492332099416	0.3777895293495505	-0.43506081438392386	0.10206240084611316	-0.3607086197778953	-0.24219989423585406	-0.07102062400846113	-0.07297726070861978	-0.40687466948704387	-0.29481755684822847	0.060232681121099946	-0.13992596509783184	0.10528820729772607	-0.19899524061343205	-0.053410893707033315	-0.4712321523003702
ExuR_UxuR	0.035483870967741936	0.05748281332628239	-0.23617133791644632	-0.09423585404547859	-0.02088841882601798	0.1984135378106822	0.0162876784769963	0.14500264410364885	-0.04500264410364886	0.15256478053939715	0.040137493389740875	0.018244315177154944	-0.010047593865679535	0.10724484399788471	1.0	-0.01491274457958752	-0.012162876784769964	-0.04251718667371761	-0.06456901110523533	-0.22887361184558436	-0.010840824960338445	0.056795346377578	0.13670015864621893	0.09762030671602327	-0.018191433104177684	0.002326811210999471	0.0452141723955579	-0.2762030671602327	0.05721840296139609	0.06372289793759915	-0.03204653622421999	-0.17424643046007404	0.08365943945002643	0.1814383923849815	0.026969857218402962	-0.027974616604970914	-0.047435219460602855	-0.28085668958223164	-0.04701216287678477	0.020676890534108937	0.08249603384452671	-0.1553146483342147	-0.012215758857747224	-0.003807509254362771	0.10692755156002115	0.22982548915917503	0.024167107350608143	0.10766790058170281	0.21417239555790588	0.109941829719725	0.32252776308831305	0.023003701745108407	-0.23717609730301428	-0.21533580116340562	-0.05663670015864622	0.05023796932839767	0.08921205711263881	0.0165520888418826	0.18381808566895821	0.012480169222633527	-0.2098360655737705	-0.2701216287678477	0.14389212057112638	0.27112638815441564	0.1661025912215759	0.08365943945002643	0.06255949233209941	-0.013590692755156002	-0.07800105764145955	-0.08635642517186674	-0.16790058170280275	-0.03172924378635643	0.09164463246959281	-0.029666842940243257	0.02760444209413009	0.22390269698572185	0.09846641988365944	-0.01956636700158646	-0.0795346377578001	-0.16652564780539397	-0.0898995240613432	-0.03585404547858276	0.03574828133262824	-0.21533580116340562	-0.0028556319407720783	-0.10243257535695399	0.09941829719725014	-0.013907985193019567
FUR	-0.4660497091485986	0.5742993125330513	-0.13828662083553675	0.3348492860920148	0.825965097831835	-0.40497091485986253	0.6797990481226864	-0.0837123215230037	0.1032258064516129	0.4670015864621893	-0.16398730830248545	-0.33167636171337916	0.5375462718138551	-0.3846641988365944	-0.01491274457958752	1.0	-0.3210470650449498	-0.5812797461660497	-0.5023268112109994	-0.40380750925436276	-0.17371760973030143	-0.6750396615547329	-0.1236911686938128	-0.177683765203596	-0.6463775780010577	0.508937070333157	-0.16499206768905342	0.13384452670544686	0.2542570068746695	-0.3356425171866737	0.23421470121628768	0.1794288736118456	0.3656795346377578	0.687202538339503	0.8995769434161819	0.13410893707033317	0.41364357482813324	-0.4589635113696457	0.009518773135906928	0.03913273400317292	-0.6101533580116341	-0.3683765203595981	0.7820729772607086	0.8379693283976732	0.4090428344791116	0.3733474352194606	0.8958223162347964	-0.11570597567424643	-0.08006345848757271	0.21983077736647277	0.2054997355896351	-0.7488101533580116	0.09576943416181914	-0.2627710206240085	-0.5774193548387097	-0.26784769962982546	-0.07244843997884717	0.8343204653622422	0.7011105235325225	-0.5029613960867266	-0.1514013749338974	0.042781597038603916	-0.140772078265468	0.38228450555261767	-0.2130618720253834	0.6417239555790587	0.46118455843469064	-0.3783712321523004	-0.20576414595452142	0.4691168693812797	-0.025066102591221575	-0.0014278159703860391	0.7346377578001058	-0.18059227921734533	0.5063458487572713	-0.2108937070333157	0.770386039132734	0.0004759386567953464	0.17408778424114224	0.24849286092014808	0.8689582231623479	0.21311475409836064	-0.04447382337387626	0.2656795346377578	-0.06996298254891592	0.5442622950819672	-0.06673717609730301	0.8071919619249075
FabR	0.1267583289264939	-0.12511898466419882	0.10951877313590692	-0.016869381279746166	-0.2593336858804865	0.1323109465891063	-0.06599682707562136	0.09883659439450027	-0.13818085668958224	-0.11940772078265469	0.201216287678477	-0.0790058170280275	0.026546800634584877	-0.020994182971972503	-0.012162876784769964	-0.3210470650449498	1.0	0.06478053939714437	0.13320994182971974	0.07615018508725542	0.02083553675304072	0.20481226864093072	-0.01263881544156531	0.2817028027498678	0.26589106292966685	-0.3593865679534638	-0.11533580116340561	0.0006874669487043892	0.17361184558434692	0.20639873083024854	-0.33532522474881016	0.19317821258593337	-0.19386567953463776	-0.18397673188789002	-0.31311475409836065	-0.0511369645690111	-0.2676890534108937	0.06393442622950819	0.24658910629296668	-0.22617662612374406	0.1446853516657853	0.10978318350079323	-0.26092014806980435	-0.25822316234796405	-0.12231623479640402	-0.16938127974616604	-0.22966684294024325	0.09841353781068218	-0.1476467477525119	-0.018085668958223163	0.17726070861977788	0.24918032786885247	0.16774193548387098	0.1310946589106293	0.08455843469063987	0.11396086726599683	-0.017556848228450557	-0.28852459016393445	-0.10407191961924908	0.3032258064516129	-0.1694341618191433	-0.03061872025383395	-0.09592808038075093	-0.244420941300899	0.02617662612374405	0.047435219460602855	-0.324537281861449	0.10671602326811211	0.1121099947117927	0.13442622950819672	0.010206240084611316	-0.1490216816499207	-0.19777895293495504	0.01115811739820201	-0.05790586991010047	-0.05219460602855632	-0.20735060814383924	0.16488630354309888	-0.20936012691697514	0.08196721311475409	-0.2525647805393971	-0.0011634056054997356	-0.29603384452670545	0.040137493389740875	0.0503437334743522	-0.09048122686409307	-0.05372818614489688	-0.19751454257006876
FadP	0.5123215230037017	-0.44812268640930725	-0.03670015864621893	-0.3356425171866737	-0.6383923849814913	0.3608143839238498	-0.6032786885245902	-0.04986779481755685	-0.07673188789000529	-0.32215758857747223	-0.02141723955579059	0.44949762030671603	-0.46197778952934954	0.3085668958223162	-0.04251718667371761	-0.5812797461660497	0.06478053939714437	1.0	0.527181385510312	0.2234267583289265	0.16901110523532523	0.47625594923320996	-0.016181914331041776	0.2338974087784241	0.4234267583289265	-0.3786356425171867	0.2702273929138022	-0.2897937599153887	-0.2526176626123744	0.28741406663141195	-0.12887361184558435	-0.10428344791115812	-0.34283447911158116	-0.5080380750925436	-0.6229508196721312	-0.04352194606028556	-0.1294553146483342	0.3375462718138551	-0.1406663141195135	-0.07223691168693813	0.4931253305129561	0.32157588577472235	-0.6587519830777366	-0.6535695399259651	-0.4763088313061872	-0.1471179270227393	-0.6493389740877843	0.12104706504494976	-0.004177683765203596	-0.42760444209413007	-0.04965626652564781	0.43907985193019566	-0.28984664198836596	0.26858804865150715	0.4104706504494976	0.33818085668958225	0.1539925965097832	-0.738339502908514	-0.541195134849286	0.32686409307244846	0.23199365415124273	-0.1612374405076679	0.09545214172395558	-0.40248545742993125	0.18164992067689054	-0.5420941300898995	-0.3425171866737176	0.2511369645690111	0.3226335272342676	-0.4397144368059228	-0.10084611316763617	0.024008461131676363	-0.5586991010047594	0.14357482813326283	-0.5063458487572713	0.13437334743521945	-0.7008989952406134	0.07704918032786885	-0.003807509254362771	-0.1343204653622422	-0.6588577472236912	-0.3309888947646748	-0.003437334743521946	-0.26409307244844	0.054680063458487575	-0.4608143839238498	-0.02152300370174511	-0.5969328397673189
FadR	0.38064516129032255	-0.4995769434161819	-0.011581173982020096	-0.3457958751983078	-0.4948175568482284	0.2524061343204654	-0.3971443680592279	-0.13934426229508196	0.020306716023268112	-0.2673188789000529	-0.040983606557377046	0.40264410364886305	-0.503648863035431	0.2638815441565309	-0.06456901110523533	-0.5023268112109994	0.13320994182971974	0.527181385510312	1.0	0.25483870967741934	0.07567424643046007	0.43934426229508194	-0.4067689053410894	0.314806980433633	0.42776308831306187	-0.5059227921734532	0.14870438921205711	-0.2823373876255949	-0.3234267583289265	0.3947646747752512	-0.3287149656266526	0.03146483342147012	-0.41205711263881545	-0.5151242728714965	-0.564304600740349	-0.05298783712321523	-0.059333685880486514	0.5605499735589635	-0.09264939185616076	0.0668958223162348	0.2821258593336859	0.3775251189846642	-0.6510840824960339	-0.6023796932839768	-0.5019037546271814	-0.08249603384452671	-0.6259122157588577	-0.07408778424114225	-0.2032258064516129	-0.24087784241142252	0.004019037546271814	0.3978318350079323	-0.19423585404547858	0.4094130089899524	0.5319936541512428	0.33421470121628766	-0.11718667371760973	-0.6440507667900581	-0.5891591750396615	0.562083553675304	-0.01840296139608673	0.1880486515071391	0.170386039132734	-0.5984135378106822	-0.11819143310417768	-0.5806451612903226	-0.20661025912215758	0.2916975145425701	0.3450555261766261	-0.15489159175039663	0.03722897937599154	-0.13532522474881015	-0.5073506081438393	0.28704389212057113	-0.2985193019566367	-0.08228450555261767	-0.6181914331041777	0.19836065573770492	-0.2646747752511898	-0.019037546271813855	-0.5654151242728715	-0.20994182971972503	-0.10132205182443152	-0.08915917503966156	0.16774193548387098	-0.40502379693283974	-0.0997355896351137	-0.6569539925965098
FixJ	0.31216287678476995	-0.306081438392385	-0.06557377049180328	-0.30211528291909046	-0.3087784241142253	0.32998413537810684	-0.37948175568482284	-0.39323109465891065	-0.11972501322051825	-0.3353781068217874	0.09238498149127446	0.08217874140666315	-0.4654151242728715	0.13595980962453727	-0.22887361184558436	-0.40380750925436276	0.07615018508725542	0.2234267583289265	0.25483870967741934	1.0	0.010523532522474881	0.21390798519301957	-0.061396086726599686	0.041882601797990485	0.16758328926493918	-0.1402432575356954	0.1337916446324696	0.04235854045478583	-0.4900052882072977	-0.07784241142252776	-0.15542041248016922	-0.17704918032786884	-0.3230037017451084	-0.3980962453728186	-0.31406663141195135	-0.0014806980433632998	0.07271285034373347	0.23056583818085669	0.028080380750925435	-0.1044420941300899	0.31078794288736117	0.4026969857218403	-0.23003701745108407	-0.3325753569539926	-0.3625066102591222	-0.27398202009518774	-0.3896351136964569	-0.2836065573770492	0.21136964569011105	-0.20460074034902168	-0.4509254362771021	0.40232681121099945	-0.04695928080380751	0.42104706504494976	0.2748281332628239	-0.19249074563722898	-0.04949762030671603	-0.4064516129032258	-0.5104177683765203	0.04918032786885246	0.020306716023268112	-0.027868852459016394	0.11797990481226864	-0.20624008461131677	-0.0506081438392385	-0.3920676890534109	-0.24717080909571656	0.19635113696456902	-0.19576943416181913	-0.1854574299312533	0.20095187731359068	-0.05774722369116869	-0.4025912215758858	0.16208355367530408	-0.186409307244844	0.08202009518773136	-0.37028027498677946	0.01718667371760973	0.05563194077207827	-0.09793759915388683	-0.291274457958752	-0.3053939714436806	-0.15563194077207826	-0.2919090428344791	0.003807509254362771	-0.2231623479640402	0.22226335272342676	-0.35912215758857746
FnrN_FixK	-0.025806451612903226	-0.15684822845055527	-0.06435748281332629	0.035166578529878374	-0.15129561078794287	0.0733474352194606	-0.16134320465362242	-0.10232681121099947	-0.21438392384981492	0.07974616604970915	-0.15980962453728187	0.11232152300370174	-0.16076150185087257	0.09820200951877314	-0.010840824960338445	-0.17371760973030143	0.02083553675304072	0.16901110523532523	0.07567424643046007	0.010523532522474881	1.0	0.00814383923849815	-0.1978318350079323	-0.05023796932839767	0.08038075092543628	0.0709148598625066	0.3145425700687467	-0.00015864621893178213	-0.1192490745637229	0.041935483870967745	-0.23796932839767318	-0.1873611845584347	-0.15494447382337387	-0.2590692755156002	-0.0031729243786356425	0.0313590692755156	-0.10581702802749868	-0.07461660497091487	-0.1390269698572184	-0.003595980962453728	0.10274986779481755	-0.1327340031729244	-0.04383923849814913	-0.0390269698572184	-0.05293495505023797	-0.1842411422527763	-0.14394500264410365	0.1316234796404019	-0.000898995240613432	-0.16499206768905342	0.020042305658381807	0.28429402432575357	0.05013220518244315	0.11173982020095188	0.19386567953463776	-0.10037017451084082	-0.010999471179270227	-0.03881544156530936	-0.13643574828133262	0.2953463775780011	0.18958223162347965	0.002009518773135907	-0.03691168693812798	-0.0022210470650449498	0.19360126916975146	-0.2402432575356954	0.02924378635642517	-0.1017451084082496	0.1711792702273929	-0.05774722369116869	-0.01263881544156531	0.1943416181914331	-0.021047065044949763	0.015230037017451084	-0.30137493389740877	-0.08810153358011634	-0.10354309888947646	-0.07049180327868852	-0.16641988365943944	-0.18725542041248017	-0.08646218931782126	-0.26118455843469063	0.04325753569539926	0.10936012691697515	-0.26023268112109993	-0.04611316763617134	-0.06679005817028028	-0.08720253833950291
FruR	0.3695399259650978	-0.39254362771020623	-0.00671602326811211	-0.2686409307244844	-0.6334214701216287	0.2533580116340561	-0.4661025912215759	0.15029085140137494	-0.11819143310417768	-0.43585404547858275	-0.11808566895822316	0.2321523003701745	-0.3644632469592808	0.3490745637228979	0.056795346377578	-0.6750396615547329	0.20481226864093072	0.47625594923320996	0.43934426229508194	0.21390798519301957	0.00814383923849815	1.0	-0.042147012162876786	0.2347435219460603	0.6011105235325225	-0.4593336858804865	0.06800634584875727	-0.27054468535166576	-0.097567424643046	0.21554732945531466	-0.18857747223691168	-0.1022739291380222	-0.3818614489687996	-0.4683765203595981	-0.6774193548387096	-0.0792702273929138	-0.33088313061872027	0.29386567953463777	0.03151771549444738	-0.015441565309360127	0.39941829719725014	0.20671602326811211	-0.7093072448439979	-0.6476467477525119	-0.35457429931253304	-0.18588048651507139	-0.6231623479640402	0.007350608143839239	0.06673717609730301	-0.14997355896351136	-0.11374933897408779	0.5995240613432047	-0.137123215230037	0.09169751454257007	0.5179799048122686	0.3870967741935484	0.09079851930195663	-0.6326282390269699	-0.469169751454257	0.379111581173982	0.161660497091486	0.005023796932839768	0.13907985193019567	-0.25864621893178213	0.012533051295610787	-0.39280803807509257	-0.42792173453199367	0.1690639873083025	0.2796932839767319	-0.38291909042834477	0.10930724484399788	0.07117927022739291	-0.6037546271813855	0.28603913273400317	-0.38429402432575355	-0.003120042305658382	-0.6289793759915389	-0.10803807509254362	-0.1474881015335801	0.0014278159703860391	-0.6597038603913273	-0.18820729772607087	-0.09767318878900053	-0.33923849814912743	0.2717080909571655	-0.323320994182972	0.03987308302485457	-0.6573770491803279
