	ModE	PhrR	BirA	XylR	NadQ	RbkR	Zur	ArgR	NrtR	Phr	MntR	ThiR	NsrR	KdgR	NagC	FUR	SahR_SamR	AraR	CzrA	AgaR	Irr	SiaR	IscR	GulR	MetR	NiaR	HutC	PhnF	CcpA	HexR	HypR	Rex	NagR	NrdR	NarP	TrpR	PsrA	HisR	TyrR	QorR	CsoR	ZntR	FixJ	PdxR	PhnR	GlcC	DasR	FadR	RutR	FnrN_FixK	HcpR	NmlR	LiuR	PurR	HrcA	GntR	NtrC	BioQ	NnrR	RbsR	CueR	MerR	FadP	AcnR	NifA	FruR	PaaR	VanR	LldR	PdhR	GguR	MetJ	LiuQ	NagQ	NikR	FabR	SdaR	SoxR	LexA	LtbR	TtrR	AmtR	PrpR	CblR	ExuR_UxuR	PhsR	CadR-PbrR	NorR
ModE	1.0	0.8262257162855593	0.8471615113266058	0.8200838080757981	0.7987169206094628	0.848137263536534	0.8621848505778029	0.8907968720304453	0.8808377099257872	0.8723572411938942	0.8455321673751107	0.8480283315796061	0.8778687346742008	0.7860251887767636	0.8184382402158243	0.8109520653035494	0.8364073777064955	0.8277252689692256	0.8859181109808048	0.5419666158317534	0.6922857632885399	0.6222633742948394	0.6819743105997748	0.6772740125433989	0.7099072455975266	0.703239219212816	0.7834224103165516	0.820234458654528	0.6611034111926427	0.6753132373186979	0.5638410798633483	0.5056412847481354	0.42965545053793847	0.4169382239919159	0.39827145843666417	0.5361978575170003	0.4109214716475611	0.6093491431458622	0.6176743258966028	-0.4324204680829366	-0.4695152759686832	-0.5262456485159759	-0.6499181851472435	-0.6597521913864952	-0.641472481933519	-0.725616624407248	-0.6561388951981866	-0.6345240137022495	-0.5081838029768554	-0.5309760766880977	-0.5047767821963464	-0.667738989760396	-0.6920122745456146	-0.6218415526743954	-0.6256518534656587	-0.6891475958485336	-0.6941932313853827	-0.7601503724545846	-0.8163337675160269	-0.842449624764174	-0.8341429836231232	-0.8626762032345838	-0.8476899472027664	-0.848730595046609	-0.8444892018300568	-0.8193143312736695	-0.7868340664994832	0.1246900074629979	-0.0033282189393272175	0.045797775933917706	-0.048439955314720645	0.08353458705517519	0.07443529209988366	0.2582637636686429	0.15224052176089667	-0.12996973082218133	-0.051102994006424665	-0.07247683457639376	-0.3706212829866825	-0.441839605805378	-0.3961113609077972	-0.2922876174495089	-0.20922120603900227	-0.14920433317418452	-0.17753823048147924	-0.08119602653304346	-0.05542318906415861	-0.03820266906471485
PhrR	0.8262257162855593	1.0	0.846259925555437	0.7760312611539371	0.7254080312982372	0.8043721115648655	0.8472889848932235	0.8635685182009076	0.8597790767205455	0.8611187080206368	0.8319458028748766	0.8200907611794318	0.8334662148694439	0.7805878617352165	0.8195970908214396	0.7725825217516259	0.7909479861494175	0.8233170012654648	0.8424171769472166	0.5281345750031289	0.6510051870153107	0.6157645400985486	0.620038381132058	0.6181007829194691	0.6582897219222087	0.6747917545461709	0.7558000472811047	0.7654555905270916	0.6182931521200012	0.7068223852853786	0.5074444562904729	0.4968015723285017	0.35843481001803174	0.42591699848422343	0.36502403456156046	0.5373219426044472	0.4328307011973244	0.6164528973582841	0.6252485734549045	-0.4323323954369099	-0.47381229401430486	-0.4723034705257937	-0.630970977745433	-0.7036911709490059	-0.6580440455938182	-0.7624588028609703	-0.6839397212268983	-0.6525835415401589	-0.5842136735100658	-0.62188790669862	-0.4606941051587394	-0.5532468676268131	-0.591913076933774	-0.5452647046553346	-0.6518071116343965	-0.663126764350047	-0.6886400192832741	-0.7418590744955523	-0.7770533673880898	-0.7666098057302845	-0.7931706616109877	-0.7700585451325956	-0.7768007379560656	-0.7857795124483732	-0.8051346352633604	-0.8336562663687648	-0.7834525404322976	0.06387584538151679	-0.10180734340451766	-0.08523346204300726	-0.0772443459678952	0.08394018476714056	0.0005284358761605889	0.24121011815640775	0.14850438740839286	-0.05494342491343386	-0.0009178096796473386	-0.07989579615354307	-0.3163615799305617	-0.44430100449170495	-0.3952468583560082	-0.34068585414242736	-0.22635365339241925	-0.3007286852608109	-0.2250557407141301	-0.06723419443659001	-0.09924396586489656	-0.08110563618580548
BirA	0.8471615113266058	0.846259925555437	1.0	0.8562584885806861	0.7933189944885065	0.8842146005905502	0.8814889839661431	0.9475295622789492	0.9538499334819752	0.9543111560230101	0.9307146399914709	0.9421270007555705	0.9234764591087975	0.9143099508183803	0.9305106822848825	0.860105872591329	0.8709156310405087	0.8141852584932161	0.8905187478850977	0.5600330967732964	0.7109409403377355	0.6296568411586652	0.6714751241128999	0.6645081142719406	0.736057868363842	0.6256796658801934	0.6866838794609954	0.7294871854300031	0.7171361556753549	0.6382949135729218	0.4510802805345546	0.5795759533863932	0.3354130838868776	0.31266252879743756	0.3551738044138302	0.45297847782655254	0.5601489818338579	0.6495218582401231	0.6556962142668415	-0.42333971473733495	-0.6057451177623986	-0.5864803852946494	-0.7375296086329735	-0.7303841357987494	-0.7592070680616138	-0.786701957530443	-0.7377613787540965	-0.7580551705596321	-0.5411739620175126	-0.6199410376811862	-0.596163740955171	-0.5594606245741224	-0.6225762639583555	-0.5644691768915918	-0.6383505384019914	-0.6943253403544228	-0.6619192420189959	-0.7195210702217113	-0.773790044082677	-0.7614621913401411	-0.8432121484626688	-0.8754281952987749	-0.8190199832198433	-0.8290440409584158	-0.8059411952848686	-0.8423939999351043	-0.8125837269562557	0.017097681835248527	-0.004533423569167157	-0.09190148842771785	-0.15079891160751122	0.0038334778033755	0.05567581849618274	0.1252717504670168	0.0984536297518669	-0.13581497327690503	0.031085008645025516	0.045684208574567405	-0.253069795254275	-0.5625107193681019	-0.5061280020024939	-0.326805141588367	-0.30641632403317093	-0.3052088017021198	-0.20742730530150974	-0.11420704488460166	-0.2625885941287993	-0.17176715446551494
XylR	0.8200838080757981	0.7760312611539371	0.8562584885806861	1.0	0.7719428362173262	0.8191822223046293	0.8557601828202716	0.8793821935651344	0.8651978621524028	0.8643449481066698	0.8681691551052004	0.8684727739638717	0.8616146960798402	0.8506264746373956	0.856508800311499	0.8444196707937199	0.8498685863413232	0.7891285906986015	0.8304972396178574	0.6425038589725167	0.6869295557893859	0.6548317117150525	0.7156157436807876	0.7034825778399951	0.7526595621398872	0.6091081022198942	0.6696255985463379	0.6850174522901206	0.7070332960956005	0.547800269780421	0.46333396683833106	0.5219045941473409	0.36318609750105457	0.2661578539940945	0.3552734655659131	0.3712447446125035	0.4549438884536761	0.5651992527731295	0.5382675646986294	-0.43759125948519223	-0.6017308592645471	-0.5507507034223176	-0.6494268324904626	-0.6957576797029634	-0.6543009581376807	-0.7216417668299874	-0.6437368760168914	-0.5972136596038585	-0.47535356531977324	-0.5203053803115918	-0.4580611965827813	-0.614320612243952	-0.6488450894864438	-0.603448275862069	-0.6360397902943944	-0.6807181165432877	-0.6803959560749266	-0.6908789186533228	-0.7925217052718432	-0.7454051573487352	-0.8175297013410219	-0.8540149538082149	-0.8275468059759608	-0.8105534206952176	-0.8094733719307842	-0.7689900848742184	-0.7594063903657796	0.06321761823752729	0.01849525566562061	0.0077874760697349945	-0.07008728462761495	0.011852723994233559	0.08281146427727124	0.04721620907519086	0.0933338277762584	-0.2036193222114578	0.012288451821944922	0.029687434814653434	-0.2730854629144629	-0.4454923029142775	-0.4143563048426049	-0.27445754203151146	-0.2641854902633372	-0.1420797196508615	-0.15565913104746187	-0.1890572055012956	-0.156604753141644	-0.16039883002442856
NadQ	0.7987169206094628	0.7254080312982372	0.7933189944885065	0.7719428362173262	1.0	0.850077179450334	0.8485243196388095	0.8569097626210419	0.8422757971733316	0.8429803783415457	0.8401087465408309	0.8328659302557352	0.8626344846127817	0.7936272487496002	0.8311044773351999	0.8481511697438013	0.8491570520694754	0.7933259475921403	0.8291923738359346	0.6445156236238649	0.7367601318308449	0.6975353565319773	0.7587041268987768	0.7538369543551924	0.8167231413195136	0.5591500526118175	0.6387260059982107	0.6620652571953034	0.5467804812474795	0.5788389244012219	0.5080447409041816	0.6278212217993705	0.4024108727999221	0.31715423374480256	0.2562960353403081	0.2946284956728518	0.3512151707450482	0.4689543922755654	0.47355502917985826	-0.4961502982881459	-0.5648237851769101	-0.4577784370350112	-0.6804538986052074	-0.5597317956158364	-0.6316199340845775	-0.6210303572504647	-0.5798772545438532	-0.5602046066629275	-0.42242190505768756	-0.5180548924354867	-0.5077248981370318	-0.5809758449179766	-0.7328478521862876	-0.6863570835902119	-0.6323940462891285	-0.7285601049455108	-0.7070634262113465	-0.721799370512351	-0.7863728439584482	-0.7979149959903769	-0.8182226940031799	-0.7998896774223454	-0.8138515095187989	-0.8226402325117855	-0.8139905715914727	-0.7315035854837738	-0.6980591570057154	0.2329498310395817	0.22547524463336285	0.09133596933217757	-0.0930325266187984	-0.034631091498208415	0.09620082417455071	0.11071890456169953	0.13190732903477015	-0.3392975511169002	-0.09104857438198498	-0.07727215838242997	-0.4130653452679494	-0.3225799722802935	-0.40921100815367284	-0.24818639880221202	-0.2923849609003806	-0.06054762644218958	-0.06019533585808252	-0.13557625005214827	-0.10822737575962657	-0.1377178059713254
RbkR	0.848137263536534	0.8043721115648655	0.8842146005905502	0.8191822223046293	0.850077179450334	1.0	0.934585201014226	0.9295604247882779	0.9315420593238802	0.910026838980026	0.9365436585377159	0.9102609268023604	0.9307609940156955	0.9137977388506984	0.9146089342746291	0.9182199127617264	0.913171959523666	0.8562306761661513	0.881368463503159	0.6838377423736042	0.7653628824786424	0.7235515526280414	0.7959750800765768	0.787877032044537	0.8731614835141913	0.6534967158173837	0.735765838011227	0.7493707441211509	0.6746364685650185	0.6005673732565092	0.4883002442857077	0.5865939526539996	0.4452512619883095	0.39915450259814306	0.33952932123802326	0.40554904023992844	0.4076187474215574	0.5188660878594176	0.6002197180748247	-0.4777245736588622	-0.5652270651876643	-0.5660475314164399	-0.712554060380752	-0.6809035326401861	-0.6967403850165252	-0.7436807876475796	-0.6563057696853952	-0.6482494402751575	-0.49236317450899497	-0.5894238658329123	-0.5009572106002382	-0.670079867983739	-0.76609295836018	-0.717398055912224	-0.6900839471378708	-0.798911607511206	-0.7864261510863065	-0.7768864929008812	-0.8634688570488247	-0.8414020238166976	-0.8483597628528121	-0.8756483769138418	-0.8713258641548967	-0.8683082171778743	-0.8524528231918455	-0.8305111458251249	-0.7932216510376349	0.15945320793024648	0.1464509041352425	0.07464388520889441	-0.0925249500535389	-0.05959041584195132	0.0900751398732681	0.11941723720744817	0.10650995916210466	-0.33743411934307077	-0.11026695282550955	-0.055601652057423366	-0.3258896496099309	-0.4132832091818051	-0.40747041454403865	-0.2507428232381994	-0.280592497137639	-0.12761031098914852	-0.07521635740806838	-0.11492784996129439	-0.11569269136100051	-0.14749155197908506
Zur	0.8621848505778029	0.8472889848932235	0.8814889839661431	0.8557601828202716	0.8485243196388095	0.934585201014226	1.0	0.9521742355062555	0.9444354311619563	0.9368889960181893	0.9456035525724166	0.9374800098270532	0.9457495677487241	0.9218424797548799	0.9384603974394037	0.9501439292452174	0.944261603571114	0.892593090469149	0.9077554917930201	0.7286435421891152	0.7755955333262257	0.7660581928420116	0.8410265562204783	0.827880554950378	0.8884699000143698	0.6820113938191544	0.7490068650309877	0.760384460276919	0.6880096045538193	0.6279255183538759	0.5171486712618956	0.5598245036642856	0.495598685399873	0.3849423587708767	0.3217780476612077	0.3981602087785251	0.3872577422808961	0.5241991183464593	0.5266999179533771	-0.5138946187613278	-0.5804589975478721	-0.5460388168598856	-0.6914513908524968	-0.698135641145686	-0.6869086964784847	-0.7380487737042891	-0.6777398704868564	-0.6099308861498811	-0.5060978718867478	-0.5765907542263281	-0.4717124567169299	-0.669929217405009	-0.801282615850295	-0.7443204731818793	-0.7445221131872564	-0.8098812873439608	-0.8346621486944389	-0.8084141824772517	-0.9027585279816067	-0.8631768266962097	-0.8880643023024044	-0.8830395260764563	-0.8984985931553647	-0.8776392822542889	-0.8774075121331658	-0.8345462636338774	-0.8054591134329326	0.16855018518432677	0.11770677371355995	0.05353658027821685	-0.05533511641813184	-0.027316426475564475	0.10380288414738725	0.11546092123987745	0.1087279992212524	-0.33605740482359975	-0.15346658570163768	-0.07302381206224419	-0.3356286300995221	-0.42204411976025696	-0.3584487162252991	-0.27903036652126956	-0.29361797794475525	-0.10342509884995665	-0.13047730738744084	-0.13315656998762349	-0.14480070087284627	-0.16734729825569808
ArgR	0.8907968720304453	0.8635685182009076	0.9475295622789492	0.8793821935651344	0.8569097626210419	0.9295604247882779	0.9521742355062555	1.0	0.9783016812604586	0.9717356337290421	0.9628263902730716	0.9697702231019186	0.9735666176859143	0.9352434281582156	0.9598203318021054	0.9346338727396619	0.9447714978375847	0.8798944055328163	0.9457750624620477	0.6757350589391418	0.772443459678952	0.7296980962402251	0.7813573385373451	0.779215782618168	0.8424357185569065	0.6597753683986075	0.7529678164009809	0.7963204175570502	0.6787179403979956	0.6429140920869045	0.5193597582174097	0.5960872568152004	0.43419119180831683	0.3810254437238969	0.3312504925115074	0.44152671614186184	0.4517918148064024	0.5867654625436307	0.5943860641261571	-0.49740881004584414	-0.6142673051160936	-0.5704581168214119	-0.7323008747004371	-0.7517093046432826	-0.7626673959699811	-0.7845256360930974	-0.7341944365900126	-0.7121762750833214	-0.5475267810374957	-0.6198042933097236	-0.5737399817365144	-0.6081277146075437	-0.7381275755454709	-0.6871798675201988	-0.7250881885310874	-0.7877843239960877	-0.7733380923464871	-0.8107133420787925	-0.8638814078644238	-0.8360852172381346	-0.8980953131446107	-0.900781528848427	-0.875961266577358	-0.8774121475355883	-0.857503094131117	-0.8749762435625849	-0.8339112135020001	0.11422326879308027	0.05547881389322814	-0.0087632282796631	-0.07367045070017754	-0.009080753345601699	0.053089263944449336	0.10332311999666251	0.1354348702782632	-0.2280200805632941	-0.0484283668086645	-0.04725560999578178	-0.30943165330898204	-0.47644520259026285	-0.44417121322387604	-0.3164172047596312	-0.3382059138464106	-0.21597266966731718	-0.18980814069373433	-0.13588682201445318	-0.1769217219592919	-0.19250826260481804
NrtR	0.8808377099257872	0.8597790767205455	0.9538499334819752	0.8651978621524028	0.8422757971733316	0.9315420593238802	0.9444354311619563	0.9783016812604586	1.0	0.9811060997260477	0.9755158044045594	0.9677329637372468	0.9670677834896236	0.9470219857136898	0.9690679596349157	0.9277804302580529	0.9266934283899857	0.871400030593656	0.9152184896931828	0.6530354932763488	0.7750091549197844	0.717669226953938	0.7725570270383023	0.7689738609657397	0.8387459382286273	0.6572421209747324	0.7466845284173346	0.7766987591027715	0.6836639147827619	0.6614951026973407	0.5036225669931536	0.5998396150761829	0.4058990131228243	0.37453588033245105	0.34710588649753626	0.4616188679420204	0.48037370614329883	0.6204532496488683	0.6234639435222569	-0.4897696668536279	-0.6066096203141875	-0.5732486290797335	-0.7349847727030422	-0.757350589391418	-0.753783647227334	-0.7999638438611048	-0.7588061057520709	-0.736078727674743	-0.5786002011764652	-0.6311633469459651	-0.552231714496294	-0.6244002948115941	-0.7266109182268659	-0.6688120854211959	-0.704435153037811	-0.7877217460633845	-0.7612327389202294	-0.776613004157956	-0.8566061437623708	-0.8327060088721603	-0.8910170536455122	-0.8977036216399127	-0.8707904751751023	-0.8737339557133652	-0.8485637205594003	-0.8797275310456077	-0.8206284678604373	0.08604697516814923	0.04915380728777969	-0.06137272807338769	-0.07904519980902142	-0.012833111606584126	0.10588417983507238	0.12906582734980138	0.10368699908682573	-0.24092272320621516	-0.04748738011690485	-0.016914583439561304	-0.2798299734391441	-0.502039577065883	-0.4598805920335974	-0.3279941223097283	-0.32598235765838013	-0.2341758949803227	-0.17235816827437875	-0.13192355294324876	-0.1667980030686364	-0.1903667066856409
Phr	0.8723572411938942	0.8611187080206368	0.9543111560230101	0.8643449481066698	0.8429803783415457	0.910026838980026	0.9368889960181893	0.9717356337290421	0.9811060997260477	1.0	0.9653457314896793	0.9641451622622618	0.9647269052662807	0.9350047049334588	0.9659645577130779	0.9128729760674172	0.9177447840134241	0.8562190876600952	0.9172348897469533	0.6407539945580376	0.7529098738707001	0.7033017971455192	0.7715071083896149	0.7573899903120089	0.8227097635481224	0.6570010800487645	0.7319022300921054	0.7753197268820893	0.6754036276659359	0.6675350320538077	0.49828721880490057	0.6028897098701623	0.38726005998210733	0.3561171088068011	0.3528792802147118	0.47197203925258774	0.5034209269877764	0.612100254483593	0.6261941955490866	-0.4744751565607168	-0.6025165599751543	-0.5555483449295651	-0.7424639945116835	-0.74168524690471	-0.7516165965948334	-0.7987516861276311	-0.7550166642717088	-0.7473566617685914	-0.5837269562557074	-0.6561041296800182	-0.5752140397068571	-0.5892778506566048	-0.7122620300281369	-0.6538582772063357	-0.705549967320413	-0.7663015514691908	-0.7593646717439775	-0.7728536927933398	-0.8501722051999945	-0.8244920757795589	-0.8928063189805823	-0.887688834706185	-0.8564763524945418	-0.8579388219588283	-0.8452563609309742	-0.8670450700177535	-0.8050002085931091	0.08868220144531848	0.049427296030704906	-0.06003077907208514	-0.08776670946688236	-0.033780495153686765	0.09350997306831192	0.1016659636306326	0.12398310859357255	-0.21648024623257667	-0.056774408870306076	-0.02218271829268858	-0.2807060644969893	-0.5167430735499302	-0.4470915167500267	-0.346751278212218	-0.3229554398765129	-0.22964015370994434	-0.19917860669073986	-0.13195136535778354	-0.17489141569825384	-0.20794415267161417
MntR	0.8455321673751107	0.8319458028748766	0.9307146399914709	0.8681691551052004	0.8401087465408309	0.9365436585377159	0.9456035525724166	0.9628263902730716	0.9755158044045594	0.9653457314896793	1.0	0.9670840073981023	0.9532403780634215	0.955585891689187	0.966970440038752	0.9411558839480649	0.9367313923358256	0.8735601281225229	0.8894479699255091	0.6873884606292096	0.7777880786720499	0.7235700942377312	0.8115199021003008	0.791576083177661	0.8748928063189806	0.6227245968358743	0.7212802054410353	0.7275078685956121	0.6992272784161757	0.615477145148356	0.46308365510751814	0.6188563535143303	0.42816748636032836	0.36909623558969273	0.3558482554662983	0.41232368088035565	0.46054345458000934	0.5717189462803213	0.5887146492622757	-0.4882191247433146	-0.6271096875275227	-0.562411058216019	-0.7370985162076845	-0.7231691319281883	-0.7298765592334898	-0.7743949640988083	-0.7190227644612968	-0.674390792236628	-0.510821346955236	-0.6027715071083897	-0.5373080363971798	-0.6391941816428793	-0.7467053877282356	-0.697361528941135	-0.696135465000394	-0.7808289026611845	-0.7684778729065364	-0.7691384177517371	-0.8678145468198821	-0.821620443978844	-0.870776568967835	-0.8991475494945094	-0.8767678265988662	-0.8834312175811543	-0.8563257019158118	-0.862196439083859	-0.8098302979173136	0.11796403854800655	0.10829690679596349	-0.009949891299813194	-0.1152384219235993	-0.02389086408536557	0.11127283515118365	0.09728550834140666	0.08975529710611826	-0.3033615938367689	-0.06534063254701457	-0.010211791536682257	-0.30994618297787524	-0.47900162702625027	-0.4251243446699825	-0.3139975246951064	-0.31985435565588627	-0.16659636306325934	-0.1407864423749948	-0.1439176567113674	-0.16277215606472875	-0.20942979914801305
ThiR	0.8480283315796061	0.8200907611794318	0.9421270007555705	0.8684727739638717	0.8328659302557352	0.9102609268023604	0.9374800098270532	0.9697702231019186	0.9677329637372468	0.9641451622622618	0.9670840073981023	1.0	0.960670928146627	0.9550365965021254	0.9683911908812364	0.9272821244976382	0.9338342658217873	0.8611024841121582	0.9051249009182732	0.6717138473376566	0.7530211235288392	0.7127788773982413	0.7848640204699371	0.764927154650931	0.8388942711061461	0.6360374725931832	0.7111495334467461	0.7476579629260515	0.6904964979534698	0.5994641474799635	0.48558158076493413	0.581694332293458	0.42336984485308093	0.3497527012807617	0.3219449221484163	0.40194269715525355	0.47430364667108577	0.576859607566831	0.5687337471202563	-0.47915691300740276	-0.6145848301820322	-0.566077661532186	-0.7356545883530878	-0.7410131135534531	-0.7348596168376358	-0.7530512536445851	-0.7094784708734488	-0.709751959616374	-0.5313515442843171	-0.6086955514042952	-0.5499047424802184	-0.602423851926705	-0.7318860061836269	-0.6817912122040874	-0.7020270614793424	-0.7805507785158369	-0.7498134250524959	-0.769659900524264	-0.8388061984601193	-0.8133439329535394	-0.8768234514279357	-0.8939419925740854	-0.8708136521872146	-0.8567915598592691	-0.8362381855180757	-0.8569816113585901	-0.8324000723122778	0.09651139613685562	0.07477831187914578	-0.035039006911385014	-0.09440228803463573	-0.008232474702291279	0.09717194098205635	0.09266632982742397	0.07731387700423212	-0.2545994780536872	-0.05533511641813184	0.009182732198895847	-0.31243771177994817	-0.5098293708368292	-0.44733951077962836	-0.3412675971464463	-0.34799588376264884	-0.20545030616833002	-0.19775553814704425	-0.12893371838076123	-0.19120339682289517	-0.23174462640974175
NsrR	0.8778687346742008	0.8334662148694439	0.9234764591087975	0.8616146960798402	0.8626344846127817	0.9307609940156955	0.9457495677487241	0.9735666176859143	0.9670677834896236	0.9647269052662807	0.9532403780634215	0.960670928146627	1.0	0.9490499742735166	0.9671975747574526	0.9533284507094484	0.9634382633928364	0.8903565088003115	0.9463289930515317	0.7306043174138163	0.8257042335130325	0.7712034895309436	0.8001956139822278	0.8147739546008687	0.8782789677885886	0.6569153251039489	0.749532983205937	0.8073132744019172	0.6447427583425656	0.6053557439589118	0.4927061942882571	0.5585497679981087	0.4620059240442959	0.4038849307702648	0.28353597767590194	0.40152087553480953	0.39674177563725194	0.5083970314882886	0.5637460541136878	-0.547297328617584	-0.625575369325688	-0.5766046604335956	-0.7149551988355869	-0.7703088568634086	-0.7680421450788251	-0.7488353551413566	-0.6971969721551377	-0.7040318730270568	-0.5058753725704697	-0.6105636185805471	-0.57337378494514	-0.6070291242334204	-0.7940096694494533	-0.7324862907973355	-0.7603821425757077	-0.8411169465677163	-0.8161553045227622	-0.8190130301162095	-0.8745706458506195	-0.8522465477840458	-0.9113432932680051	-0.8805966689998193	-0.8671609550783151	-0.868456550055393	-0.8561657805322369	-0.8579063741418711	-0.8233401782775772	0.1940194037945404	0.0896672244600915	-0.013301287251252717	0.00589159647894832	0.0007184873754815024	0.027613092230601998	0.06912543862495422	0.11265882047549958	-0.30166040114772563	-0.10733274309209154	-0.1111407261821435	-0.3043906531745553	-0.43033685469404026	-0.41950855463517067	-0.3036930251099749	-0.33795328441438643	-0.18183293082588964	-0.20145458928016835	-0.1530424463799825	-0.16814690517357264	-0.1906911848552132
KdgR	0.7860251887767636	0.7805878617352165	0.9143099508183803	0.8506264746373956	0.7936272487496002	0.9137977388506984	0.9218424797548799	0.9352434281582156	0.9470219857136898	0.9350047049334588	0.955585891689187	0.9550365965021254	0.9490499742735166	1.0	0.9774000954892899	0.945337016933125	0.9362840760020581	0.8540195892106374	0.8751802012691732	0.7496766806810333	0.8125790915538332	0.7605490170629163	0.7639861679591714	0.7964942451478925	0.8690916001872703	0.5970583736227061	0.6689673714023483	0.6991322526665152	0.6940727109223988	0.5483171171505254	0.4103350932411197	0.5270730678483853	0.4423935363948621	0.3602240753531018	0.25290060306585516	0.3258664725978186	0.4252355943281216	0.47617403154854887	0.5354144745076044	-0.5293142849196453	-0.6402672773036792	-0.5979530062902411	-0.6997116779693229	-0.7347460494782855	-0.7431593048750528	-0.7338560522131728	-0.66413032897451	-0.6936485716007436	-0.4523642870055764	-0.5824244081749957	-0.5376672800849206	-0.5865012446055504	-0.7596775614074935	-0.7029008348359763	-0.7429530294672532	-0.8221674214646945	-0.768463966699269	-0.7550120288692863	-0.8351419128451637	-0.7874065386986572	-0.8361362066647816	-0.8663034056301597	-0.8442829264222573	-0.8364908149500999	-0.7953747954628682	-0.8056306233225637	-0.838843281679499	0.14119899319059384	0.10488293291182074	-0.031321414168571045	-0.027205176817425406	-0.03324047077147003	0.07541336201102299	-0.002069707181628973	0.032172010513092694	-0.3466979710843597	-0.10667219824689081	-0.031326049570993504	-0.26814412393211917	-0.4463753470757564	-0.43141922115968495	-0.32753289976869343	-0.3469807306321298	-0.197903871024563	-0.16768336493132652	-0.1763237550467944	-0.21750003476551816	-0.23994001789265335
NagC	0.8184382402158243	0.8195970908214396	0.9305106822848825	0.856508800311499	0.8311044773351999	0.9146089342746291	0.9384603974394037	0.9598203318021054	0.9690679596349157	0.9659645577130779	0.966970440038752	0.9683911908812364	0.9671975747574526	0.9774000954892899	1.0	0.9529158998938493	0.9470683397379144	0.8628430777217924	0.8976132312926747	0.7442810722612884	0.8158053316398663	0.7636199711677969	0.78466238046456	0.8160208778525108	0.8738846062920953	0.6284655427360927	0.685172738271273	0.734027562102804	0.6825514182013711	0.5992926375903324	0.45334699231913816	0.5646036035618432	0.44377256861554437	0.3485984860775688	0.26298492103591975	0.3526266507826877	0.43467559136146405	0.5136535778353598	0.5562390198905118	-0.5480134982918542	-0.6540761411201913	-0.5828253704845386	-0.726692037769259	-0.7509004269205631	-0.7523397193727374	-0.7639166369228344	-0.6993802466961169	-0.7136572861572977	-0.495478164936889	-0.6027900487180795	-0.5478721185179691	-0.588626576616249	-0.7554176265812517	-0.7046136160310758	-0.7556192665866287	-0.8295400290176191	-0.7904010086635671	-0.7700330504192722	-0.853604720693827	-0.811441100259119	-0.8804970078477363	-0.8775071732852487	-0.8550834140665922	-0.8511433220075001	-0.8198960742776884	-0.8253774376422489	-0.8131330221433174	0.13964381567785808	0.09253653855959505	-0.050284845478860245	-0.03055889047007616	-0.02936063894386991	0.07855152945102929	0.016995702981954377	0.044608795212556375	-0.33217061989236596	-0.09745701823103772	-0.037525900311035504	-0.2678891767988838	-0.4652993774654547	-0.4432696274527073	-0.32976021063268607	-0.34032197505226414	-0.20522085374841817	-0.18653322888226542	-0.16442931243075867	-0.21099424746559373	-0.23809512772851374
FUR	0.8109520653035494	0.7725825217516259	0.860105872591329	0.8444196707937199	0.8481511697438013	0.9182199127617264	0.9501439292452174	0.9346338727396619	0.9277804302580529	0.9128729760674172	0.9411558839480649	0.9272821244976382	0.9533284507094484	0.945337016933125	0.9529158998938493	1.0	0.9732653165284544	0.8973490133545944	0.90355581719827	0.8140508318229647	0.837255656349806	0.8319179904603418	0.8471221104060149	0.8937658472820318	0.9410654936008269	0.6353004436080119	0.6995587096893817	0.7369571364337995	0.6338565157534152	0.5323806036221035	0.4603255906661537	0.5309088633529719	0.5121354835420037	0.3803602634762737	0.21566209770501227	0.27647394208528214	0.30603853873574033	0.39803737061432987	0.44924002577283745	-0.5970815506348184	-0.6239576138802491	-0.5365524658023186	-0.6637293666649671	-0.691785139826914	-0.6908812363545341	-0.6874464031594902	-0.6018606505323759	-0.578046270586981	-0.3987349986789103	-0.5169354427504623	-0.4982988073109567	-0.6362901020252073	-0.8525524843439283	-0.8144193463155504	-0.791244651904455	-0.8613736551538722	-0.8563349727206567	-0.8014193602217576	-0.9055838057580969	-0.8481975237680259	-0.8690869647848478	-0.8632278161228567	-0.876162906582735	-0.8608823024970913	-0.8443061034343696	-0.7902063217618237	-0.79289253746564	0.2577330100912711	0.17066856409139158	0.03755834812799273	0.01863431773829445	-0.006123366600071385	0.059648358372232084	-0.006077012575846772	0.05371272557027038	-0.45713179839707785	-0.1891336896412662	-0.11820507947397453	-0.33233054127594086	-0.34655195590805216	-0.3557393235093705	-0.2629455201153288	-0.31162419865480623	-0.06919033425886868	-0.09568629450565751	-0.20254159114823553	-0.17602477159054564	-0.20512582799875773
SahR_SamR	0.8364073777064955	0.7909479861494175	0.8709156310405087	0.8498685863413232	0.8491570520694754	0.913171959523666	0.944261603571114	0.9447714978375847	0.9266934283899857	0.9177447840134241	0.9367313923358256	0.9338342658217873	0.9634382633928364	0.9362840760020581	0.9470683397379144	0.9732653165284544	1.0	0.9022671753248258	0.931289429891856	0.8043628407600206	0.8365649813888593	0.806467313459818	0.8371536774965118	0.8722019552127418	0.9280446481961332	0.6570961057984249	0.729415336692455	0.7714306242496443	0.6343200559956612	0.5460828531828991	0.4650745604479653	0.5222800617435602	0.5272028591162142	0.4157469255693433	0.2287756511581553	0.3018527703482578	0.30370229591481984	0.41256472180632364	0.4754323671609551	-0.6077360231028457	-0.6190023686906378	-0.5549758727303911	-0.6689720068047708	-0.7126212737158777	-0.7186449791638662	-0.6920632639722617	-0.6050845729171979	-0.5978162619187785	-0.40023686906378775	-0.5384622516003726	-0.49744125786280136	-0.6454102562913999	-0.84995665898735	-0.7967399214762829	-0.8090399618042841	-0.8543927391056455	-0.8560035414474507	-0.8274401917202442	-0.9003852019413066	-0.8466377108528677	-0.8864349583509092	-0.8832342129781997	-0.8830487968813012	-0.8727976044240281	-0.8459910722149343	-0.8060570803454302	-0.8209042743045738	0.2684755552053251	0.15089393735717166	0.06278884351344963	0.018268120946920006	0.01638846526461195	0.02526757860483658	0.007414326174726859	0.11375277544720044	-0.4048120112547571	-0.16355553907412473	-0.1436233086575411	-0.32327064724124027	-0.3370215685274717	-0.37297838511850406	-0.2663061868716133	-0.31664665717954305	-0.07040480969355355	-0.12465524194482944	-0.160855417163041	-0.16785719252216882	-0.19588978867200357
AraR	0.8277252689692256	0.8233170012654648	0.8141852584932161	0.7891285906986015	0.7933259475921403	0.8562306761661513	0.892593090469149	0.8798944055328163	0.871400030593656	0.8562190876600952	0.8735601281225229	0.8611024841121582	0.8903565088003115	0.8540195892106374	0.8628430777217924	0.8973490133545944	0.9022671753248258	1.0	0.8735415865128331	0.7002771970648631	0.7474609583230968	0.7364866430879197	0.7746151457138751	0.7844769643676616	0.8243900969262646	0.7009400596112751	0.7851931340419318	0.7585998303442714	0.61006067741771	0.5967223069470776	0.5170791402255587	0.5071663321451252	0.455646151920679	0.4225053423012919	0.27730831452132515	0.38140554672253874	0.3141365867677802	0.45403998498129616	0.52621551840023	-0.5303387088550092	-0.5007555705948612	-0.4815116974380131	-0.6253366461009312	-0.66187057029356	-0.6250376626446825	-0.6834784986858634	-0.588958007889455	-0.5500832054734832	-0.41211277007013364	-0.5191604359132438	-0.47173795143025343	-0.6020136188123172	-0.7876892982464273	-0.746327602430805	-0.7332349082885631	-0.778552920071756	-0.8045969285823549	-0.8061660123023581	-0.8713165933500517	-0.8317047619489086	-0.8192679772494449	-0.8400021322851143	-0.8700047744644951	-0.8459748483064558	-0.8364722733404101	-0.8036675303966514	-0.8020868581705921	0.22684268834798893	0.10818565713782442	0.06380399664396864	0.0015459067078908454	0.03342125146594602	0.02130199183242093	0.14324088795768805	0.10766185666408629	-0.31925638874338874	-0.14299057622687514	-0.181072724828606	-0.3701994613662385	-0.3683360295924091	-0.3394713787077425	-0.30682655714755874	-0.26484603510853794	-0.10256291399937886	-0.11398918097074598	-0.05896231881370781	-0.0807602987053321	-0.16067695416977626
CzrA	0.8859181109808048	0.8424171769472166	0.8905187478850977	0.8304972396178574	0.8291923738359346	0.881368463503159	0.9077554917930201	0.9457750624620477	0.9152184896931828	0.9172348897469533	0.8894479699255091	0.9051249009182732	0.9463289930515317	0.8751802012691732	0.8976132312926747	0.90355581719827	0.931289429891856	0.8735415865128331	1.0	0.675225164672671	0.782782724782252	0.7258020405041463	0.7382921323314684	0.7690827929226676	0.8163175436075483	0.7037977852047226	0.7818927275171395	0.8532802425242547	0.5984095934288536	0.6223074106178528	0.5134565732324051	0.5269780420987248	0.49300749544571715	0.4292359466187057	0.2517927418868869	0.4127756326165456	0.3456179223199262	0.4873801169048491	0.5250497146909809	-0.5422377868734675	-0.6074509458538643	-0.5563896704692418	-0.6647097542773176	-0.7166726154331088	-0.7394880661564633	-0.6913957660234273	-0.6606027877310169	-0.645461245718047	-0.46989769666853626	-0.5849275254831248	-0.5880309274049627	-0.5536130644181875	-0.7617681279000237	-0.7249352202511461	-0.7569334031733965	-0.7926932151614743	-0.8050952343427694	-0.8258826965062972	-0.8495580143790183	-0.8468347154558223	-0.8893575795782711	-0.8497573366831842	-0.8353296466432734	-0.8394250246835179	-0.83332715279677	-0.8248582725709332	-0.8220631249101891	0.22329197009238358	0.04923724453138399	0.01693080734803992	-0.01007968256764211	0.03038274517802263	-0.03621639912669018	0.08521955583573988	0.2037861966986664	-0.20775641887350452	-0.12418706630016085	-0.15743912557768702	-0.3719609142867738	-0.3885347956482842	-0.4307470878084281	-0.2880300003244782	-0.3210294301699802	-0.17485433247887416	-0.22711154168849168	-0.15898271458436664	-0.15936977068664215	-0.19891902415508203
AgaR	0.5419666158317534	0.5281345750031289	0.5600330967732964	0.6425038589725167	0.6445156236238649	0.6838377423736042	0.7286435421891152	0.6757350589391418	0.6530354932763488	0.6407539945580376	0.6873884606292096	0.6717138473376566	0.7306043174138163	0.7496766806810333	0.7442810722612884	0.8140508318229647	0.8043628407600206	0.7002771970648631	0.675225164672671	1.0	0.7313112162832416	0.7805438254122031	0.714846266878659	0.8394945557198549	0.827347483671795	0.4755505699227278	0.47717064306937806	0.5342208583838206	0.47064631415976377	0.2622780221664944	0.2947652400443144	0.34025244401592725	0.5509314841167936	0.2857864655520069	-0.03595218118860989	-0.026505231051633747	0.10683675503288818	0.07175602949970102	0.19019519679600985	-0.6359540353495788	-0.5098595009525752	-0.4534095702518414	-0.4514812428440975	-0.5448173883215671	-0.5080493763066041	-0.4407224738215648	-0.32168302191154724	-0.34826010170072913	-0.1775729959996477	-0.3346181123714255	-0.29280910022203577	-0.49796969373896194	-0.7573621778974742	-0.7594110257682021	-0.7846600627633488	-0.8013985009108566	-0.7893812201306256	-0.6734984772703042	-0.72611029476524	-0.6308180094654917	-0.6817935299052987	-0.6161214660850782	-0.6435143767006133	-0.6413032897450992	-0.631413658676778	-0.5260138783948528	-0.5888652998410057	0.3193653207003166	0.17322035312495654	0.08578275723006892	0.2249723034705258	-0.018849863950938902	-0.02906860859125485	-0.1842850587073717	-0.0014068446352170064	-0.5519976266739597	-0.2739870486856316	-0.24698582957479454	-0.15247924498565343	-0.04003365302158707	-0.13389591667400605	-0.16248476111453616	-0.2112422414951954	0.05981059745701823	-0.03613759728550834	-0.21613954415452577	-0.17297004139414363	-0.22787870078940903
Irr	0.6922857632885399	0.6510051870153107	0.7109409403377355	0.6869295557893859	0.7367601318308449	0.7653628824786424	0.7755955333262257	0.772443459678952	0.7750091549197844	0.7529098738707001	0.7777880786720499	0.7530211235288392	0.8257042335130325	0.8125790915538332	0.8158053316398663	0.837255656349806	0.8365649813888593	0.7474609583230968	0.782782724782252	0.7313112162832416	1.0	0.8089194413413	0.6742540478651654	0.7635712994423611	0.8070791865795829	0.47346463883262024	0.5895768341128536	0.6534874450125387	0.4825569806842781	0.4851528060408564	0.32266572722510906	0.3903124724772981	0.479270480366753	0.3863260263939814	0.10838497944199026	0.20602973147113768	0.190146525070574	0.2611400308717801	0.35869439255368957	-0.6363503622566993	-0.621857776582874	-0.46776077615178163	-0.591852816702282	-0.6140308995925481	-0.6563312643987188	-0.6187172914416565	-0.5021183789070648	-0.5296039975710491	-0.27436019858063976	-0.476074370396466	-0.5009827053135618	-0.4848491871821852	-0.7323147809077045	-0.7000686039558525	-0.6956325238375569	-0.7965220575624273	-0.738118304740626	-0.7085073540659432	-0.7643987187747704	-0.7191201079121684	-0.7604794860265794	-0.7183853966282083	-0.6943091164459443	-0.7389434063718242	-0.7143989505448916	-0.6507154743639069	-0.7115180479393318	0.3459122703737525	0.12462279412787221	-0.015505421103133068	0.2095711789218981	0.06614023946488914	-0.02637543978380483	-0.024124951907699865	0.05076460962958499	-0.42005321441980986	-0.2012622200796362	-0.16074416750490195	-0.3062540849483848	-0.2139122332905331	-0.36393935039470454	-0.2707816679104996	-0.34543482392423897	-0.07760127195442472	-0.20912618028934182	-0.21380098363239405	-0.05413454719071436	-0.09268487143711382
SiaR	0.6222633742948394	0.6157645400985486	0.6296568411586652	0.6548317117150525	0.6975353565319773	0.7235515526280414	0.7660581928420116	0.7296980962402251	0.717669226953938	0.7033017971455192	0.7235700942377312	0.7127788773982413	0.7712034895309436	0.7605490170629163	0.7636199711677969	0.8319179904603418	0.806467313459818	0.7364866430879197	0.7258020405041463	0.7805438254122031	0.8089194413413	1.0	0.7104588584857995	0.8157867900301765	0.8251433498199147	0.4737242213682781	0.563314961688399	0.6265951578586295	0.39265335070064106	0.38683823836166337	0.431569871738415	0.3147948139117698	0.4704145440386407	0.3826223398584348	0.059115287093649035	0.11824679809577668	0.11799416866375255	0.1690067723229392	0.25479648265664184	-0.6623781468588196	-0.5229174295766487	-0.3386068761559535	-0.498924586637989	-0.549207114415638	-0.570258794517246	-0.5406687031534643	-0.40890738929500164	-0.4221854995341421	-0.2308476760409955	-0.45007903361130297	-0.38974695338175785	-0.42230138459470357	-0.7624866152755051	-0.7710018495255666	-0.7555080169284897	-0.8197987308268168	-0.797896454380687	-0.719296253204222	-0.7842822774659182	-0.7282611214892621	-0.6924734970866496	-0.6308829050994063	-0.6718807218248652	-0.7081457926769913	-0.691101417969601	-0.5973921225971233	-0.6261130760066935	0.39765726761568804	0.14315976841529499	0.020435171579420666	0.19977425590202613	0.024729871923831068	0.004737381275755455	-0.09643722969809625	0.02835243891698458	-0.47474169220000834	-0.29949335051522497	-0.1507247451687518	-0.2971895555112617	-0.11786901279834609	-0.2036123691078241	-0.24752353625580004	-0.26297565023107483	0.0004287747240776708	-0.08976688561217443	-0.25441869735921124	-0.023969665926547413	-0.0673616680032077
IscR	0.6819743105997748	0.620038381132058	0.6714751241128999	0.7156157436807876	0.7587041268987768	0.7959750800765768	0.8410265562204783	0.7813573385373451	0.7725570270383023	0.7715071083896149	0.8115199021003008	0.7848640204699371	0.8001956139822278	0.7639861679591714	0.78466238046456	0.8471221104060149	0.8371536774965118	0.7746151457138751	0.7382921323314684	0.714846266878659	0.6742540478651654	0.7104588584857995	1.0	0.8048982297398148	0.8991151016775522	0.5932712498435552	0.6057033991405963	0.6140888421228289	0.4901173220353125	0.4745632292067436	0.4513978056004932	0.5359220510728638	0.4283227723414808	0.308386370062717	0.28269233443501396	0.22220728592552763	0.2660141565189982	0.2992291325771447	0.31251651362113003	-0.5222661555362929	-0.4743592715001553	-0.38514399877625377	-0.5703955388887086	-0.5303781097756002	-0.4598342380093728	-0.5217771205807232	-0.440010939549717	-0.3962179751635138	-0.3247099396934145	-0.45191465297059763	-0.30020720248828403	-0.6234291780040885	-0.836029592409065	-0.7634299196684761	-0.6668119092759038	-0.751150738651376	-0.8205009942938196	-0.679183798341453	-0.8574845525214272	-0.7744760836412014	-0.7611516193778363	-0.7425149839383306	-0.8041032582243628	-0.7599788625649536	-0.7854805289921245	-0.6970579100824638	-0.591250214387362	0.2651589247720541	0.3216111731739991	0.21368973397425498	-0.05003685144925857	-0.07016608646879678	0.12627763279269089	0.07493359786029824	0.07442602129503872	-0.5208987118216668	-0.2523837556957507	-0.09181109808047985	-0.29014606153033173	-0.2803051021874464	-0.18364537317307203	-0.16376181448192426	-0.16680959157469255	0.1103990617945497	0.078136660934219	-0.03873805804450913	-0.04494254418697359	-0.18101014689590278
