	CsoR	PurR	CblR	MetJ	FixJ	AcnR	GguR	LldR	RbkR	HutC	PhnF	ModE	Rex	CzrA	IscR	KdgR	MetR	SahR_SamR	MntR	NrtR	NsrR	Phr	BirA	NagC	NrdR	ThiR	ArgR	FUR	Zur	DasR	PrpR	SiaR	Irr	LiuQ	TrpR	HcpR	HisR	TtrR	AraR	GulR	NmlR	NorR	FnrN_FixK	QorR	NikR	ZntR	HypR	FabR	PdhR	AgaR	AmtR	NifA	NadQ	CcpA	NagR	XylR	PhrR	VanR	NagQ	PdxR	HexR	PaaR	GlcC	HrcA	SoxR	LexA	PsrA	PhnR	TyrR	ExuR_UxuR	RutR	NnrR	LiuR	LtbR	NiaR	SdaR	RbsR	GntR	NtrC	CueR	MerR	FruR	PhsR	BioQ	NarP	CadR-PbrR	FadP	FadR
CsoR	1.0	0.29776330539689316	-0.11795227673090268	0.008380932045054183	0.11067634655420915	-0.05541557678962259	0.08534137618107084	-0.15953130838627022	-0.2499492873538675	-0.2261303581914269	-0.22622110713713767	0.005888005124646346	-0.05207921849143223	-0.2974536913468211	-0.15771632947205466	-0.23241338813857898	-0.36982864463780496	-0.27813484225697965	-0.22969625794053275	-0.2714354347942134	-0.23193295254363958	-0.36213099877222016	-0.29420808199434156	-0.3120642716062563	-0.10577056531255005	-0.2156301713553622	-0.15583729247851386	-0.1228740724923931	-0.053216249399455504	-0.15428388405487642	-0.29677574334062884	-0.2955159344472322	-0.2136443708962793	-0.21793626221107137	0.01206427160625634	0.038066513639032726	0.05632306624673037	0.15023221053755406	0.023941707147814018	0.1737201729568142	-0.1226445310414776	0.07558853360380077	0.12291143970533283	-0.0931137564725351	-0.09703197565792986	0.08544280147333583	-0.04192601291837933	-0.0821491485613623	-0.12854855068595528	-0.1788501574761117	-0.18628623285111834	-0.11730635776437304	-0.26493887791597714	-0.1821277958682539	-0.16794960764426414	-0.20798590722254845	0.04269470987028239	0.025633908076656168	0.07836972188117226	0.2555650456413815	0.08190893076389259	-0.049746436769337536	-0.07367746757059734	0.058639833448993754	0.08709763518923824	-0.0813324080499653	0.007158490364597235	-0.04255591736507767	-0.01136497090695564	-0.15291197352266053	-0.03602199327390167	0.15582127795868253	0.2415149735760423	0.254363956654033	0.24381038808519725	0.23135642982971227	0.14255591736507767	0.25372871403405756	0.22564458442321036	0.05310414776063631	0.1775956867559921	0.09409064218224523	-0.04929803021406075	0.11487215075001335	0.07936796028399082	0.11829925799391448	0.07995515934447232	0.15069663161266214
PurR	0.29776330539689316	1.0	0.017365077670421183	-0.219244114663962	-0.024528906208295523	-0.001494688517589281	-0.06438370789515828	-0.32118720973682807	-0.2600758020605349	-0.3927614370362462	-0.2732931190946458	-0.18057972561789357	-0.19326856349757113	-0.24113596327336786	-0.24489403726044948	-0.22818021672983504	-0.4024128543212513	-0.31494154700261573	-0.31168526130358193	-0.2768857097101372	-0.2802540970479902	-0.3192921582234559	-0.32682965889072757	-0.25819676506699407	-0.25876794960764427	-0.2251000907489457	-0.17075748678802113	-0.16192281001441305	-0.12091496289969572	0.15632306624673037	-0.12593818395345113	-0.21459456573960392	-0.17207067741418886	-0.3345539956226979	0.04178722041317461	0.01673517322372284	-0.03361981529920461	-0.1226338546949234	-0.1341909998398548	-0.11867826829658891	-0.12700048043559495	-0.05069129343938504	0.05176426626808306	0.06843004323920354	-0.13292051459990392	0.09365825014679977	-0.13601131692734747	-0.08161533123365185	-0.08504777665083009	-0.1429349276677521	-0.09598035552234026	-0.2944269470987028	-0.25596007046388725	-0.012950408370255698	-0.17344792611968185	-0.1966209363155928	0.055746543532803075	0.0035125180163348103	0.01916938023808253	0.010777771846474136	-0.057299951956440505	-0.10305343511450382	-0.14660225270912294	-0.1802914642609299	0.0011583836011316928	-0.09135749746436769	-0.08048897667218279	0.023295788181284364	-0.10333635829819036	-0.30788448193028345	0.011188811188811189	0.1074681044146693	0.021544867346394065	0.2348689478460471	-0.08463139913521593	0.08333956120215662	0.10579191800565846	0.030427587679496076	0.13928895531948968	-0.0806331073506646	0.015875727326109007	-0.002989377035178562	0.16747984839587893	-0.0648854961832061	-0.0006245662734212352	0.034858271499492874	-0.028431110873858967	0.186473068915817
CblR	-0.11795227673090268	0.017365077670421183	1.0	-0.1529920461218171	0.15387284471253937	0.05450274915923771	0.03059307105108632	0.09382907169166711	0.09095713446858485	-0.02973362515347248	0.18173277104574814	0.005434260396092457	0.1978967597288208	0.07694442961618535	0.04984252388832541	0.18746063097208135	-0.09154433352906635	-0.0009288421502161961	0.12505738536272887	0.05254897773981743	0.11449847862061603	-0.01966049217957615	0.03673197031975658	0.0998772220146266	-0.008498371857150484	-0.0065606149575615225	0.0923023541344152	0.01660705706507233	-0.032429402658410295	-0.04278545881599317	-0.017685368067047458	-0.04910585597608498	0.0504083702556985	0.018341963380131318	0.07156888912614104	0.1438744461645225	0.05899215288528266	0.04199007099770458	0.14588159931671382	0.00427053862168366	-0.04950621897186783	0.022959483264826778	-0.05221801099663695	0.10195910959269738	-0.17121656968985213	0.008925425719318848	0.24431751454652217	0.06909731489884162	0.07380024555597074	0.0703624619655154	0.21232050392355736	-0.3204291891314792	-0.040004270538621683	-0.16706880905354188	-0.2357230555703838	0.04265734265734266	-0.06083916083916084	0.0001708215448673464	0.008695884268403353	-0.1564725350984893	0.07781989003363049	0.06208295521272621	0.09121336678588587	0.0698927027171302	-0.051951102332781725	0.006768803715368601	-0.038242673357177175	-0.03887791597715262	-0.14640474029787007	0.004681577964020712	0.07258848022206801	-0.07433940105695831	-0.07230021886510436	0.02266054556130892	-0.024742433139379703	-0.07122724603640634	-0.06547803341696472	-0.06583035285325362	-0.11530454278545882	-0.018747664549191266	-0.19467784124272675	-0.2161106069503016	-0.09318315272513746	0.0963807185181231	0.15498318475417713	0.075956867559921	-0.11385255965408637	0.05675012010889873
MetJ	0.008380932045054183	-0.219244114663962	-0.1529920461218171	1.0	-0.07042652004484065	0.09817968291250734	0.11431164255591736	0.1333689211551807	-0.11324400790049645	0.1462125660598943	-0.10447872737949074	-0.0661666577697112	-0.027555650456413814	0.0882239897507073	0.00011743981209630065	-0.14515026957775048	0.025046709016174666	-0.04260396092457161	-0.04749906581967651	-0.010131852879944484	-0.06750120108898734	0.04676773608071318	0.017146212566059894	-0.05210057118454065	-0.17937863663054504	-0.031014786739977578	-0.10997170768163135	-0.08219185394757914	-0.028788768483424973	-0.12056264346340682	-0.016831260342710725	0.060027758501040945	0.025479101051620136	0.16750653926226444	-0.17964554529440024	-0.16576095660065127	-0.23466075908824	0.046495489243580844	0.06867559920995035	0.21300912827630386	0.18511183473015533	0.055549031121550206	0.21524582287941066	0.12596487481983665	0.19697859392515882	-0.21787220413174613	0.10371003042758768	-0.08776490684887632	0.082848449260663	-0.059344472321571556	-0.10593604868414029	-0.05922169433619815	-0.08761009982384028	-0.09921528852826562	-0.13221053755404902	0.014407729674905247	0.04623925692627983	0.07452089894837986	-0.027769177387497998	0.009966369508354242	0.15284257727005818	0.14808092670688092	0.1262638125233545	-0.03201302514279614	0.028393743660919235	-0.09902845246356697	0.030427587679496076	-0.018902471574227298	-0.008290183099343405	0.042038114557198525	-0.043837078951582766	0.008183419633801313	-0.07220413174611648	-0.051716222708589124	-0.031687396572892754	0.04006832861794694	0.0076762931724763785	-0.09424011103400416	-0.030673143650242887	0.15655794587092298	0.04515026957775049	0.04985853840815673	-0.13108952116585704	-0.03707361340949127	-0.17972561789355682	-0.04244381572625847	-0.12364276944429616	-0.04128009395184968
FixJ	0.11067634655420915	-0.024528906208295523	0.15387284471253937	-0.07042652004484065	1.0	-0.007569529706934287	0.15222334916991406	-0.020285058452997384	-0.015523407889820104	-0.10732931190946458	-0.1389686649228634	-0.032477446217904236	-0.1543906475204185	-0.2414295628036086	-0.17124859872951476	-0.22220146265947793	-0.19581487215075002	-0.24372497731276357	-0.2644050605882667	-0.23241338813857898	-0.17311695937650137	-0.33100411039342337	-0.340377942668019	-0.34208615811669246	-0.1805156675385683	-0.1651310521539529	-0.2325415042972295	-0.1463033150056051	-0.19082368013665724	-0.10502855922703251	-0.02521753056104201	-0.20565846367373086	-0.1488869908717237	-0.22045587999786473	-0.12773181017455826	0.10960871189878824	0.019446965248491967	0.07124326055623766	-0.01970853573907009	-0.05107030374205947	0.046111140767629316	0.07438210644317514	-0.08525596540863717	0.005738536272887418	0.019852666417551915	0.10930977419527038	-0.06038541611060695	0.07749959963700422	0.07184113596327336	-0.15650990231142903	-0.10756419153365718	-0.2383921422089361	-0.15570383814658623	-0.17424865211124754	-0.20554102386163456	-0.1925425719318849	-0.033577109912987776	0.08932899161906796	-0.007665616825922169	-0.06769337532696311	-0.11651630811936156	-0.007542838840548764	0.11310521539529172	0.054412000213526934	-0.097549778465809	0.05628036086051353	-0.13975871456787486	-0.09549991992740084	-0.19201943095072865	-0.11292905567714728	-0.10008007259915656	0.09081300379010303	-0.0803875513799178	0.030726525383013934	0.10925105428922223	0.07481449847862062	0.012955746543532803	0.18439118133774623	-0.05265574120535953	0.12616772540436663	-0.0009608711898788235	0.10707841776544066	0.031233651844338867	0.20415843698286446	0.3585223936368975	0.0974430150002669	0.0027811882773714834	0.07031441840602146
AcnR	-0.05541557678962259	-0.001494688517589281	0.05450274915923771	0.09817968291250734	-0.007569529706934287	1.0	0.2580366198686809	0.06063097208135376	-0.0075802060534884965	-0.00282389366358832	-0.002653072118720974	-0.11935087812950408	-0.12503069449634335	-0.13142048790903751	-0.11358565099023114	-0.10122777985373405	-0.15788181284364491	-0.16613462873004858	-0.13637431271019057	-0.12648267762771578	-0.19736828057438743	-0.20528479154433352	-0.02084022847381626	-0.14276410612288476	-0.19082368013665724	-0.1120162280467624	-0.11584369828644638	-0.0858805316820584	-0.002210003736721294	-0.12867666684460577	-0.09237175038701756	-0.07654940479367961	-0.1486574494208082	-0.10622964821438104	-0.006587305823947045	-0.04920728126834997	-0.06754390647520418	-0.1404953824801153	-0.1728233598462606	-0.013996690332568194	0.09839854801686863	0.0305717183579779	-0.044787273794907385	-0.03335824480862649	0.1391127956013452	-0.12409651417285004	-0.07897293546148508	-0.004062349863876581	0.008231463193295254	-0.07203331020124913	-0.12960017082154487	-0.06608658517055464	-0.03585650990231143	-0.25444402925318954	0.008231463193295254	-0.0826242459830246	0.05046709016174665	-0.07427534297763305	-0.03292585277318102	-0.04125340308546416	-0.11795761490417979	0.09406928948913681	0.04915923770885603	0.06193348636096728	0.05436395665403299	-0.056888912614103455	0.06875567180910692	0.028078791437570062	0.13608071317994982	0.08806384455239417	0.07290877061869429	-0.07182512144344205	-0.08440719585757754	-0.1520578657983238	-0.08976672182779052	0.01462125660598943	0.03810388085197246	0.11886510436128757	0.12516414882827095	0.15084610046442107	0.03699887898361181	-0.05587999786473069	-0.031553942240965145	-0.012528692681364436	0.1524955960070464	0.14684247050659263	0.13633694549725084	0.03704158436982864
GguR	0.08534137618107084	-0.06438370789515828	0.03059307105108632	0.11431164255591736	0.15222334916991406	0.2580366198686809	1.0	0.0268403352372818	-0.08127902631719426	-0.0009341803234933006	0.12630651790957134	-0.10706240324560935	-0.10553568568835744	-0.164421075108098	-0.09266001174398121	-0.2042972294880692	-0.17412053595259702	-0.17045854908450328	-0.16846207227886617	-0.20252495596007047	-0.14046869161372977	-0.1119041264079432	-0.2573052901297176	-0.3074414135482838	-0.17614904179789675	-0.17407783056638018	-0.20380077937329846	-0.16810441466930018	-0.18584850264239577	-0.1897346927881279	-0.08424171248598729	-0.03320343778359046	0.0667378423103614	-0.1515987828964928	-0.13599530240751614	-0.16331073506646027	-0.04903112155020552	0.1049057812416591	-0.03647573800245556	0.026338546949233974	0.10379010302674425	0.03770351785618961	-0.10845566647093365	0.09598569369561737	-0.06151177067207601	-0.0738536272887418	-0.016041210697699246	-0.08348369188063845	-0.06120749479528106	-0.1630224737094966	-0.11987935728393743	-0.08703891528319009	-0.24243847755298137	-0.2604174451502696	-0.1763038488229328	0.11885976618801046	0.04510756419153366	0.005364864143490098	-0.1392142208936102	-0.12944536379650884	-0.03563764479795014	-0.0082848449260663	-0.13418032349330059	0.04754710937917045	0.15363262691506965	-0.06255271446111141	-0.13953451129023647	0.01988469545721454	-0.040041637751561415	0.15277318101745582	0.06856349757113116	-0.10667805476965782	0.009528639299631667	-0.06002242032776384	-0.05603480488976672	0.039561202156622004	0.03523194362889019	0.06309720813537607	-0.10562109646079111	0.122868734319116	-0.0033096674318048363	-0.09496076442641328	-0.04978380398227727	0.0422409651417285	0.23565365931778146	0.08535205252762505	0.019959429883094005	0.09283083328884856
LldR	-0.15953130838627022	-0.32118720973682807	0.09382907169166711	0.1333689211551807	-0.020285058452997384	0.06063097208135376	0.0268403352372818	1.0	0.45879997864730687	0.41979394651150376	0.4075108098008861	0.4184113596327337	0.494128009395185	0.303266962045588	0.3507767042118187	0.3406875567180911	0.4372390967810815	0.4708055303475151	0.47661880104628196	0.5107884481930284	0.5099770458549084	0.41972455025890143	0.3851919073293119	0.3656648694816634	0.4064485133187423	0.471414082101105	0.4472535098489297	0.4215662200395025	0.449618320610687	0.037794266801900386	0.1300966209363156	0.20704638872577805	0.12198259755511665	0.2087439278278973	0.14620188971334008	0.10108898734852934	0.2557892489190199	0.1547269524368761	0.12323706827523621	0.19862275129450702	0.19362088293386004	0.13552020498585385	0.07523087599423477	0.21182405380878663	0.2822772647200128	0.25817541237388564	0.21604121069769924	0.3016174665029627	0.3761170127582341	0.29112261784017507	0.2893983878716703	0.27169700528479157	0.34250787380558373	0.16215235146532855	0.1838893930496984	0.16741045214327657	0.25616292104841726	0.22982971227246035	0.23160732397373618	0.2632199861207495	0.39283083328884855	0.3697699247317568	0.5255591736507768	0.3940586131425826	0.4173490631505899	0.4236587839641275	0.3473976405274115	0.27686969519030585	0.3896065766294774	0.4893610206587306	0.45104895104895104	-0.13134041530988097	0.026520044840655527	0.00022420327763839214	0.2589120802861261	0.26924144557732343	0.17788394811295574	0.2717770778839481	0.26613462873004856	0.38595526610793784	0.2058346233918753	0.09259061549137886	0.09325254897773982	0.25675545828217583	0.08464207548177013	0.05299204612181711	0.040276517375754016	0.07335717717397107
RbkR	-0.2499492873538675	-0.2600758020605349	0.09095713446858485	-0.11324400790049645	-0.015523407889820104	-0.0075802060534884965	-0.08127902631719426	0.45879997864730687	1.0	0.4401697539102119	0.42207868467410453	0.42969625794053273	0.3981263011797363	0.3779106389793413	0.5084076229114397	0.42117653339027383	0.49054075695297067	0.43432979234505953	0.5265574120535953	0.5000160145198314	0.47392836171462127	0.42692040783643836	0.40014946885175895	0.4316233384935675	0.40311749319382906	0.5215768963860566	0.427310094485667	0.39318849089841457	0.46971654299898574	-0.049015107030374205	0.16070036833395612	0.09237708856029467	0.13813590989163507	0.13590455346180538	0.2462072278866172	0.24022847381626009	0.394843324614317	0.13515187102973364	0.27732877809213685	0.1504083702556985	-0.0003416430897346928	0.15302407516147973	0.0058346233918753	0.16466129290556772	0.23426039609245716	0.12834036192814818	0.11230982757700315	0.23167672022633853	0.22202530294133346	0.33412694176052954	0.3926813644370896	0.195200982223883	0.29796081780814604	0.2210003736721294	0.16237121656968986	0.16888378796775744	0.22968024342070142	0.2541504297229488	0.23586718624886563	0.1642929589494475	0.20190038968664922	0.2604441360166551	0.3885709710137191	0.21544333529066353	0.1676666844605776	0.34345273047563124	0.31417818822398974	0.18279506752789196	0.18371323333155395	0.30322425665937114	0.2220733465008274	-0.07546041744515027	0.08466342817487855	-0.11183473015534084	0.20593071051086317	0.13531201622804676	0.06722895425185502	0.21780814605242085	0.036694603106816846	0.18497304222495062	0.03726044947418993	0.0037153686008647843	0.1190252495596007	0.18615277851919074	0.2386056691400203	0.11651096994608445	0.12035979287887685	0.14556664709336464
HutC	-0.2261303581914269	-0.3927614370362462	-0.02973362515347248	0.1462125660598943	-0.10732931190946458	-0.00282389366358832	-0.0009341803234933006	0.41979394651150376	0.4401697539102119	1.0	0.553547216142636	0.41382586878770083	0.4418512784924999	0.4983291517642663	0.5742059467250307	0.4112368547483051	0.630577056531255	0.5309026851011583	0.47088026477339456	0.536956173597395	0.5754070357123793	0.5436609192334383	0.5279133080659798	0.4603000053381733	0.3751614797416324	0.4688998024875887	0.4844392248972402	0.49239310308012596	0.5175839427747825	-0.06773608071317995	0.10900016014519831	0.12257513478887525	0.17371483478353708	0.1347728607270592	0.033091336144771256	0.06363102546308654	0.18851225110767095	0.17632520151604122	0.31812309827577	0.21069236107404046	0.23919286820050178	0.27159024181924946	0.0781828858164736	0.11814445096887845	0.35488175946191214	0.11443975871456788	0.3065018950515134	0.16810975284257726	0.2540436662574067	0.2517856189611915	0.2507446751721561	0.29805156675385686	0.2164629263865905	0.17576469332194522	0.30776170394491004	0.3201676186409011	0.3015107030374206	0.20752148614744034	0.2504937810281322	0.24010569583088667	0.27437143009662096	0.3458228794106657	0.2479528105482304	0.36213099877222016	0.28572038648374526	0.3269791277424865	0.304083702556985	0.16167725404366626	0.3479795014146159	0.2586878770084877	0.2509101585437463	-0.08073987081620669	0.024710404099717077	-0.0030107297282869804	0.24891901991138632	0.26307051726899056	0.12779053008060642	0.15444936742646667	0.03971067100838093	0.10598409224363423	0.067789462445951	0.09983451662840975	0.05981423156995676	0.05579458709229702	0.10222601825655261	0.06151177067207601	0.11532589547856724	-0.03445790850371003
PhnF	-0.22622110713713767	-0.2732931190946458	0.18173277104574814	-0.10447872737949074	-0.1389686649228634	-0.002653072118720974	0.12630651790957134	0.4075108098008861	0.42207868467410453	0.553547216142636	1.0	0.34241178668659583	0.36682325308279506	0.39384508621149844	0.47927721133828005	0.41091656435167884	0.519703197565793	0.512608765280521	0.5316927347461698	0.4930924037794267	0.562840975818075	0.4527678428441787	0.43918753002722466	0.44021245929642877	0.3577803875513799	0.47811348956387123	0.47828964928201567	0.4701489350344312	0.3819089307638926	-0.05487642128863503	0.1747771312656809	0.11070303742059467	0.2021032402711792	0.1915817007420061	0.09722948806918273	0.0647467036780014	0.23531201622804676	0.22910372070677415	0.13122297549778467	0.03828537874339401	0.1727806544600438	0.11759995729461378	0.024149895905621097	0.06730368867773448	0.2093311268883788	0.2648321144504351	0.17636256872898096	0.20217263652378156	0.28452463566967384	0.31078844819302837	0.3166604387978434	0.23708428975604548	0.2281108204772327	0.27462766241392195	0.3271285965942454	0.29750173490631504	0.286115411306251	0.2034057545507927	0.04816633747931458	0.12925852773181018	0.26000640580793255	0.385501521379384	0.16457054395985693	0.25243687610099824	0.3066513639032723	0.3811722628516522	0.24367159557999252	0.14310041103934235	0.15304008968131105	0.2194576415950462	0.27884481930283456	-0.12679762985106496	0.015283190092350398	-0.029151764266268084	0.1551006245662734	0.20435594939411733	0.1326536059360487	0.056403138845886935	0.11856616665776971	0.04785138525596541	-0.02514813430843965	-0.09201409277745155	-0.022041317461164788	0.08547483051299845	0.20767629317247638	0.1576362568728981	0.08502642395772167	0.08522393636897453
ModE	0.005888005124646346	-0.18057972561789357	0.005434260396092457	-0.0661666577697112	-0.032477446217904236	-0.11935087812950408	-0.10706240324560935	0.4184113596327337	0.42969625794053273	0.41382586878770083	0.34241178668659583	1.0	0.5679496076442642	0.5246730368867774	0.529247851385256	0.4994074627662414	0.4845032829765654	0.5079538781828858	0.5365558106016122	0.5705866652431538	0.5307372017295682	0.44742433139379706	0.4401644157369348	0.45094752575668606	0.46588907275930175	0.4808840014946885	0.5495862915710243	0.5712485987295147	0.5952330112635457	0.02122457694976779	-0.00858912080286126	-0.026648160999306038	0.1608071317994982	0.18254951155714513	0.2386056691400203	0.27312229754977846	0.3509742166230716	0.2947579138418833	0.30542358404953823	0.30906421822452357	0.18253883521059094	0.36588907275930177	0.22050392355735868	0.17151016922009288	0.18857630918699622	0.2417658677200662	0.30452677093898467	0.2863129237175039	0.26752789195537285	0.392905567714728	0.3563444189398388	0.25210057118454066	0.2658623818929162	0.30650723322479045	0.3264880158009929	0.33881919607110444	0.331751454652218	0.2871456787487322	0.4619601772273528	0.476314525169487	0.41258207441413547	0.3429189131479208	0.29034324454171784	0.3586932151817648	0.22649869214754711	0.4422836705279453	0.43928361714621256	0.32709656755458283	0.3090962472641862	0.2721187209736828	0.3275716649762451	0.01417818822398975	0.19654086371643623	0.19445897613836546	0.3296535525543159	0.38067581273688145	0.2677681097528426	0.32290610153205573	0.34324454171782415	0.2515614156835531	0.14161106069503016	0.05353653979608178	0.12349330059253723	0.012576736240858378	0.14998665456680724	0.27575401697539104	0.26958308866705816	0.1886723963059841
Rex	-0.05207921849143223	-0.19326856349757113	0.1978967597288208	-0.027555650456413814	-0.1543906475204185	-0.12503069449634335	-0.10553568568835744	0.494128009395185	0.3981263011797363	0.4418512784924999	0.36682325308279506	0.5679496076442642	1.0	0.4674264666631079	0.4360860513532269	0.5035285325361661	0.4668125767362409	0.495200982223883	0.5800672609832915	0.5832701649495543	0.5443869107991245	0.4459456573960391	0.5443762344525703	0.511690599476859	0.4997597822025303	0.40588266695136926	0.5503282976565419	0.4899802487588747	0.515464687983772	-0.028126834997064004	0.042305023221053756	0.11503229594832648	0.19776330539689319	0.19102653072118722	0.19033790636844072	0.281316393530134	0.2798537340522073	0.21346821117813483	0.21701809640740938	0.24428014733358244	0.2438957988576309	0.26004911119414936	0.21870495916297444	0.13667858858698553	0.08394277478246943	0.17312229754977845	0.32244701863022474	0.22562856990337907	0.2633801313190626	0.39711738643036354	0.4630064591896653	0.24145091549671702	0.2737575401697539	0.23398814925532482	0.2991725831420488	0.24365558106016122	0.18560828484492606	0.21662840975818076	0.4124806491218705	0.35865050979554797	0.44312710190572785	0.2750493781028132	0.3800138792505205	0.3111888111888112	0.2785138525596541	0.25387284471253935	0.3645278385736401	0.31256072172102706	0.3630278118827737	0.3291731169593765	0.2947739283617146	-0.023247744621790422	0.10975818075054716	0.060481503229594835	0.29073293119094645	0.2897293546148508	0.16341749853200235	0.22035445470559975	0.2522340255164683	0.1646452783857364	0.08696418085731063	0.03674264666631079	0.08079325254897773	0.11542732077083222	0.1276357230555704	0.11795761490417979	0.11159451235787114	0.05561842737415257
CzrA	-0.2974536913468211	-0.24113596327336786	0.07694442961618535	0.0882239897507073	-0.2414295628036086	-0.13142048790903751	-0.164421075108098	0.303266962045588	0.3779106389793413	0.4983291517642663	0.39384508621149844	0.5246730368867774	0.4674264666631079	1.0	0.5647200128116159	0.570239683980142	0.6071531521913202	0.5603000053381733	0.5976031601985801	0.6409064218224524	0.579175786046015	0.5654566807238562	0.5984519297496397	0.6305290129717611	0.30216196017722735	0.4727112582074414	0.5353120162280468	0.4716436235520205	0.49027918646239255	-0.024582287941066566	0.23410558906742113	0.16410612288474885	0.16963647039982918	0.20469759248385203	0.21101265147066675	0.08024875887471307	0.21405541023861635	0.15632840442000748	0.3509795547963487	0.27943201836331605	0.20867986974857203	0.2263705759888966	0.14295094218758342	0.06746917204932472	0.12363209309774195	0.04462179042331714	0.35891741845940317	0.19004430683819998	0.15805263438851225	0.4038594992793466	0.2690492713393477	0.10869054609512625	0.30935781775476434	0.40476165056317726	0.3663695083542412	0.411279560134522	0.21755191373511984	0.1484172316233385	0.24999733091336146	0.29654086371643623	0.2193615544760583	0.24599370095553302	0.0802807879143757	0.1855442267656008	0.12291143970533283	0.2524101852346127	0.27672556451182406	0.19105322158757274	0.31171195216996744	0.30167084823573376	0.1955746543532803	-0.11849677040516735	0.049687716863289384	0.0795654726952437	0.09045000800725991	0.20369401590775638	0.0423530667805477	0.0046922543105749216	0.10119575081407142	-0.018640901083649176	-0.1573907009021513	-0.06624673036886777	0.0034537981102866597	-0.06907062403245609	-0.007462766241392195	0.13676933753269632	0.00014413067848182353	0.02779586825388352
IscR	-0.15771632947205466	-0.24489403726044948	0.04984252388832541	0.00011743981209630065	-0.17124859872951476	-0.11358565099023114	-0.09266001174398121	0.3507767042118187	0.5084076229114397	0.5742059467250307	0.47927721133828005	0.529247851385256	0.4360860513532269	0.5647200128116159	1.0	0.5169433619815299	0.5597021299311375	0.5599530240751615	0.5896172529760316	0.621027064538515	0.613836545134255	0.5021566220039503	0.5261677254043666	0.5819142689371697	0.49820103560561574	0.5069663161266215	0.5860086478407089	0.5702503603266962	0.5556344418939839	0.01737575401697539	0.23572839374366092	0.1739764052741152	0.21105001868360648	0.10609619388245342	0.229146426092991	0.10736667912240432	0.32409651417285007	0.26133561095393154	0.42305557038381464	0.3727005818608872	0.1474937276463994	0.17144611114076763	0.22037580739870816	0.16436769337532697	0.10043239203544548	0.20938984679442696	0.2637164362355202	0.16355629103720706	0.10056584636737309	0.33848289115464686	0.4240644851331874	0.2836491752522287	0.3600544493674265	0.3010249292692041	0.2793412694176053	0.30704638872577805	0.36049217957614904	0.21718891795227674	0.3083809320450542	0.24255591736507767	0.23400416377515615	0.21711418352639728	0.3457321304649549	0.2105268777024502	0.2200715315219132	0.3993967864196872	0.31482944536379653	0.302295414509155	0.21547536433032616	0.3031281695403833	0.27974697058666526	-0.03987081620669407	0.151096994608445	0.08454598836278225	0.22659477926653498	0.2826082314631933	0.06502962686168794	0.10841829925799391	0.013623018203170875	-0.022932792398441253	-0.021544867346394065	0.0798163668392676	0.17778252282069076	-0.08107617573266428	0.06649762451289169	0.15423050232210536	0.1140020285058453	0.03857364010035766
KdgR	-0.23241338813857898	-0.22818021672983504	0.18746063097208135	-0.14515026957775048	-0.22220146265947793	-0.10122777985373405	-0.2042972294880692	0.3406875567180911	0.42117653339027383	0.4112368547483051	0.41091656435167884	0.4994074627662414	0.5035285325361661	0.570239683980142	0.5169433619815299	1.0	0.6087385896546202	0.675348315806331	0.6440506058826669	0.7058613142582608	0.6686809373832274	0.5790530080606416	0.5861421021726365	0.7145892275663268	0.6134949020445204	0.5006993006993007	0.7297015961138098	0.5606149575615225	0.5748305129984519	-0.06880371536860086	0.21131692734746169	0.13135109165643516	0.1970800192174238	0.1703731383120696	0.15201516041210697	0.36200822078684675	0.4187743554155768	0.11156782149148561	0.28707094432285274	0.16741579031655368	0.1085143863769818	0.13142048790903751	0.052159291090588804	0.07870068862435274	0.0592804142422463	0.09877222014626595	0.27006352426199753	0.05862381892916244	0.20861581166924678	0.4423530667805477	0.395099556931618	0.3290503389740031	0.46070570650723325	0.4584316446911867	0.3037100304275877	0.3693268563497571	0.1826349223295788	0.16757059734158972	0.36142635989964234	0.18138578978273634	0.19312977099236642	0.199439491805904	0.2062990444669834	0.1476058292852186	0.2382586878770085	0.35244221427427536	0.3620669406928949	0.11111407676293172	0.14217156888912613	0.17470239683980143	0.1726952436876101	-0.07489457107777718	0.16904927133934766	0.12160358725244222	0.09279346607590883	0.10915496717023435	-0.05005071264613249	0.08094805957401377	0.08105482303955587	-0.016831260342710725	-0.073405220733465	-0.13762344525703304	0.010329365291197353	-0.14985320023487964	0.06551006245662734	0.07863129237175039	0.06576095660065126	0.05163615010943255
MetR	-0.36982864463780496	-0.4024128543212513	-0.09154433352906635	0.025046709016174666	-0.19581487215075002	-0.15788181284364491	-0.17412053595259702	0.4372390967810815	0.49054075695297067	0.630577056531255	0.519703197565793	0.4845032829765654	0.4668125767362409	0.6071531521913202	0.5597021299311375	0.6087385896546202	1.0	0.754465381946298	0.6575241552340789	0.7170394491005178	0.7085143863769818	0.688159931671382	0.6779907115784979	0.6646506165590135	0.5506432498798911	0.5864890834356483	0.6222334916991406	0.6119041264079432	0.6032989910852506	0.047483051299845196	0.3090748945710778	0.23587786259541985	0.2795708108685208	0.32406982330646456	0.13585117172903433	0.17857257246570224	0.2182191853947579	0.09191266748518657	0.2310521539529173	0.0961458388939305	0.2226445310414776	0.2169380238082528	0.1698766881972989	0.12133667858858699	0.32863929963166605	0.1654726952436876	0.2382693642235627	0.18231463193295255	0.20032562856990338	0.36176800298937706	0.3649975978220253	0.406021459456574	0.4917044787273795	0.3963913948646773	0.3947846047082688	0.4088880585063791	0.24240111034004164	0.21897186782682965	0.29215288528265626	0.3268616879303902	0.29981316393530133	0.31651096994608446	0.25187636790690227	0.26975391021192546	0.2507500133454332	0.3473762878343031	0.34153098809587357	0.14860940586131427	0.2193935835157209	0.3640794320183633	0.32269791277424864	-0.1504083702556985	0.008818662253776758	-0.07691240057652271	0.18085197245502588	0.12175839427747824	0.05660598943041691	0.08572038648374526	-0.009293759675439064	0.0031922276197085355	-0.010879197138739123	0.0006993006993006993	0.05397960817808146	-0.08079859072225484	0.05385683019270805	0.04260929909784872	0.01205359525970213	-0.06281962312496664
SahR_SamR	-0.27813484225697965	-0.31494154700261573	-0.0009288421502161961	-0.04260396092457161	-0.24372497731276357	-0.16613462873004858	-0.17045854908450328	0.4708055303475151	0.43432979234505953	0.5309026851011583	0.512608765280521	0.5079538781828858	0.495200982223883	0.5603000053381733	0.5599530240751615	0.675348315806331	0.754465381946298	1.0	0.681930283457001	0.730726525383014	0.7021886510436128	0.681113542945604	0.6536860086478407	0.7102492926920407	0.629407996583569	0.5946244595099557	0.6669940746276624	0.6456413815192441	0.6492446484812897	0.0651150376341216	0.25526076976458656	0.20032562856990338	0.20099290022954144	0.3413708428975605	0.1658250146799765	0.2535845833555757	0.3348689478460471	0.11410879197138739	0.1550739336998879	0.09541450915496717	0.137212405914696	0.18967597288207974	0.1422302887951743	0.16701542732077082	0.24677307425399028	0.2666524315379277	0.2788394811295575	0.26177867933593124	0.18607804409331127	0.4006459189665297	0.37769711204825707	0.466513639032723	0.46520578657983236	0.3516841936689265	0.3407569529706934	0.3624352746490151	0.23168739657289275	0.17435541557678963	0.3575241552340789	0.27204932472108045	0.3308012598088934	0.32351465328564566	0.36155447605829283	0.3208936102065873	0.38241605722521754	0.48956920941653764	0.4342924251321198	0.2216089254257193	0.21619067954945817	0.28838413494902043	0.3498371857150483	-0.13981209630064592	-0.006619334863609673	-0.013916617733411626	0.18002455559707467	0.17926119681844874	0.07784124272673891	0.043410025089414404	0.03748465275182832	0.1712699514226232	0.04244915389953558	0.05334970373138312	0.06794426947098703	-0.039571878503176214	0.0010195910959269739	0.03947579138418833	-0.004980515667538568	0.04916991405541024
MntR	-0.22969625794053275	-0.31168526130358193	0.12505738536272887	-0.04749906581967651	-0.2644050605882667	-0.13637431271019057	-0.16846207227886617	0.47661880104628196	0.5265574120535953	0.47088026477339456	0.5316927347461698	0.5365558106016122	0.5800672609832915	0.5976031601985801	0.5896172529760316	0.6440506058826669	0.6575241552340789	0.681930283457001	1.0	0.7923130304809695	0.7099663695083542	0.6605669140020285	0.6539369027918647	0.7608124699727753	0.6290129717610634	0.5312336518443389	0.6896492820156942	0.6487802274061816	0.6006032135803128	0.024502215341909998	0.21205893343297924	0.17627181978327017	0.1812309827577003	0.332210537554049	0.28197832701649495	0.1802754497410986	0.3091069236107404	0.07823092937596754	0.3124592964287621	0.19826509368494102	0.16691400202850584	0.20375273581380451	0.04241712485987295	0.08545881599316714	0.21731703411092723	0.1670794854000961	0.2006085517535899	0.18198900336304916	0.22606096193882452	0.5163027811882773	0.3694442961618534	0.35084610046442105	0.34323920354454707	0.35222334916991405	0.37603694015907757	0.41954839054075693	0.2391074574280681	0.15968077723802915	0.25999572946137833	0.3288261356963647	0.24109325788715102	0.2850691293439385	0.31428495168953186	0.24633534404526772	0.27018096407409387	0.41964981583302197	0.4133294186729301	0.17518817060801795	0.2214968237869001	0.3250947525756686	0.32830299471520846	-0.08076122350931511	0.044312176373245075	0.08392142208936101	0.15958469011904125	0.11549137885015748	0.037602092563924626	0.024817167565259167	0.08544280147333583	0.044461645225004	-0.0035819142689371697	-0.0772487054929803	-0.01589174184594032	-0.04031388458869375	-0.004430683819996797	0.0401430630438264	0.056146906528585915	0.0016121283296855816
NrtR	-0.2714354347942134	-0.2768857097101372	0.05254897773981743	-0.010131852879944484	-0.23241338813857898	-0.12648267762771578	-0.20252495596007047	0.5107884481930284	0.5000160145198314	0.536956173597395	0.4930924037794267	0.5705866652431538	0.5832701649495543	0.6409064218224524	0.621027064538515	0.7058613142582608	0.7170394491005178	0.730726525383014	0.7923130304809695	1.0	0.7718091069236107	0.7502962686168793	0.7000800725991566	0.783206106870229	0.6737361874766455	0.6363369454972508	0.8033310201249133	0.6743554155767896	0.6615544760582929	0.11550739336998879	0.27825762024235307	0.22444349543586184	0.24498478620616027	0.2892542571931885	0.1936048684140287	0.30378476485346717	0.3300379010302674	0.10640580793252549	0.3470346447445684	0.238029146426093	0.21161586505097957	0.15481236320930977	0.09222228153525863	0.1970800192174238	0.274478193562163	0.2659371163187957	0.3050232210537554	0.20613356109539316	0.21474403459136285	0.46882506806170926	0.4369935408103347	0.42732610900549833	0.4559066887311162	0.46218438050499117	0.38067581273688145	0.38752468905140663	0.30842897560454813	0.252068542144878	0.37891955372871405	0.3636150109432552	0.3102706453851492	0.31214968237869	0.3695563978006726	0.2269684513959323	0.3443228527197993	0.4940853040089681	0.4108898734852933	0.25521806437836975	0.3042705386216837	0.3705653125500454	0.38795708108685206	-0.0800352319436289	-0.025521806437836973	0.04377302087225751	0.18976138365451342	0.22832434740831686	0.002903966262744889	0.058020605348849626	0.18660118507446752	0.04963967330379544	-0.017882880478300327	-0.0067634655420914964	0.014840121710350719	0.0020018149789142155	0.04712005551700208	0.11499492873538675	0.11573693482090429	-0.03095606683392943
NsrR	-0.23193295254363958	-0.2802540970479902	0.11449847862061603	-0.06750120108898734	-0.17311695937650137	-0.19736828057438743	-0.14046869161372977	0.5099770458549084	0.47392836171462127	0.5754070357123793	0.562840975818075	0.5307372017295682	0.5443869107991245	0.579175786046015	0.613836545134255	0.6686809373832274	0.7085143863769818	0.7021886510436128	0.7099663695083542	0.7718091069236107	1.0	0.5958415630171355	0.6479795014146159	0.68386804035659	0.5765494047936796	0.6076869695190306	0.6869001227779854	0.6649655687823627	0.6371803768750334	0.05563978006726098	0.27297816687129667	0.21892382426733573	0.25305076602786525	0.29223295788181286	0.21425292264986923	0.21888111888111889	0.3606523247744622	0.167074147226819	0.3630117973629424	0.2042011423690813	0.23900603213580313	0.23297923450595207	0.11631345753483158	0.21687930390220467	0.20382747023968398	0.24997597822025303	0.26039609245716117	0.17031975657929857	0.22641861954839054	0.4614850798056905	0.4314098115624833	0.2454065018950515	0.40513532269257463	0.43438317407783056	0.35747077350130785	0.3058292852185982	0.28930230075268243	0.2784231036139433	0.3851705546362035	0.3491645758821331	0.2991725831420488	0.32726205092617305	0.3009395184967704	0.24465915763625687	0.3592323706827524	0.43784764853467145	0.41629744301500027	0.2059520632039716	0.2059680777238029	0.25683553088133243	0.2971173864303635	-0.031174931938290715	0.12259114930870656	0.0640580793252549	0.1519404259862275	0.21157315966476273	0.12992579939144824	0.10547696578230929	0.15868253883521058	0.10595740137724871	-0.06502962686168794	0.03294186729301233	0.0024128543212512676	0.06443175145465221	0.037756899588960655	0.023279773661453052	0.07307959216356164	-0.07810815139059414
Phr	-0.36213099877222016	-0.3192921582234559	-0.01966049217957615	0.04676773608071318	-0.33100411039342337	-0.20528479154433352	-0.1119041264079432	0.41972455025890143	0.42692040783643836	0.5436609192334383	0.4527678428441787	0.44742433139379706	0.4459456573960391	0.5654566807238562	0.5021566220039503	0.5790530080606416	0.688159931671382	0.681113542945604	0.6605669140020285	0.7502962686168793	0.5958415630171355	1.0	0.6416697806010783	0.640938450862115	0.5564618587519351	0.5007686969519031	0.6250413708428976	0.5466342817487856	0.5195377141942027	0.07528425772700582	0.1931244328190893	0.26435701702877273	0.286830726525383	0.3142155554369295	0.07658143383334223	0.09699994661826723	0.24472321571558212	0.009715475364330326	0.19249452837239098	0.1718678268296589	0.16912934393850423	0.08794640474029787	0.06385522874072493	0.16142635989964235	0.31643089734692786	0.1440826349223296	0.23205573052901296	0.13651310521539528	0.12866065232477447	0.47429669567074145	0.38672930123311805	0.45515400629904446	0.4183953451129024	0.3850371003042759	0.23446858485026423	0.4024021779746971	0.24743500774035126	0.10659264399722415	0.3310681684727486	0.196375380344846	0.30564244915389954	0.24326055623765547	0.24103987615437997	0.17216676453317675	0.27809213687076284	0.40499653018736986	0.3669567074147227	0.22290076335877862	0.29464581220306413	0.3448780227406182	0.3670688090535419	-0.13551486681257674	-0.029231836865424653	-0.02734746169860674	0.040239150162814284	0.03207708322212139	0.002903966262744889	-0.07804943148454599	0.0014039395718785032	0.06244061282229221	-0.00026690866385522876	-0.019980782576202425	0.09378102813217316	-0.028890193775689958	0.008733251481343084	-0.02290610153205573	0.05514332995249026	-0.060470826883040625
