	NiaR	PsrA	CcpA	HisR	HexR	TrpR	TyrR	KdgR	MetR	IscR	NsrR	Phr	RbkR	SahR_SamR	Zur	MntR	ArgR	NrtR	FUR	NagC	ThiR	BirA	CzrA	PhrR	AgaR	GulR	XylR	Rex	NadQ	AraR	ModE	SiaR	Irr	HutC	PhnF	LiuR	RbsR	BioQ	FadR	GntR	NtrC	CueR	FruR	NnrR	AcnR	FadP	FixJ	NmlR	PaaR	DasR	MerR	NifA	PdxR	FnrN_FixK	LtbR	GlcC	CsoR	ZntR	FabR	HrcA	MetJ	PurR	NikR	QorR	TtrR	HcpR	PhnR	AmtR	CadR-PbrR	NorR	VanR	PhsR	RutR	GguR	NagQ	NarP	NrdR	LldR	NagR	PrpR	CblR	HypR	LiuQ	SoxR	PdhR	SdaR	ExuR_UxuR	LexA
NiaR	1.0	0.1679888719882839	0.15993689603112224	0.21476270985179616	-0.021119473455055385	0.23775381535869178	0.1047378866955799	0.29503367241350065	0.24215299885214106	0.39812610615716054	0.46432872870382413	0.391838327179377	0.3778491498493082	0.4662286331431544	0.3888640720154254	0.34138907894216036	0.35753826667646776	0.3838428959971954	0.3863308660963184	0.4295650010460783	0.41572284013095767	0.46551616897840553	0.43986745904744673	0.29911620516706156	0.4150103759662088	0.21701319189600285	0.2718955504916568	0.35768528309141595	0.2303803767012909	0.4495931603440184	0.32085201666939966	0.11720035510118687	0.23264216770049365	0.35411165331267563	0.25801946271154813	-0.38733736309096356	-0.37285059174107016	-0.35803586069629234	-0.16828290481818028	-0.2839735144273993	-0.23254038710552952	-0.31320716309209445	-0.39265257193909	-0.33662800888883865	-0.3144059123216719	-0.2660488207587178	-0.3613946203301084	-0.17048815104240292	-0.07751723202017517	-0.2942533545187757	-0.4483378663394609	-0.2639679730394513	-0.16109040944071562	-0.16067197810586312	-0.14668280077579432	-0.19344532968431052	-0.11169289401812825	-0.17634618973033797	-0.06660409044902206	-0.08112478866390352	-0.21566742625147722	-0.2632102730547184	-0.04224460138760878	-0.036103838824773395	0.10866209407919661	-0.253744677723055	-0.11035843732859865	-0.14470373365149194	0.06415004721488711	-0.21661737847114237	-0.023109849534353778	-0.09649365850348599	-0.17934306280428158	0.004970285720747974	0.10654731949494207	0.1727160151766176	0.004687561845847635	-0.0667284889539782	0.02752034198279908	0.25337148220818656	0.09415270481931118	0.18308632690796206	-0.258765853741285	-0.0011252410221033525	-0.13729636812910304	0.24472013163623615	0.2522632046185772	0.0863495258720618
PsrA	0.1679888719882839	1.0	0.40917495518826585	0.5089312472081018	0.2934278008040667	0.26188712532018477	0.31005196464820667	0.4925898072388621	0.44856404543938116	0.3811966005281282	0.4232093683383187	0.5061944800990664	0.44462852910076844	0.464215639153864	0.5186117126846894	0.5884784366500614	0.49422960571328406	0.5172772559951597	0.5303164811055634	0.5189170544695817	0.5112495829822845	0.5861374829658865	0.38583327207649376	0.39139727793453244	0.29754426042261567	0.3392064506279297	0.46326568693419884	0.499160310091546	0.31391962725684336	0.297035357447795	0.3437752684463192	0.16833944959316036	0.09746622863314315	0.1330442010506019	0.16063805124087507	-0.19114961182011977	-0.32116866740928807	-0.38567494670654956	-0.18482790597734816	-0.331968719430481	-0.2561082493172218	-0.36854187988758896	-0.4799124686883309	-0.408519035798497	-0.46234966157952173	-0.48298850444724656	-0.3133089436870586	-0.2691587833826215	-0.39339896296882687	-0.36425578594409985	-0.5285975199461693	-0.5136357724864434	-0.14687505301072654	-0.2765548399500144	-0.28175695924818067	-0.3697745559821545	-0.22076776495467937	-0.29985128724180243	0.034735455270255754	-0.10336950314106225	-0.21509066954668055	-0.09312358991467394	0.11421479098223929	-0.05452612651327954	-0.1467506545057704	-0.25010319421433863	-0.23480217810473222	-0.050047780334858155	-0.24371363464159093	-0.14327880532199422	-0.24274106451193378	-0.15078795143934726	-0.14636615003590595	-0.18354999406279862	0.06045201893119066	0.1900300252755144	0.21434427851694365	0.02343780922923817	-0.13466138161503186	0.037426986559306985	0.2555880373874052	0.30106134542637586	0.07922488422457323	0.15239382304878119	0.06568806509434495	0.047933005750603615	0.1288598877020769	0.07301626793176176
CcpA	0.15993689603112224	0.40917495518826585	1.0	0.4846056850116765	0.27242707137646943	0.13141571153117595	0.28282000101780597	0.5138054068113836	0.45786000644610436	0.38463452284691635	0.36599736501348595	0.3753724887051812	0.5139298053163397	0.4154627341660494	0.45860639747584125	0.5071670502287237	0.4840854730818599	0.4896607878948946	0.5483768822341971	0.48341824473709505	0.48380274920695954	0.4745633329752164	0.32243527036884156	0.30196606182605695	0.26332336260467853	0.25545232992745304	0.42093626838411996	0.5401439629970992	0.3558079965620777	0.23855675116340874	0.33339364775997876	0.08003912898428621	0.17514744050076053	0.04003935516338613	0.17649320614528616	-0.12923308321694535	-0.2581664791264963	-0.34946367280931406	-0.28633708602156616	-0.3604220502004512	-0.2779458414145241	-0.3604785949754313	-0.47452940611022837	-0.4030681194904185	-0.43830682325799686	-0.5377917003579284	-0.22283730371894986	-0.31669032123086666	-0.33715952977365127	-0.4139812610615716	-0.5304069527455315	-0.4163674505657305	-0.1385064263136765	-0.15151172455909212	-0.11853481179071648	-0.2436910167315989	-0.24352138240665872	-0.2706289475321033	-0.1774657762749433	-0.18857117008102867	-0.059162798061645115	-0.02688704050302232	0.07591136041074124	0.10584616428518923	-0.12206320574947271	-0.0514161638893758	-0.08751434823665119	0.002369226071664848	-0.2350283572046525	-0.14714646793063088	-0.24332913017172647	-0.18343690451283848	-0.1435276023319065	-0.09830309130284816	0.15620494088243775	0.2640584446794194	0.08545611842737671	-0.05501241157810813	0.012287179603168769	-0.043126699877297836	0.17916211952434535	0.13321383537554213	0.18433031195752356	0.313636903381943	0.04270826854244533	0.13924150838841737	0.16548959293416493	0.16176894674047645
HisR	0.21476270985179616	0.5089312472081018	0.4846056850116765	1.0	0.2692266371125976	0.229611367761562	0.2415083884173683	0.46841126145738504	0.4119004133423051	0.29987390515179446	0.3787764841589813	0.3916686928544368	0.35148797575360047	0.37306546188599443	0.4412584605119564	0.4830111223572386	0.4210267400240881	0.44162034707182884	0.4440856992609598	0.4524203990930218	0.42392183250306753	0.40642687912423453	0.3395231013678181	0.3902437645249391	0.26633154463361813	0.19519821770869264	0.3617791247999729	0.34164918490706864	0.24688014204047476	0.20555722048504108	0.41557582371600954	0.0400167372533941	0.12990031156171014	0.04803478634556774	0.07523282311098042	-0.1816840164884564	-0.14784762314038372	-0.39022114661494706	-0.25130194344391604	-0.3276826254869919	-0.19213349090477294	-0.22680674692255062	-0.4330594681398465	-0.33447930743959603	-0.3624689710547297	-0.4458498962403379	-0.3691299455473817	-0.26105026265047976	-0.24245834063703345	-0.3424295028017936	-0.40734290447891164	-0.43156668608037274	-0.20709523836449892	-0.19222396254474106	-0.17936568071427358	-0.30106134542637586	-0.14676196346076642	-0.11442966112716355	-0.037981125354111654	-0.24446002567132785	-0.14189911281248055	-0.08706199003681064	0.09806560324793187	-0.04326240733725	-0.07181751870218432	-0.1548139394179281	-0.08538826469740064	-0.07485962759611198	-0.035244358245076365	-0.19295904461948193	-0.31818310329034044	-0.1312686951162278	-0.1475875171754754	0.09683292715336639	0.05429994741335927	0.11404515665729908	0.10137912706176386	-0.034452731395355415	-0.04275350436242939	0.07188537243216041	0.0776190126151393	0.14006706210312636	0.0297821329820018	0.1827018224380976	0.07179490079219229	0.01767024218127124	0.08359014085303447	-0.029103595682240982
HexR	-0.021119473455055385	0.2934278008040667	0.27242707137646943	0.2692266371125976	1.0	0.4386008560878932	0.28491215769206846	0.3757796110850377	0.376865270764655	0.40780657163374817	0.4389966695127537	0.4921826848590056	0.4075351567138439	0.3586465442660771	0.47430322701030814	0.4591718452256419	0.44627963653018643	0.4561636631967023	0.39570598978801363	0.39082052122973576	0.3953101763631532	0.3395117924128221	0.43972044263249854	0.3808573318782478	0.3037528767154271	0.27607986384018185	0.2167191590661065	0.4704016375366834	0.38025795726345907	0.3734047305358748	0.4021068583157573	0.2682879938479285	0.3225257420088097	0.3996641240366184	0.2643072416893317	-0.21420857105699148	-0.3977416016872961	-0.503322005530079	-0.45211505730812945	-0.33225144330538137	-0.4374247247683078	-0.46509773764355306	-0.40553347167954945	-0.4094916059281542	-0.36326059790445064	-0.4514704468733567	-0.2193993814001617	-0.29661692611294255	-0.3595286427557661	-0.4279138936166604	-0.3798508348836026	-0.35471102792746434	-0.29222905157448925	-0.2900690411702507	-0.327807023991948	-0.20996771293348637	-0.3122685198274254	-0.20163301310142437	-0.11960916251533776	-0.28030941300869094	-0.19964263702212598	-0.21899225902030522	0.09610915403362152	-0.2801171607737587	-0.21368835912717485	-0.20768330402429164	-0.2547398657627042	-0.03213439562117262	-0.06867362921329255	-0.00930161548422118	-0.18525764626719668	-0.007921922974707523	-0.20190442802132869	0.22244149029408938	0.282028374168085	0.24481060327620427	0.3048272274400484	0.3680555948227604	0.17440104947102364	-0.03205523293620053	-0.13950161435332567	0.08841906463633228	0.04757111919073118	0.06666063522400213	0.2578385194316119	0.0048911230357758795	-0.036952010449474416	0.011054503508603288
TrpR	0.23775381535869178	0.26188712532018477	0.13141571153117595	0.229611367761562	0.4386008560878932	1.0	0.362729077019638	0.2077398487992717	0.2583926582264166	0.3204675121995352	0.4655048600234095	0.3848154661268525	0.27684887277991077	0.36340761431939883	0.3084008572187887	0.3591328293309057	0.4002634986514071	0.3809591124732119	0.2817682682031767	0.3387088566081051	0.3365940820238506	0.3907752854097517	0.4033056075453348	0.36102142481523997	0.17405047186614722	0.2356842765944213	0.15112722008922766	0.4106225014277556	0.3025880543508377	0.3847928482168605	0.4081571492386246	0.2090516875788093	0.12018591922013447	0.5736297787402955	0.1324448264358132	-0.18698791638158677	-0.40951422383814623	-0.2892661053655337	-0.28779594121605195	-0.19164720583994435	-0.23356950201016674	-0.2298827826814663	-0.31570644214621346	-0.24823721663999637	-0.48479793724660875	-0.32315904348858643	-0.2702444430622388	-0.23973288248299415	-0.24609982414574982	-0.37573437526505366	-0.34539244901074917	-0.3770349050895952	-0.28362293682252293	-0.3491583310244217	-0.09410746899932712	-0.1727951778615897	-0.12893905038704898	-0.18248695229317335	-0.005038139450724056	-0.005886311075425075	-0.1599029691661342	-0.31450769291663605	0.049640657955001666	-0.10496406579550016	-0.060293693561246475	-0.3814906333580246	-0.1767872389751825	0.03775494625419138	0.062453703965485066	-0.044020107321982915	-0.247931874855104	0.11986926848024608	-0.0621483621805927	0.13572442338465715	0.3193818525199179	0.20144076086649212	0.10678480754985835	0.1542371827131314	0.019909415270481932	0.08247055430842913	-0.09306704513969387	-0.03508603287513217	-0.2409316317125716	-0.1009946225918994	-0.016494110861685826	0.18223815528326104	-0.000503248497322605	-0.004178658871027023
TyrR	0.1047378866955799	0.31005196464820667	0.28282000101780597	0.2415083884173683	0.28491215769206846	0.362729077019638	1.0	0.29706928431278307	0.29796269175746815	0.23168090652583248	0.352743269758158	0.3203544226495751	0.32107819576931995	0.3134785780119988	0.29314507692916636	0.32597497328259384	0.3493279653493619	0.34198845355694907	0.25230844043856127	0.2740103250759114	0.2740442519408994	0.3442050087361677	0.2856020039468253	0.28390566069742323	0.11159111342316413	0.23316237963031025	0.21515852327665663	0.3075979214140717	0.21955770677010591	0.2644881849692679	0.32607675387755797	0.20675596971461851	0.050601919129662824	0.1643247705695755	0.016075679526833322	-0.07905524989963303	-0.2556445821623853	-0.16087553929579138	-0.25019366585430675	-0.15520975284278857	-0.1557299647726052	-0.3149826690264686	-0.34996126682913864	-0.19263108492459755	-0.4307863681856478	-0.2842675472572957	-0.26118597011043193	-0.2591390492561535	-0.27856783393930484	-0.27327524300117045	-0.31918960028498566	-0.35828465770620466	-0.15853458561161657	0.014040067627550876	-0.024082419664010948	-0.2925909381343617	-0.14796071269034386	-0.28266167564786177	0.14822081865525216	-0.13964863076827386	-0.05013825197482626	-0.029227994187197133	0.05744383690225105	-0.11756224166105932	-0.04763897292070726	-0.08748042137166315	-0.18637723281180202	0.016550655636665895	-0.13878915018857682	-0.006067254355361293	-0.15506273642784038	0.02663824349311002	-0.028492912112456248	0.08130573194383973	0.21143787708296816	0.22144630225444017	-0.01203838259325647	0.08441569456774346	-0.128961668297041	-0.040503022318222684	-0.03174989115130816	0.1553228423927487	-0.06945394710801749	-0.12809087876234795	0.16418906310962336	0.3113185676077602	0.09503480330900023	0.14387817993678295
KdgR	0.29503367241350065	0.4925898072388621	0.5138054068113836	0.46841126145738504	0.3757796110850377	0.2077398487992717	0.29706928431278307	1.0	0.8728308010698271	0.7456842200496463	0.7631678644734833	0.7610643988442248	0.7908182594387365	0.8154717813300462	0.799548772695659	0.8685899429463221	0.856885174525448	0.8700148712758198	0.8979479901159734	0.8941594901923088	0.8691893175611107	0.7494953378833029	0.6297335044755189	0.52246806633833	0.649772972728455	0.6228915867029308	0.6019247841403215	0.517514744050076	0.5373280332030919	0.521608585758633	0.5350662422038891	0.46801544803252454	0.4250527280026689	0.29810970817241633	0.43541173077901735	-0.5734714533703513	-0.4679136674375604	-0.6362700804632148	-0.6880650943449571	-0.7728370209950749	-0.7456389842296622	-0.614896155520749	-0.7008668314004445	-0.7235978309424318	-0.6875561913701365	-0.7168237668998196	-0.49520217584294124	-0.4244533533878802	-0.46991535247185484	-0.40787442536372426	-0.6287948612108498	-0.5233501648280191	-0.3421128520619052	-0.3345245432595801	-0.4097177850280745	-0.37481834991037655	-0.33676371634879076	-0.3425086654867657	-0.38514342582173694	-0.5786622637135216	-0.33523700742432894	-0.29512414405346876	-0.14494122170640822	-0.2697807759074023	-0.012830009442977422	-0.06402564870993097	-0.20038902805186287	-0.1250374609134243	-0.22410390667850338	-0.3378493760284081	-0.15551509462768093	-0.2829443995227621	-0.1756902703405692	0.0962561704485697	0.07782257380506755	0.13708149798417876	0.29555388434331725	0.24080723320761546	0.10203504645153265	0.00420127678101905	0.21826848590056036	0.2119807069227768	0.19196385657983275	0.2596705701409661	0.17721697926503102	0.011427699023471736	0.10010121514721432	0.1581387721867561
MetR	0.24215299885214106	0.44856404543938116	0.45786000644610436	0.4119004133423051	0.376865270764655	0.2583926582264166	0.29796269175746815	0.8728308010698271	1.0	0.7779599776082691	0.7728030941300869	0.789517729614195	0.8288276571803382	0.8486522552883501	0.8364612018026474	0.8536508133965881	0.8450899344646058	0.8614087565238534	0.8665430220920436	0.8680697310165054	0.862788449033367	0.7218901787380337	0.634822534223725	0.4760448060796942	0.6251986135221175	0.6036663632097076	0.5904575037743637	0.47423537328033205	0.5384589287026932	0.5487726956590576	0.5295022363458505	0.49627652656756255	0.4837122775669914	0.3922906853792175	0.5279868363763847	-0.6218172359783094	-0.47658763591950287	-0.5487387687940696	-0.7281779577158173	-0.7555003929861861	-0.7339002889438001	-0.615653855505482	-0.7501964930930557	-0.7587008272500579	-0.7072903178381802	-0.7219580324680098	-0.4924540997789099	-0.3506850399488835	-0.40916364623326984	-0.4565255497565747	-0.5970619334920356	-0.5448824151404289	-0.37300891711101436	-0.38090256769823183	-0.3846797586669004	-0.4365878620986028	-0.2731960803161984	-0.2871400218262831	-0.39186094508936903	-0.5336752407393794	-0.3814453975380405	-0.3417848923670208	-0.12507138777841234	-0.20231155040118518	-0.059762172676433835	-0.04078574619312302	-0.20148599668647618	-0.019174333195741047	-0.0764654992055459	-0.34853633849964094	-0.16876918988300887	-0.27482456983562437	-0.20796602789919197	0.19671361767815845	0.097341830128187	0.12444939525363159	0.26792610728805605	0.1866712656416984	0.18575524028702128	-0.1370249532091987	0.2781267846944603	0.20444894289543175	0.19047107452035894	0.23563904077443723	0.07065269633759493	0.08530910201242854	0.003341796201322017	0.1297193682817739
IscR	0.39812610615716054	0.3811966005281282	0.38463452284691635	0.29987390515179446	0.40780657163374817	0.3204675121995352	0.23168090652583248	0.7456842200496463	0.7779599776082691	1.0	0.8253671169515581	0.794538905632425	0.7668772017121758	0.8005778876002962	0.8252540274015979	0.7955454026270703	0.8040723546940645	0.8191698096137426	0.843619770315124	0.7906825519787845	0.8042193711090126	0.7127073072812706	0.7153649117053339	0.49879842353167353	0.6013141005705368	0.6023997602501541	0.5787640443084857	0.5014560279557367	0.5983963901815653	0.5930020186484668	0.559945943195119	0.51421252919124	0.5184307694047532	0.5048147875895528	0.6236153598226756	-0.6718932887006576	-0.6486420772288537	-0.559957252150115	-0.6300162283504193	-0.6540477577169481	-0.7514517870976133	-0.7175814668845525	-0.6709772633459805	-0.780391402932412	-0.7189837773040583	-0.6791988736280824	-0.4618746854696892	-0.403520477690259	-0.41020407009290305	-0.46691847939791126	-0.556632419381287	-0.604774640799317	-0.34637632809540236	-0.3614172382401004	-0.31246077206235756	-0.3633171426794307	-0.3415926401320886	-0.3176402734505318	-0.43783184714816425	-0.45151568269334075	-0.39438284205348006	-0.41707991473047934	-0.18178579708342052	-0.17816693148469614	-0.05644864886260185	-0.1377713442389356	-0.1700584107525544	0.016708981006610085	0.04852107141039632	-0.22772277227722773	-0.09480862420907996	-0.2578272104766159	-0.1743784315610316	0.148933282820001	0.05625639662766962	0.21025043680838673	0.3550163697123567	0.28217539058303315	0.29531639628840095	0.013248440777829924	0.2381835556485403	0.24297855256685005	0.004766724530819729	0.16907453166790123	0.06114186518594749	0.061752548755732224	0.08766136465159936	0.07274485301185744
NsrR	0.46432872870382413	0.4232093683383187	0.36599736501348595	0.3787764841589813	0.4389966695127537	0.4655048600234095	0.352743269758158	0.7631678644734833	0.7728030941300869	0.8253671169515581	1.0	0.9026864422593031	0.8208887707731367	0.8805321994221124	0.8617706430837259	0.8295288123900911	0.8749681935640737	0.8902918275836721	0.8196334767685792	0.8710100593154689	0.848618328423362	0.7991303413608065	0.8176883365092649	0.5476644180694483	0.6052043810891654	0.5714584593810609	0.5655778027831339	0.6124986570615942	0.6283425030110092	0.6315203193648891	0.6808273631475084	0.45178709761324504	0.5010715234858722	0.5785491741635614	0.6460297086247745	-0.691423853978773	-0.6867758734754115	-0.5996743020961148	-0.6944885807826928	-0.6926339121633466	-0.7274541845960724	-0.7484322961136776	-0.6894221689444787	-0.7214604384481852	-0.7739339896296883	-0.7027441179297828	-0.5833215531718792	-0.47249379421094595	-0.44012756501235506	-0.544984195735393	-0.6330583372443469	-0.6462445787696988	-0.4831015939972067	-0.3826102199026299	-0.39926831061175794	-0.3889319257454015	-0.3496559250442463	-0.2984602857772927	-0.3155254988662773	-0.4085755805734771	-0.39187225404436504	-0.41429791180146	-0.05221909969409277	-0.17306659278149403	-0.12358991467393456	-0.2558933791722976	-0.24789794799011597	-0.02664955244810603	0.006655320015154	-0.21470616507681609	-0.1282944399522762	-0.19954085642716185	-0.20586256226993344	0.1698887764276142	0.2613895313003602	0.2308666617661195	0.3922567585142295	0.3097918586832984	0.24194943766221283	0.07413585447636711	0.15373958869330678	0.2584039671814126	-0.06061034430113486	0.12153168486466008	0.03311827470582581	0.1627415168701336	0.14607211720600957	0.028549456887436316
Phr	0.391838327179377	0.5061944800990664	0.3753724887051812	0.3916686928544368	0.4921826848590056	0.3848154661268525	0.3203544226495751	0.7610643988442248	0.789517729614195	0.794538905632425	0.9026864422593031	1.0	0.8102018083019039	0.8457910896743587	0.8755223323588783	0.8490593776682066	0.8400574494913797	0.9098450107717796	0.8151664395451538	0.8899977947537758	0.8508461925575768	0.8125653798960707	0.7761166179439188	0.503299387620087	0.6019926378702976	0.5257024274671899	0.5876981187553364	0.64553211460495	0.641438272896393	0.598102357351669	0.6265669970766351	0.4861210849811423	0.4865168984060028	0.46378589886401544	0.6190465420042861	-0.6046163154293728	-0.6518538204477216	-0.6054644870540737	-0.6735557050850716	-0.6843218302412766	-0.7308694890048685	-0.7407874425363724	-0.6773442050087362	-0.7523451945422983	-0.7085682297527297	-0.6951445001724615	-0.5092365889929941	-0.4225534489485499	-0.4627115481393942	-0.5185212410447213	-0.6543983353218246	-0.6451702280450775	-0.40294372098546233	-0.4603705944552194	-0.4094237521981781	-0.4794601104884903	-0.38559578402157746	-0.2583248044964405	-0.24913062408468145	-0.40868867012343724	-0.4312274174304923	-0.36363379341931906	-0.012140163188220593	-0.2208808545046395	-0.1675478227434394	-0.24753606143024354	-0.2170584277159869	-0.1051676269854284	0.03880667906882065	-0.2812593652283561	-0.13717196962414688	-0.2189809500653092	-0.23508490197963258	0.19147757151500416	0.1436859277018507	0.2726532504763897	0.37081497984178774	0.26436378646431175	0.18998478945553035	0.02273665401948533	0.17468377334592397	0.254592849347756	0.03343492544571419	0.16182549151545653	0.04128334021294762	0.0755381648958728	0.11221310594794488	0.059739554766441806
RbkR	0.3778491498493082	0.44462852910076844	0.5139298053163397	0.35148797575360047	0.4075351567138439	0.27684887277991077	0.32107819576931995	0.7908182594387365	0.8288276571803382	0.7668772017121758	0.8208887707731367	0.8102018083019039	1.0	0.8399782868064076	0.8176657185992728	0.8142277962804847	0.8482903687284776	0.8383837241519697	0.8202780872033519	0.8346743869132773	0.8571792073553444	0.7311974486997529	0.6703665797761957	0.45679696467647907	0.6279240716761567	0.5847917173213609	0.5469971897246835	0.5997195379160989	0.5680770818372528	0.550706526963376	0.5778254010438165	0.3633963053644028	0.47128373602637247	0.39745887781239575	0.5621851162843298	-0.5795330532482146	-0.534907916833945	-0.5644469072835324	-0.6995776105308988	-0.6444351459703366	-0.686323515275571	-0.69217024500851	-0.733708036708868	-0.7430718514455672	-0.7106490774719962	-0.7341830128187005	-0.4965931773074509	-0.45150437373834473	-0.4606646272851157	-0.4324487845700618	-0.6378533341626567	-0.616558571905163	-0.37360829172580307	-0.33032892095605904	-0.3787877931139773	-0.431770247270301	-0.34687392211522694	-0.3316633776455887	-0.3334388835799628	-0.3692204171873498	-0.35263018020819786	-0.35541218313721723	-0.07301626793176176	-0.1554133140327168	-0.10357306433099049	-0.1061515060700816	-0.2110533726131037	0.05776048764213943	-0.026276356933237585	-0.31224590191743334	-0.09428841227926334	-0.22972445731152213	-0.16045710796093887	0.11260891937280536	0.17763541059988353	0.21900356797530124	0.3571085263866192	0.24056974515269916	0.20603219659487365	-0.009199834889257057	0.2781494026044523	0.24952643750954193	0.06359590842008245	0.22401343503853527	0.07056222469762681	0.1036635359709586	0.09968278381236181	0.1641438272896393
SahR_SamR	0.4662286331431544	0.464215639153864	0.4154627341660494	0.37306546188599443	0.3586465442660771	0.36340761431939883	0.3134785780119988	0.8154717813300462	0.8486522552883501	0.8005778876002962	0.8805321994221124	0.8457910896743587	0.8399782868064076	1.0	0.8397634166614834	0.8586832983698142	0.9042470780487529	0.8788810919926944	0.86851078026135	0.8870122306348281	0.893526188712532	0.8248695229317335	0.7677253733368768	0.518295061944801	0.7023822313699103	0.6128944704864547	0.6613307247343809	0.6075905705933243	0.5520409836529055	0.6298805208904671	0.6269401925915036	0.4512216498634444	0.4710349390164602	0.502428598085394	0.6412007848414767	-0.6251646866571294	-0.5625583117991982	-0.6363605521031829	-0.6574743710807402	-0.7427438917506828	-0.7070641387382599	-0.6917970494936415	-0.7707561732758085	-0.7606798943743603	-0.7416129962510815	-0.7814996805220213	-0.574851145879865	-0.4865168984060028	-0.47543412250990946	-0.43207558905519333	-0.7026310283798226	-0.6235022702727154	-0.430956002510588	-0.3455168475157053	-0.36032026960548713	-0.3699554992620907	-0.322774539018722	-0.2956895918032694	-0.3389237267530294	-0.460902115340032	-0.3655676247236374	-0.4249509474077048	-0.011959219908284375	-0.22250934402406547	-0.05616592498770151	-0.17523791214072865	-0.23821748251352834	-0.05160841612430803	-0.06372030692503859	-0.3060938303996019	-0.1430073904020899	-0.21619894713628987	-0.23351295723518667	0.11587720736665329	0.180519194123867	0.2109742099281316	0.29538425001837704	0.2015877772814403	0.19812723705266014	0.07522151415598442	0.2615365477153084	0.22326704400879838	0.0049815946757439875	0.16075114079083522	0.07325375598667805	0.11523259693188051	0.11908895058552114	0.09437888391923144
Zur	0.3888640720154254	0.5186117126846894	0.45860639747584125	0.4412584605119564	0.47430322701030814	0.3084008572187887	0.29314507692916636	0.799548772695659	0.8364612018026474	0.8252540274015979	0.8617706430837259	0.8755223323588783	0.8176657185992728	0.8397634166614834	1.0	0.8815500053717537	0.8539109193614964	0.8957314349367547	0.8812446635868613	0.8765062114435316	0.8868086694448999	0.7556474094011343	0.729580268135323	0.572363175780742	0.6187864360393778	0.5778932547737926	0.5991201633013101	0.6019813289153015	0.5889760306698859	0.6310227253450645	0.6212744061385008	0.490859537124472	0.47567161056482576	0.4831807566821788	0.6083708884880492	-0.616422864445211	-0.6103951914323357	-0.6377741714776846	-0.6595326008900148	-0.6816755347722093	-0.7172987430096522	-0.7361394620330108	-0.7997523338855873	-0.8134700962957518	-0.7408779141763405	-0.7006858881205082	-0.46892016443220563	-0.39331980028385477	-0.4547048080022166	-0.5655438759181458	-0.6575196069007243	-0.679628613917931	-0.37918360653883776	-0.4342016725944439	-0.4005688404362995	-0.4329576875448824	-0.3280558210018603	-0.34145693267213645	-0.2700521908273066	-0.37623196928487823	-0.40236696428066565	-0.3447478385759764	-0.03506341496514015	-0.16444916907453166	-0.16893882420794906	-0.14822081865525216	-0.24665396294055447	-0.003534048436254248	-0.0720436978021046	-0.24066021679266728	-0.09372296452946266	-0.2869025337713669	-0.21642512623621013	0.13190199659600454	0.1462417515309498	0.19315129685441418	0.37799616626425636	0.18141260156855205	0.210476615908307	-0.02286105252444148	0.27675840113994266	0.29691095894283887	0.09945660471244154	0.23649852135413427	0.03400037319551487	0.10994000599374615	0.04498136849664407	0.08441569456774346
MntR	0.34138907894216036	0.5884784366500614	0.5071670502287237	0.4830111223572386	0.4591718452256419	0.3591328293309057	0.32597497328259384	0.8685899429463221	0.8536508133965881	0.7955454026270703	0.8295288123900911	0.8490593776682066	0.8142277962804847	0.8586832983698142	0.8815500053717537	1.0	0.903478069109024	0.9325081565837908	0.9107949629914448	0.9173315389791407	0.908533171992242	0.7910670564486488	0.6840051795013882	0.5956030782975499	0.6327643044144505	0.5954447529276057	0.6303554970002997	0.681370192987317	0.5552188000067854	0.6030556796399229	0.576524871219275	0.46794759430254845	0.42108328479906815	0.4310351651955601	0.5438419912807957	-0.5836608218217596	-0.5719560534008855	-0.643100689280807	-0.6456452041549101	-0.7459556349695506	-0.7231115458776032	-0.6402621415768076	-0.7865774013152315	-0.751225607997693	-0.7413868171511612	-0.7148786266405053	-0.5387529615325896	-0.42011071466941097	-0.4541506692074119	-0.5494286150488265	-0.675580008029358	-0.5994933588161786	-0.41227360885717357	-0.43942640980260217	-0.40538645526460126	-0.46543700629343343	-0.3512391787436882	-0.30062029618153135	-0.3044314140151879	-0.4389288157827776	-0.38667013474619877	-0.35209865932338524	-0.020961148085111195	-0.24201729139218892	-0.07108243662744344	-0.18388926271267902	-0.24009476904286658	-0.08970828550587782	-0.120638277419975	-0.331946101520489	-0.26361739543457485	-0.2559046881272936	-0.19461015204889992	0.05492193993814001	0.1320263951009607	0.21850597395547663	0.310334688523107	0.23156781697587234	0.17311182860147808	-0.005886311075425075	0.20010630417696254	0.18031563293393874	0.10999655076872622	0.20993378606849833	0.173055283826498	0.10022561365217048	0.06293998903031366	0.11360410741245455
ArgR	0.35753826667646776	0.49422960571328406	0.4840854730818599	0.4210267400240881	0.44627963653018643	0.4002634986514071	0.3493279653493619	0.856885174525448	0.8450899344646058	0.8040723546940645	0.8749681935640737	0.8400574494913797	0.8482903687284776	0.9042470780487529	0.8539109193614964	0.903478069109024	1.0	0.9191183538685108	0.9116996793911258	0.8830540963862235	0.8878151664395452	0.8121582575162142	0.77373042843976	0.5880713142702049	0.6612402530944128	0.6192501031942144	0.6470927503943998	0.641460890806385	0.586488060570763	0.5859791575959423	0.6146925943308209	0.44804383350956456	0.4308768398256159	0.4676422525176561	0.528292178161277	-0.5647070132484407	-0.5517695687330012	-0.614805683880781	-0.6699933842613274	-0.7392720425669066	-0.72720538758616	-0.6791536378080983	-0.766164737547427	-0.7687771061515061	-0.7493143946033667	-0.7872446296599963	-0.5646052326534766	-0.4809642015029601	-0.4736586165755353	-0.5333020452245111	-0.7031512403096392	-0.6303668059552957	-0.4391549948826979	-0.41093915216764393	-0.3991665300167938	-0.42206716388372134	-0.3437526505363272	-0.31585345856116165	-0.31618141825604607	-0.4242158653329639	-0.35458662942250824	-0.3451662699108289	-0.056573047367558	-0.24084116007260348	-0.09132546607030777	-0.2017574116063805	-0.27863568766928093	-0.0416791536378081	-0.07190799034215244	-0.2650536327190686	-0.19103652227015963	-0.235435479584509	-0.20444894289543175	0.053564865338618387	0.18615105371188176	0.20900645175882523	0.3640748426641636	0.21903749484028928	0.1851897925372206	-0.03230402994611283	0.1891931626058094	0.2571599821318511	0.08517339455247638	0.22806204092710813	0.10784784931948363	0.1831881075029262	0.08014090957925032	0.15608054237748162
NrtR	0.3838428959971954	0.5172772559951597	0.4896607878948946	0.44162034707182884	0.4561636631967023	0.3809591124732119	0.34198845355694907	0.8700148712758198	0.8614087565238534	0.8191698096137426	0.8902918275836721	0.9098450107717796	0.8383837241519697	0.8788810919926944	0.8957314349367547	0.9325081565837908	0.9191183538685108	1.0	0.9069612272477962	0.9473002697185766	0.9065993406879237	0.8281038840605934	0.7364561127728992	0.5617327580844892	0.6115826317069171	0.6352070386935895	0.6260694030568106	0.6792441094480665	0.591497927633997	0.6182775330645571	0.5916901798689292	0.4801951925632312	0.45586963036680594	0.45393579906248765	0.5681788624322169	-0.6162871569852588	-0.614726521195809	-0.6492188339336503	-0.7190063952140503	-0.7234395055724876	-0.7629190674635711	-0.7053677954888579	-0.7368406172427637	-0.7749744134893215	-0.7525261378222345	-0.7350085665334095	-0.566584299777779	-0.4679023584825644	-0.4420161604966893	-0.5880034605402288	-0.6823653810269662	-0.6242938971224364	-0.38280247213756213	-0.4303792458057913	-0.44985326630892675	-0.4472522066598436	-0.3445895132060322	-0.29829065145235256	-0.3493392743043579	-0.45685350945145914	-0.420133332579403	-0.3493279653493619	-0.07644288129555389	-0.19510774606872452	-0.06652492776404996	-0.1584101871066604	-0.24332913017172647	-0.08597633035719335	-0.07751723202017517	-0.3213156838242362	-0.20010630417696254	-0.19346794759430255	-0.1959106818734415	0.10353913746600245	0.15842149606165642	0.23289096471040593	0.32848556129170886	0.24323865853175838	0.1823738627432132	-0.04736755800080294	0.17285172263656975	0.2378442869986599	0.1090692164590531	0.20113541908159976	0.10315463299613799	0.15172659470401637	0.11903240581054107	0.1260552668630655
FUR	0.3863308660963184	0.5303164811055634	0.5483768822341971	0.4440856992609598	0.39570598978801363	0.2817682682031767	0.25230844043856127	0.8979479901159734	0.8665430220920436	0.843619770315124	0.8196334767685792	0.8151664395451538	0.8202780872033519	0.86851078026135	0.8812446635868613	0.9107949629914448	0.9116996793911258	0.9069612272477962	1.0	0.9086123346772141	0.9079111794674614	0.7972304369214763	0.722953220507659	0.5657587460630701	0.6832135526516673	0.6180965897846209	0.6768126841239235	0.6176894674047645	0.5829596666120067	0.6207089583887001	0.5599911790151031	0.4677779599776083	0.44098704559205204	0.44569157087039374	0.5353828929437775	-0.6078506765582327	-0.5668896415626714	-0.63225540143963	-0.6217833091133214	-0.7481156453737893	-0.7142566341157245	-0.6797643213778831	-0.78198596558685	-0.8315531153343775	-0.7191534116289984	-0.7341377769987164	-0.5320128243549654	-0.43481235616422864	-0.4451826678955731	-0.5309950184053243	-0.6887888674647019	-0.6507568518131082	-0.35911021142091365	-0.4119230312522971	-0.4007271658062437	-0.41558713267100555	-0.3786407766990291	-0.3611118964552081	-0.34695308480019904	-0.42265522954351403	-0.3429157878666222	-0.31887294954509726	-0.14469242469649593	-0.21461569343684797	-0.06573330091432901	-0.11779972971597559	-0.20458465035538392	-0.06483989346964394	-0.07033604559770655	-0.2611746611554359	-0.1854272805921369	-0.31894080327507335	-0.1848505238873402	0.04977636541495383	0.10023692260716649	0.15102543949426353	0.32218647335892925	0.18900091037087718	0.14880888431504488	0.014537661647375475	0.27606855488518584	0.27009742664729064	0.15809353636677204	0.2766226936799905	0.09143855562026791	0.10904659854906107	0.08470972739763982	0.12893905038704898
NagC	0.4295650010460783	0.5189170544695817	0.48341824473709505	0.4524203990930218	0.39082052122973576	0.3387088566081051	0.2740103250759114	0.8941594901923088	0.8680697310165054	0.7906825519787845	0.8710100593154689	0.8899977947537758	0.8346743869132773	0.8870122306348281	0.8765062114435316	0.9173315389791407	0.8830540963862235	0.9473002697185766	0.9086123346772141	1.0	0.922612820962279	0.8475552866537368	0.7222859921628942	0.5747041294649168	0.6843670660612606	0.611480851111953	0.6217154553833453	0.6367337476180513	0.5892813724547783	0.5891230470848341	0.5702597101514835	0.47858932095379725	0.4677779599776083	0.44765932903970007	0.5804716965128838	-0.6207089583887001	-0.57897891445341	-0.6240903359325082	-0.670536214101136	-0.7688788867464702	-0.7514404781426173	-0.6777626363435887	-0.7277708353359608	-0.7737643553047481	-0.7099026864422593	-0.6807708183725283	-0.5454591718452256	-0.4252110533726131	-0.4656518764383577	-0.5368530570932593	-0.6614777411493291	-0.5985094797315255	-0.4255616309774895	-0.4432488365912548	-0.44932174542411407	-0.39489174502830066	-0.3835940989872831	-0.3046689020701042	-0.3353840238392771	-0.5047016980395926	-0.3888866899254174	-0.36609914560845	-0.11956392669535372	-0.2623734103850134	-0.10526940758039253	-0.1991563519572974	-0.22315395445883823	-0.1067395717298743	-0.126473698197918	-0.3846684497119044	-0.19725644751796712	-0.24193812870721682	-0.18792655964625588	0.13965993972326987	0.10418374790077523	0.12330719079903421	0.31312800040712235	0.19188469389486065	0.17196962414688072	0.010081933378946119	0.2032501936658543	0.20936833831869767	0.09797513160796377	0.22148022911942822	0.07300495897676575	0.06698859491888652	0.07307281270674183	0.1207174401049471
ThiR	0.41572284013095767	0.5112495829822845	0.48380274920695954	0.42392183250306753	0.3953101763631532	0.3365940820238506	0.2740442519408994	0.8691893175611107	0.862788449033367	0.8042193711090126	0.848618328423362	0.8508461925575768	0.8571792073553444	0.893526188712532	0.8868086694448999	0.908533171992242	0.8878151664395452	0.9065993406879237	0.9079111794674614	0.922612820962279	1.0	0.7885451594845378	0.7218675608280417	0.5643677445985603	0.6535501636971236	0.5801663547279914	0.6317464984648093	0.6254587194870258	0.5550491656818451	0.5863636620658068	0.5732678921804231	0.41577938490593774	0.40651735076420265	0.4399126948674308	0.5944948007079406	-0.5901860888544594	-0.5809240547127242	-0.612306404826662	-0.641483508716377	-0.732147400919418	-0.7400071246416475	-0.6961283792571148	-0.8058817874934266	-0.7998088786605674	-0.7225008623078184	-0.719684932513811	-0.5200818768341712	-0.3812870721680963	-0.43217736965015746	-0.5152981888708574	-0.6932219778231392	-0.6082238720731011	-0.4095820775681223	-0.46868267637728933	-0.4139812610615716	-0.3895199914051942	-0.3712221022216442	-0.31277742280224596	-0.29705797535778705	-0.4984365369718011	-0.3548241174774245	-0.3729410633810383	-0.012400269153128906	-0.20201751757128883	-0.08279851400331352	-0.22464673651831202	-0.197991529592708	-0.05260360416395723	-0.10102854945688744	-0.35713114429661125	-0.17359811366630667	-0.2921159620245291	-0.22011184556491056	0.08553528111234882	0.1361993994944897	0.16727640782353506	0.2844145636722439	0.19760702512284353	0.15755070652696337	0.007175531944970625	0.2796195667539341	0.21114384425307178	0.13250137121079328	0.2633572894696666	0.05469576083821975	0.11665752526137822	0.03274507919095736	0.11088995821341129
BirA	0.46551616897840553	0.5861374829658865	0.4745633329752164	0.40642687912423453	0.3395117924128221	0.3907752854097517	0.3442050087361677	0.7494953378833029	0.7218901787380337	0.7127073072812706	0.7991303413608065	0.8125653798960707	0.7311974486997529	0.8248695229317335	0.7556474094011343	0.7910670564486488	0.8121582575162142	0.8281038840605934	0.7972304369214763	0.8475552866537368	0.7885451594845378	1.0	0.8033372726193236	0.5221966514184256	0.5257024274671899	0.477526279184172	0.624802800097257	0.6435982833006316	0.6086762302729416	0.6246784015923008	0.5110912576123403	0.37931931399878993	0.4058275045094458	0.39044732571486734	0.46717858536281953	-0.4638311346839995	-0.5725441190606781	-0.5846333919514167	-0.45949980492052633	-0.5703614907464476	-0.5586906491905616	-0.6326059790445064	-0.6464820668246151	-0.6537763427970439	-0.6377741714776846	-0.7064873820334632	-0.49640092507251865	-0.4903506341496514	-0.5212693171087526	-0.5376899197629643	-0.7508863393478126	-0.6391990998071824	-0.346919157935211	-0.3373630909635795	-0.35450746673753614	-0.4591379183606539	-0.41608472669083013	-0.28881374716569314	-0.2369508795539748	-0.3274677553420676	-0.3374083267835636	-0.2965603813379625	-0.05123522060943959	-0.1382802472137562	-0.1972451385629711	-0.31052694075803927	-0.28522880843195686	-0.11568495513172106	-0.19403339534410322	-0.2580646985315322	-0.15919050500138535	-0.1426002680222334	-0.16812457944823608	-0.05393806085348683	0.12287745050918569	0.2530209046033101	0.24926633154463362	0.13429949505515942	0.11440704321717152	0.06507738152456022	0.23870376757835693	0.28656326512148644	-0.03299387620086966	0.15543593194270883	0.029013124042272874	0.11340054622252631	0.17467246439092796	0.1400896800131184
