	AcnR	AgaR	AmtR	AraR	ArgR	BioQ	BirA	CadR-PbrR	CblR	CcpA	CsoR	CueR	CzrA	DasR	ExuR_UxuR	FUR	FabR	FadP	FadR	FixJ	FnrN_FixK	FruR	GguR	GlcC	GntR	GulR	HcpR	HexR	HisR	HrcA	HutC	HypR	Irr	IscR	KdgR	LexA	LiuQ	LiuR	LldR	LtbR	MerR	MetJ	MetR	MntR	ModE	NadQ	NagC	NagQ	NagR	NarP	NiaR	NifA	NikR	NmlR	NnrR	NorR	NrdR	NrtR	NsrR	NtrC	PaaR	PdhR	PdxR	PhnF	PhnR	Phr	PhrR	PhsR	PrpR	PsrA	PurR	QorR	RbkR	RbsR	Rex	RutR	SahR_SamR	SdaR	SiaR	SoxR	ThiR	TrpR	TtrR	TyrR	VanR	XylR	ZntR	Zur
AcnR	1.0	-0.32242559086520295	-0.11095252088493346	-0.4642542294613996	-0.35831829058393855	0.0848620964695017	-0.2333025481717812	-0.17396414928004703	0.16158011838293942	-0.10431971789597413	0.04626170185970362	0.28313253012048195	-0.2606733554426766	-0.00484866294446077	-0.16760421476848159	-0.5203182066244071	-0.03419251920574283	-0.09565089626799883	0.05453171571302632	0.28407707484992234	-0.2092691322782419	0.21963813441920993	0.3293312623315562	-0.14999370303513707	0.013391545275177365	-0.49523529658704507	0.001028504260946224	-0.03750892070022249	-0.1423953654338609	0.2633390705679862	-0.2238571008773771	0.3086772175811259	-0.049242265228160026	-0.4624910792997775	-0.46288988707443013	-0.3144074556063977	0.04579992443642165	0.16147516896855715	-0.2331766088745225	0.01763150161622098	0.05906553041434029	0.20563788254061544	-0.516477058058016	-0.30834137945510265	-0.21655262163637126	-0.19392552789555434	-0.49699844674866717	-0.11697661727047563	-0.08616346920784182	0.2228705763821838	-0.0239494563620335	0.1685907392636749	-0.36092103606061876	0.2777591201041098	0.1670584778136938	-0.0348851853406658	-0.02199739725452332	-0.3930145669787163	-0.4138785105579111	0.13290793837370388	0.007598337601276185	-0.22394106040888292	-0.1517358633138827	-0.4029847613450317	0.01662398723815121	-0.37024054405776413	0.12847907308677217	0.23464590067587424	0.24927584904076236	-0.10035263003232442	0.3079635615633265	0.023970446244909953	-0.24826833466269257	0.14445237395575333	0.013685403635447714	0.037928718357751565	-0.46872507451408424	0.07151253096007724	-0.1294655975819655	-0.27009781285420426	-0.3258469417740649	-0.013433525040930271	0.2791864321397087	0.010264052726585786	0.17100457579446707	-0.2560345913269804	0.11823601024306285	-0.35212627513538475
AgaR	-0.32242559086520295	1.0	0.21951219512195122	0.37028252382351706	0.3283237479534864	-0.05150917257881701	0.2939423198018555	0.13305486755383905	-0.056336845640401326	-0.061164518701985644	-0.04189580622140129	-0.360606187817472	0.4515553503211452	-0.23512866798203266	-0.026531211955837287	0.32691742580076405	0.24507787246547164	-0.07401032702237521	0.04067839301456698	-0.07407329667100458	-0.15032954116116032	-0.03446538768313673	-0.19665421266949332	0.1676461945342345	0.12873095168128962	0.22444481759791782	-0.09401368540363544	0.028609210360606187	0.028903068720876536	0.027748625162671594	0.14946895596322574	-0.001406322152722388	0.1673733260568406	0.3952604844464968	0.28204105621090636	-0.0195205910751018	-0.1271986902313085	-0.13372654380588556	0.15593383988917342	0.04968305276856555	-0.08114688720036942	-0.003484320557491289	0.36325091305990515	0.2919902606943453	0.3756979136056421	0.18051299273750052	0.3544141723689182	0.10373200117543344	0.43879350153226143	-0.21655262163637126	0.05136224339868183	-0.10322824398639856	0.2915074933881869	-0.2891146467402712	0.003064522899962218	0.29247302800050373	0.19417740649007179	0.3416943033457873	0.3697577767516057	-0.19111288359010956	-0.02323580034423408	0.003085512782838672	0.13658116787708324	0.4512824818437513	0.12709374081692623	0.24940178833802107	-0.18196129465597582	-0.061185508584862096	-0.18995844003190462	0.21262751353847445	-0.18714579572645984	-0.06869988665463246	0.2720708618445909	-0.3687712522564124	-0.04059443348306117	0.08429536963183745	0.4090928172620797	-0.1117921161999916	0.21493640065488434	0.08738088241467612	0.2897863229923177	0.15799084841106587	-0.32156500566726837	0.13274001931069224	-0.09220855547626045	0.40216615591285	-0.0986944292850846	0.3119306494269762
AmtR	-0.11095252088493346	0.21951219512195122	1.0	0.27416985013223627	0.19652827337223458	-0.20141891608244825	0.1727047563074598	0.145270979387935	0.00023088871164098903	-0.03188363208933294	0.01282481843751312	-0.1340623819319088	0.19831241341673314	-0.13408337181478527	0.14535493891944082	0.35221023466689055	-0.058519793459552494	0.06129045799924437	0.1482515427563914	-0.1839553335292389	-0.11118340959657445	-0.15098022753033039	-0.4301036900214097	0.1253515805381806	0.007493388186893917	0.1770496620628857	-0.08918601234205113	-0.1412199319927795	-0.030372360522228286	-0.18204525418748163	-0.1185718483690861	-0.1766298644053566	0.13670710717434198	0.2933965828470677	0.36327190294278155	-0.05457369547877923	-0.12465891440325763	-0.34467486671424374	0.12205616892657739	-0.07138659166281852	-0.12232903740397129	-0.18208723395323453	0.425905713446119	0.21756013601444105	0.18055497250325342	0.2804458251122959	0.2961672473867596	-0.049578103354183285	0.0896058099995802	-0.13336971579698587	0.03200957138659166	-0.16537928718357753	0.18878300659082323	-0.12321061248478234	0.0056042987280130975	0.0582469249821586	0.0721212375634944	0.3059485328071869	0.2264388564711809	-0.0922295453591369	0.03641744679064691	0.08658326686537089	0.17793123714369674	0.35796146257503886	0.00868981151085177	0.15524117375425045	-0.11223290374039713	-0.413458712900382	-0.17367029091977668	-0.14562780739683473	-0.3213551068385038	0.20351790437009362	0.1345241593551908	-0.14674027118928676	-0.047647034129549556	0.014965786490911381	0.3764115696234415	-0.1433818899290542	0.2589731749296839	0.3080895008605852	0.11949540321565005	0.18683094748331305	-0.0922295453591369	0.13204735317576927	-0.1948910625078712	0.23057386339784225	-0.22675370471432768	0.25561479366945133
AraR	-0.4642542294613996	0.37028252382351706	0.27416985013223627	1.0	0.5610385794047269	-0.1271147306998027	0.40991142269426134	0.06536249527727635	-0.26107216321732923	0.007724276898534907	-0.08322488560513833	-0.37832164896519876	0.4708870324503589	-0.34224004030057514	0.05383904957810336	0.583581713614038	-0.0638932034759246	0.1860333319340078	-0.14476722219890012	-0.1826539607908988	-0.08775870030645229	-0.34692078418202427	-0.39465177784307964	0.056021997397254525	0.06364132488140717	0.4439150329541161	-0.15320515511523447	0.017589521850468075	0.1327190294278158	-0.3171151504974602	0.40982746316275553	-0.3195919566768817	0.036312497376264644	0.5497670123000714	0.5737584484278577	0.3047101297174762	-0.2141387851055791	-0.3890054993493136	0.25760883254271444	-0.1170815666848579	-0.2189874480500399	-0.20102010830779565	0.5499139414802066	0.47376264640443305	0.3059485328071869	0.18135258805255866	0.5846102178749842	0.029658704504428864	0.32225767180219134	-0.1235884303765585	-0.011397506401914278	-0.22266067755341926	0.46874606439696065	-0.2943201376936317	-0.23527559716216784	0.07858612148944209	0.0588346417026993	0.4537802779060493	0.4724822635489694	-0.15154695436799462	-0.25469123882288736	0.009949204483438983	0.23905377607992948	0.5924394441879014	-0.09502119978170522	0.3715209269132278	0.14344485957768355	-0.37670542798371187	-0.16947231434448595	0.2403971285840225	-0.46293186684018306	0.05623189622601906	0.19170060031065025	-0.13242517106754545	-0.03349985307081987	-0.07111372318542462	0.6360774106880484	-0.16798203266025777	0.400361025985475	0.2389068468997943	0.34910373200117545	0.11512950757734772	-0.2817891776163889	0.20769489106250788	-0.24052306788128122	0.3578565131606566	-0.06101758952185047	0.5277276352797952
ArgR	-0.35831829058393855	0.3283237479534864	0.19652827337223458	0.5610385794047269	1.0	-0.3455354519121783	0.5365014063221527	0.08087401872297553	-0.19715796985852818	0.12705176105117333	-0.19176356995927962	-0.3968767054279837	0.6422484362537257	-0.3798539104151799	0.06609714117795222	0.709646950170018	0.010033164014944796	-0.11340833718147852	-0.09464338188992906	-0.39454682842869737	-0.10119222534738256	-0.4300827001385332	-0.29856009403467526	0.042840350950841696	-0.03356282271944923	0.4754628269174258	-0.0212837412367239	0.269992863439822	0.22238780907602534	-0.27223878090760256	0.3215230259015155	-0.2872255572813904	0.18752361361823602	0.5398597875823853	0.6551152344569917	0.33590109567188614	0.004638764115696235	-0.2891356366231476	0.2559086520297217	-0.1842282020066328	-0.18546660509634355	-0.2127534528357332	0.6065866252466311	0.7151253096007725	0.46255404894840685	0.32215272238780907	0.6789177616388901	-0.02147265018261198	0.15595482977204989	-0.06160530624239117	0.005541329079383737	-0.2201628814911213	0.30172956634901976	-0.4588808194450275	-0.2605893959111708	0.07338063053608161	0.13307585743671552	0.6815624868813231	0.7170143990596533	-0.21951219512195122	-0.12102766466563117	0.07902690902984762	0.2563494395701272	0.581356786029134	-0.04991394148020654	0.6119600352630032	0.2179379539062172	-0.22135930481507912	-0.23955753326896437	0.2132362201418916	-0.36228537844758824	0.2293774400738844	0.4594055665169388	-0.036585365853658534	0.27100037781789177	0.1333067461483565	0.7662566642878132	-0.12996935477100038	0.4048318710381596	0.21443264346584945	0.4678644893161496	0.19086100499559214	-0.2497586163469208	0.3380420637252844	-0.21516728936652532	0.34692078418202427	-0.1176692834053986	0.7607573149741824
BioQ	0.0848620964695017	-0.05150917257881701	-0.20141891608244825	-0.1271147306998027	-0.3455354519121783	1.0	-0.2368288484950254	0.05623189622601906	-0.01649804794089249	0.00816506443894043	0.1911548633558625	0.1770076822971328	-0.2779900088157508	0.21117921161999917	-0.05251668695688678	-0.3497124386045926	0.0564837748205365	0.17887578187313716	0.05870870240544058	0.16279753158977373	0.17346039209101213	0.3745224801645607	-0.0351580538180597	-0.14462029301876494	0.19948784685781454	-0.2308677217581126	0.20607867008102096	-0.298916922043575	-0.09388774610637672	0.1809327903950296	-0.15893539314050628	0.014147181058729693	0.05415389782125016	-0.27536627345619413	-0.21141010033164015	-0.15272238780907602	-0.10251458796859914	0.325574073296671	-0.3517274673607321	0.18439612106964443	0.13964569077704547	-0.0180303093908736	-0.23011208597456026	-0.37842659837958104	-0.08238529029008018	-0.20070526006464884	-0.3380420637252844	0.11716552621636371	-0.15098022753033039	0.09262835313378952	-0.09972293354603082	0.22505352420133495	-0.046093782796692	0.25660131816464465	0.08307795642500315	0.13861718651609925	-0.1627765417068973	-0.3994584610217875	-0.3954284035095084	0.04844464967885479	0.12696780151966752	-0.183913353763486	0.04298728013097687	-0.14909113807144955	0.03385668107971958	-0.29937869946685697	-0.24046009823265185	0.11485663909995382	0.0928172620796776	-0.09384576634062382	0.3150161622098149	-0.14170269929893792	-0.22410897947189454	0.13968767054279838	-0.1630284203014147	0.06836404852860921	-0.3107132362201419	0.18760757314974183	-0.15668947567272576	0.10988203685823433	-0.2492548591578859	-0.23871793795390622	0.14781075521598588	-0.12606523655598	0.09762394525838546	-0.20788380000839596	0.149343016665967	-0.3789513454514924
BirA	-0.2333025481717812	0.2939423198018555	0.1727047563074598	0.40991142269426134	0.5365014063221527	-0.2368288484950254	1.0	0.15091725788170102	-0.05257965660551614	0.0052474707191133875	-0.09512614919608749	-0.3401200621300533	0.5804962008311993	-0.4090928172620797	0.010452961672473868	0.5375718903488519	0.008899710339616305	-0.21256454388984508	-0.0013223626212165735	-0.3658956383023383	-0.03830653624952773	-0.38249863565761305	-0.34232399983208095	0.05096343562402922	0.07579446706687376	0.43631669535283996	-0.21117921161999917	0.10276646656311658	0.21422274463708493	-0.07900591914697117	0.4057554258847236	-0.10005877167205407	0.2427899752319382	0.6131144788212082	0.5613114478821208	0.20622559926115613	0.015616472860081441	-0.3096217623105663	0.39481969690609126	0.034675286511901264	-0.16819193148902228	-0.27066453969186854	0.5263213131270728	0.6354687040846312	0.3504051047395155	0.35414130389152426	0.6259183073758449	0.04737416565215566	0.23065782292934806	0.01236304101423114	0.11189706561437388	-0.10337517316653373	0.29904286134083374	-0.34060282943621173	-0.08129381638050459	0.16605096343562403	0.3534906175223542	0.6754124511985223	0.6095252088493346	-0.06756643297930398	-0.19417740649007179	0.10931531002057009	0.12043994794509047	0.6088115528315352	-0.10706939255278955	0.5006506863691701	0.20309810671256454	-0.20740103270223753	-0.15058141975567776	0.26841862222408797	-0.26671844171109527	0.04351202720288821	0.3408966877964821	-0.002875613954074136	0.17883380210738425	0.07262499475252929	0.6096091683808404	0.03289114646740271	0.3091180051215314	0.1463204735317577	0.45291969270811466	0.23731161580118382	-0.204924226522816	0.4969144872171613	-0.08091599848872844	0.30674614835649217	-0.026657151253096006	0.5588136518198229
CadR-PbrR	-0.17396414928004703	0.13305486755383905	0.145270979387935	0.06536249527727635	0.08087401872297553	0.05623189622601906	0.15091725788170102	1.0	-0.011607405230678812	0.23525460727929137	0.04195877587003065	-0.07942571680450024	0.07829226312917174	0.017967339742244237	0.2032870156584526	0.2862600226690735	-0.12104865454850762	-0.027013979261995717	0.04204273540153646	-0.292577977414886	0.2235422526342303	0.0694975022039377	-0.14678225095503966	-0.023382729524369254	0.12516267159229252	0.19615045548045842	0.0458209143192981	-0.05686159271231266	0.1895176524914991	0.027664665631165777	-0.026720120901725368	-0.06765039251080979	0.1333067461483565	-0.001868099576004366	0.12230804752109484	0.3081314806263381	-0.04708030729188531	-0.02879811930649427	0.003631249737626464	0.24696696192435247	0.014399059653247136	-0.06916166407791445	0.254859157885899	0.12388228873682886	0.23857100877377105	-0.022920952101087275	0.20389572226186978	-0.029532765207170145	0.019310692246337264	-0.042252634230301	0.1357415725620251	0.04097225137483733	0.051173334452793755	-0.1876705427983712	-0.11932748415263843	0.18746064396960666	0.2529490785441417	0.18460601989840897	0.08200747239830401	-0.054720624658914405	0.13156458586961084	0.08398052138869065	0.30441627135720584	0.21995298266235674	0.011124637924520382	0.053734100163721085	0.12207715880945384	-0.09300617102556567	-0.10459258637336803	0.0718063893203476	0.006947651232106125	0.177805297846438	0.1981444943537215	-0.06691574661013391	0.08866126527013979	0.19833340329960958	0.17738550018890895	0.16428781327400194	0.058876621468452205	0.19035724780655724	0.10761512950757735	0.21231266529532766	0.02424331472230385	-0.10467654590487385	-0.001868099576004366	0.16453969186851938	-0.16871667856093364	0.1351538558414844
CblR	0.16158011838293942	-0.056336845640401326	0.00023088871164098903	-0.26107216321732923	-0.19715796985852818	-0.01649804794089249	-0.05257965660551614	-0.011607405230678812	1.0	-0.05694555224381848	0.04575794467066874	-0.013706393518324167	-0.1112043994794509	0.028777129423617816	-0.058519793459552494	-0.172389908064313	0.05327232274043911	0.01041098190672096	-0.028189412703077118	0.04544309642752194	-0.0484866294446077	0.08217539146131565	0.0245371730825742	0.01821921833676168	0.0714915410772008	-0.18208723395323453	-0.02726585785651316	0.10979807732672851	0.08347676419965576	0.11359724612736662	-0.22054069938289744	0.12306368330464716	-0.03855841484404517	-0.06368330464716007	-0.24207631921413877	-0.13062004114017045	0.2072331136392259	0.12952856723059486	-0.09986986272616599	0.07864909113807145	0.23202216531631753	0.1471180890810629	-0.09745602619537383	-0.1372738340120062	-0.08591159061332437	0.046387641156962346	-0.22293354603081314	-0.07621426472440283	0.015007766256664288	0.07388438772511649	0.08954284035095084	0.2032450358926997	-0.08782166995508164	0.16296545065278537	0.25601360144410396	0.18962260190588137	0.06727257461903363	-0.15927123126652953	-0.1328869484908274	0.07997145375928802	0.19090298476134504	0.02275303303807565	-0.06706267579026909	-0.1747407749464758	0.057680198144494356	0.05176105117333445	-0.05457369547877923	0.191595650896268	0.09338398891734184	0.14560681751395826	0.3042483522941942	-0.011397506401914278	-0.12967549641073003	0.1752865119012636	-0.031841652323580036	-0.04831871038159607	-0.1203769782964611	0.028630200243482642	-0.1464044330632635	-0.097602955375509	-0.134440199823685	-0.05551824020821964	0.07266697451828219	0.012971747617648294	0.07285588346417027	0.0685949372402502	0.19203643843667353	-0.21594391503295413
CcpA	-0.10431971789597413	-0.061164518701985644	-0.03188363208933294	0.007724276898534907	0.12705176105117333	0.00816506443894043	0.0052474707191133875	0.23525460727929137	-0.05694555224381848	1.0	0.0967003904118215	-0.11107846018219218	0.015532513328575626	-0.0842323999832081	0.06966542126694933	0.19400948742706015	-0.1612232903740397	-0.012614919608748583	0.23768943369296	-0.05782712732462953	0.047919902606943454	-0.09667940052894505	-0.105285252508291	-0.14713907896393938	-0.02489400109147391	0.3048360690147349	-0.10270349691448721	0.05027076948910625	0.10108727593300029	-0.003043533017085765	-0.05316737332605684	0.1332647663826036	0.1480416439276269	-0.051782041056210905	0.15270139792619958	0.1844590907182738	0.0393140506275975	0.06548843457453507	-0.03039335040510474	0.10490743461651483	-0.17669283405398598	0.09124302086394358	0.15962805927542925	-0.0015532513328575628	0.28004701733764326	0.036648335502287896	0.16680659921917634	-0.10169598253641744	-0.13739977330926492	-0.05677763318080685	-0.18607531169976071	-0.08198648251542756	0.1833256370429453	-0.038285546366651275	-0.3474875110196885	0.07571050753536795	0.10488644473363838	0.0189328743545611	0.13420931111204398	-0.14352881910918938	0.05520339196507283	0.20635153855841484	0.12090172536837245	0.09598673439402208	0.011523445699173	0.13977163007430418	0.18473195919566768	-0.10033164014944797	-0.050228789723353345	-0.07484992233743336	-0.02585953570379077	0.29866504344905753	-0.04579992443642165	-0.05944334830611645	-0.021388690651106167	-0.1194324335670207	0.12048192771084337	0.027538726333907058	0.016120230049116325	0.19146971159900927	0.16684857898492927	-0.029112967549641072	0.06853196759162083	-0.08536585365853659	-0.14346584946056	-0.04712228705763822	-0.0389992023844507	0.18821627975315897
CsoR	0.04626170185970362	-0.04189580622140129	0.01282481843751312	-0.08322488560513833	-0.19176356995927962	0.1911548633558625	-0.09512614919608749	0.04195877587003065	0.04575794467066874	0.0967003904118215	1.0	0.20102010830779565	-0.05524537173082574	0.10232567902271106	-0.15352000335838126	-0.18460601989840897	-0.04040552453717308	-0.05872969228831703	0.11993619075605558	0.03765584988035767	0.15943915032954117	0.02642626254145502	-0.042189664581671636	-0.08845136644137526	-0.043386087905629485	0.049284244993912936	0.08500902564963687	0.02680408043323118	-0.026279333361319844	0.30433231182570003	-0.06941354267243188	0.2487091222030981	-0.10786700810209479	-0.16393098526510222	-0.1345661391209437	-0.02690902984761345	0.020717014399059652	0.006003106502665715	-0.011082658158767474	0.1711724948574787	0.12898283027580706	-0.0626338105033374	-0.06819612946559758	-0.2232274043910835	-0.017190714075815457	0.09348893833172411	-0.13991855925443936	0.06135342764787372	-0.0025397758280508794	0.3786155073254691	-0.1712144746232316	0.10087737710423576	-0.07971957516477059	0.08851433609000461	0.10757314974182444	0.12052390747659628	-0.14235338566810798	-0.23857100877377105	-0.1544435582049452	0.19554174887704126	0.018722975525796565	0.12339952143067041	0.10547416145417908	-0.09569287603375173	-0.004533814701313967	-0.25311699760715334	-0.14098904328113848	0.02554468746064397	0.13410436169766174	0.06458586961084757	0.15463246715083329	-0.04871751815624869	-0.18548759497922002	0.2184417110952521	-0.15035053104403678	-0.025922505352420133	-0.10683850384114857	-0.016288149112127955	0.13807144956131145	-0.006758742286218043	-0.08889215398178078	-0.18021913437723017	0.0002938583602703497	0.05814197556777633	0.04741614541790857	0.021514629948364887	-0.04191679610427774	-0.2601066286050124
CueR	0.28313253012048195	-0.360606187817472	-0.1340623819319088	-0.37832164896519876	-0.3968767054279837	0.1770076822971328	-0.3401200621300533	-0.07942571680450024	-0.013706393518324167	-0.11107846018219218	0.20102010830779565	1.0	-0.5110826581587675	0.18880399647369966	-0.022732043155199194	-0.5115654254649259	0.12623315561899165	-0.007052600646488392	-0.08209143192980983	0.03192561185508585	0.15958607950967635	0.1922253473825616	0.2651861802611141	-0.03916712144746232	-0.0564417950547836	-0.3247974476302422	0.13582553209353093	-0.0760043658956383	-0.09420259434952354	0.24998950505856177	-0.17155031274925486	0.17749044960329122	-0.005415389782125015	-0.3924898199068049	-0.28254481339994125	-0.08738088241467612	0.017064774778556734	0.11897065614373872	-0.1718441711095252	0.04600982326518618	0.11643088031568784	0.2269426136602158	-0.540405524537173	-0.3669661223290374	-0.3526720120901725	-0.3463120775786071	-0.3728432895344444	0.09607069392552789	-0.18015616472860083	0.30240124260106627	-0.0854078334242895	0.12583434784433903	-0.3593887746106377	0.2600856387221359	0.24673607321271146	-0.1462784937660048	-0.25257126065236557	-0.38348516015280637	-0.45753746694093445	0.2848117207505982	0.15438058855631587	0.02027622685865413	0.009130599051257293	-0.48841358465219764	-0.08162965450652786	-0.4092187565593384	0.09474833130431132	0.2339742244238277	0.1723479282985601	-0.18655807900591914	0.2276142899122623	-0.0055203391965072835	-0.12438604592586373	0.16523235800344235	0.028777129423617816	-0.015616472860081441	-0.4700264472524243	0.12020905923344948	-0.16304941018429117	-0.23794131228747745	-0.3015826371688846	-0.17014399059653249	0.4364636245329751	-0.13704294530036523	0.22347928298560094	-0.27463162755551823	0.14061122538936233	-0.3961210696444314
CzrA	-0.2606733554426766	0.4515553503211452	0.19831241341673314	0.4708870324503589	0.6422484362537257	-0.2779900088157508	0.5804962008311993	0.07829226312917174	-0.1112043994794509	0.015532513328575626	-0.05524537173082574	-0.5110826581587675	1.0	-0.43910834977540825	0.08095797825448134	0.6702279501280383	0.07222618697787667	-0.14113597246127366	0.024495193316821293	-0.28306956047185255	-0.16567314554384788	-0.3292263129171739	-0.22595608916502247	0.136014441039419	0.09323705973720667	0.3928676377985811	0.018701985642920114	0.1641198942109903	0.1810167499265354	-0.1419755677763318	0.3288275051425213	-0.0529154947315394	0.15841064606859492	0.6039628898870745	0.529574744972923	0.1064606859493724	-0.12253893623273582	-0.29637714621552413	0.24637924520381177	-0.04166491750976029	-0.22030981067125646	-0.14810461357625623	0.5683430586457328	0.6275135384744553	0.5422736241131775	0.39188111330338776	0.6525754586289408	0.05010285042609462	0.2899752319382058	-0.08666722639687671	0.13387347298602073	-0.1264850342135091	0.3886696612232904	-0.5076193274841526	-0.2040216615591285	0.32817681877335125	0.20505016582007474	0.6054531715713026	0.6791066705847781	-0.33552327778011	-0.1375047227236472	0.10182192183367617	0.13865916628185215	0.666743629570547	-0.030897107594139626	0.502455816296545	0.08005541329079384	-0.21818983250073465	-0.24938079845514463	0.268649510935729	-0.27610091935687	0.08861928550438689	0.2621846270097813	-0.2510389992023844	0.21029763653918812	0.22755132026363292	0.6565425464925906	-0.09029847613450318	0.34620712816422483	0.20964695017001805	0.45569035724780654	0.2742328197808656	-0.19598253641744678	0.3421560807690693	-0.16208387557197432	0.5645438898450946	-0.1703119096595441	0.683913353763486
DasR	-0.00484866294446077	-0.23512866798203266	-0.13408337181478527	-0.34224004030057514	-0.3798539104151799	0.21117921161999917	-0.4090928172620797	0.017967339742244237	0.028777129423617816	-0.0842323999832081	0.10232567902271106	0.18880399647369966	-0.43910834977540825	1.0	0.0348851853406658	-0.3998572687964401	0.008144074556063977	0.1945342344989715	-0.08670920616262962	0.11141429830821543	0.1726627765417069	0.11779522270265731	-0.04336509802275303	-0.1448301918475295	0.011901263590949163	-0.13878510557911086	0.3016665967003904	-0.20937408169262414	-0.15077032870156584	0.07111372318542462	-0.42789975231938204	0.014336090004617774	-0.19113387347298602	-0.32536417446790644	-0.36419545778934553	0.00010494941438226774	0.25935099282146007	0.32844968725074514	-0.24774358759078124	-0.15154695436799462	0.2873724864615255	0.1816884261785819	-0.38134419209940806	-0.48010159103312205	-0.35930481507913187	-0.23307165946014022	-0.3968347256622308	-0.06080769069308593	-0.16535829730070106	0.10937827966919944	-0.07671802191343773	0.17895974140464296	-0.1543595986734394	0.11722849586499308	0.24673607321271146	-0.1670584778136938	-0.11099450065068638	-0.4539691868519374	-0.47206246589144035	0.22591410939926956	0.022899962218210824	0.027055959027748624	-0.06836404852860921	-0.36694513244616095	0.20910121321523026	-0.3643843667352336	-0.38705344024180344	0.23926367490869402	0.0195205910751018	-0.05994710549515134	0.16510641870618362	-0.0759623861298854	-0.23193820578481172	0.07711682968809035	-0.11368120565887242	-0.023823517064774778	-0.4610007976155493	0.18985349061752235	-0.01945762142647244	-0.08234331052432728	-0.2585743671550313	-0.1608244825993871	0.07262499475252929	-0.2632551110364804	0.14592166575710508	-0.15467444691658622	0.24413332773603122	-0.4464967885479199
ExuR_UxuR	-0.16760421476848159	-0.026531211955837287	0.14535493891944082	0.05383904957810336	0.06609714117795222	-0.05251668695688678	0.010452961672473868	0.2032870156584526	-0.058519793459552494	0.06966542126694933	-0.15352000335838126	-0.022732043155199194	0.08095797825448134	0.0348851853406658	1.0	0.24295789429494982	-0.006548843457453508	-0.007220519709500021	-0.13546870408463121	-0.1868939171319424	0.280172956634902	0.010893749212879392	-0.0023928466479157047	0.12709374081692623	0.19207841820242644	0.05098442550690567	0.1254775198354393	0.11863481801771546	0.04187481633852483	0.04831871038159607	-0.012572939842995677	-0.2490239704462449	0.05996809537802779	0.1508752781159481	0.13521682549011377	0.2694471264850342	0.0928592418454305	0.01620418958062214	0.027475756685277696	0.025334788631879435	-0.14128290164140883	-0.07178539943747114	0.07598337601276185	0.07621426472440283	0.17171823181226648	-0.03706813315981697	0.16120230049116327	-0.12814323496074892	0.053776079929473995	-0.08324587548801478	-0.00484866294446077	0.023676587884639604	0.008584862096469501	-0.21004575794467067	-0.05740732966710046	-0.07237311615801184	-0.01106166827589102	0.18607531169976071	0.1758742286218043	-0.07818731371478947	0.09055035472902061	0.04391083497754082	0.08801057890096974	0.05310440367742748	0.03415053943998993	0.11172914655136225	0.12925569875320095	-0.04206372528441291	-0.12413416733134629	-0.08853532597288107	-0.04926325511103648	0.03234540951261492	0.06693673649301037	0.0009235548465639561	0.0635783552327778	0.13160656563536374	0.1324461609504219	0.027937534108559675	-0.010222072960832879	0.20922715251248897	0.0012384030897107593	0.08641534780235927	0.16359514713907897	-0.05451072583014987	0.03284916670164981	-0.08496704588388397	-0.026447252424331474	0.16449771210276648
FUR	-0.5203182066244071	0.32691742580076405	0.35221023466689055	0.583581713614038	0.709646950170018	-0.3497124386045926	0.5375718903488519	0.2862600226690735	-0.172389908064313	0.19400948742706015	-0.18460601989840897	-0.5115654254649259	0.6702279501280383	-0.3998572687964401	0.24295789429494982	1.0	-0.10450862684186223	-0.04370093614877629	0.03146383443180387	-0.41108685613534274	0.020842953696318375	-0.41280802653121196	-0.2812014608958482	0.2640107468200327	0.08286805759623861	0.5256706267579027	-0.016686956886780572	0.1324461609504219	0.23445699172998616	-0.36795264682423073	0.2755132026363293	-0.3067041685907393	0.11219092397464422	0.6113303387767096	0.7482473447798161	0.43123714369673816	-0.11691364762184626	-0.46261701859703624	0.31915116913647623	-0.06351538558414845	-0.24129969354771	-0.3011208597456026	0.787855253767684	0.7164056924562361	0.5672096049704043	0.23260988203685823	0.8200747239830402	-0.13324377649972713	0.2697199949624281	-0.18758658326686536	0.15364594265564	-0.26273036396456906	0.3737878342638848	-0.5562948658746484	-0.3592838251962554	0.11298853952394945	0.20120901725368373	0.7410268250703161	0.7647663826035851	-0.4679484488476554	-0.06338944628688972	0.10648167583224885	0.24843625372570421	0.7061416397296503	-0.12083875571974309	0.6222030981067126	0.14292011250577222	-0.47898912724067	-0.3073128751941564	0.20070526006464884	-0.537257042105705	0.2580706099659964	0.44154317618907685	-0.2854624071197683	0.2149993703035137	0.12230804752109484	0.7929348054237857	-0.03482221569203644	0.28835901095671884	0.3485579950463876	0.6073842407959363	0.33988917341841235	-0.2019016833886067	0.1587045044288653	-0.2978254481339994	0.47351076780991563	-0.230007136560178	0.7728894672767725
FabR	-0.03419251920574283	0.24507787246547164	-0.058519793459552494	-0.0638932034759246	0.010033164014944796	0.0564837748205365	0.008899710339616305	-0.12104865454850762	0.05327232274043911	-0.1612232903740397	-0.04040552453717308	0.12623315561899165	0.07222618697787667	0.008144074556063977	-0.006548843457453508	-0.10450862684186223	1.0	-0.26890138953024645	-0.04265144200495361	-0.235653415053944	0.020486125687418665	0.056672683766424585	-0.03349985307081987	-0.010872759330002939	0.28693169892112	-0.1566265060240964	0.03320599471054952	-0.04216867469879518	0.23848704924226521	0.057638218378741446	-0.024873011208597456	0.017064774778556734	0.04705931740900886	0.06068175139582721	0.00927752823139247	-0.047877922841190544	0.014357079887494227	0.09562990638512237	0.11023886486713404	0.05327232274043911	0.292808866126527	-0.009151588934133748	-0.2419293900340036	-0.04708030729188531	0.0390411821502036	-0.027958523991436127	0.049536123588430375	0.09183073758448428	0.23097267117249487	0.046639519751479785	-0.0049746022417194915	0.15421266949330423	-0.07426220561689266	0.038936232735821336	0.24734477981612862	-0.04109819067209605	0.03230342974686201	0.06821711934847403	0.026111414298308214	-0.1463204735317577	0.14140884093866757	-0.07995046387641157	0.21340413920490323	0.05526636161370219	0.04477142017547542	-0.027391797153771883	-0.16071953318500481	0.12984341547374165	-0.03881029343856261	0.1383653079215818	0.10144410394190001	-0.07327568112169934	0.14478821208177658	-0.09468536165568196	-0.1422064564879728	-0.07757860711137232	-0.11601108265815877	0.08937492128793921	-0.041119180554972504	-0.06351538558414845	-0.030288400990722473	-0.1253515805381806	-0.020213257210024767	0.08574367155031275	-0.07934175727299442	0.04630368162545653	0.048528609210360604	-0.023088871164098905
FadP	-0.09565089626799883	-0.07401032702237521	0.06129045799924437	0.1860333319340078	-0.11340833718147852	0.17887578187313716	-0.21256454388984508	-0.027013979261995717	0.01041098190672096	-0.012614919608748583	-0.05872969228831703	-0.007052600646488392	-0.14113597246127366	0.1945342344989715	-0.007220519709500021	-0.04370093614877629	-0.26890138953024645	1.0	0.02164056924562361	0.1582427270055833	-0.029448805675664328	0.03349985307081987	-0.16548423659795977	0.06103857940472692	-0.05484656395617313	-0.0212837412367239	0.03081314806263381	-0.29690189328743544	0.029532765207170145	-0.12067083665673145	-0.2304059443348306	-0.2897443432265648	-0.20290919776667646	-0.05127828386717602	-0.0021619579362747157	-0.004428865286931699	-0.20259434952352967	-0.04525418748163385	-0.22106544645480877	-0.28953444439780024	-0.15610175895218506	0.14054825574073296	0.01200621300533143	-0.20118802737080727	-0.16894756727257462	-0.29333361319843837	-0.11651483984719366	-0.11706057680198144	-0.12705176105117333	-0.24018722975525797	0.01135552663616137	-0.2480794257168045	0.1351538558414844	0.06544645480878217	-0.16166407791444523	-0.08169262415515721	-0.13485999748121405	-0.2840350950841694	-0.20192267327148314	0.10196885101381134	-0.1446832626673943	-0.13548969396750765	-0.10977708744385206	-0.1132823978842198	0.06834305864573276	-0.0038831283321439066	-0.18995844003190462	-0.15454850761932748	0.046996347760379496	-0.0843163595147139	-0.050879476092523405	-0.1286050123840309	-0.3156038789303556	-0.04978800218294782	-0.18233911254775198	-0.03484320557491289	-0.04370093614877629	-0.13897401452499894	-0.08912304269342176	0.0490743461651484	-0.20729608328785526	-0.023676587884639604	-0.01746358255320935	-0.15589186012342052	-0.06597120188069351	0.09080223332353805	0.08165064438940431	-0.13332773603123294
FadR	0.05453171571302632	0.04067839301456698	0.1482515427563914	-0.14476722219890012	-0.09464338188992906	0.05870870240544058	-0.0013223626212165735	0.04204273540153646	-0.028189412703077118	0.23768943369296	0.11993619075605558	-0.08209143192980983	0.024495193316821293	-0.08670920616262962	-0.13546870408463121	0.03146383443180387	-0.04265144200495361	0.02164056924562361	1.0	0.09542000755635784	-0.05673565341505395	0.2060576801981445	-0.03421350908861929	0.13454514923806726	0.18903488518534067	-0.012530960077242768	-0.007850216195793628	-0.1664707610931531	0.08838839679274589	0.09237647453927207	-0.08079005919146971	0.2134251290877797	0.03870534402418035	-0.18162545652995257	-0.04239956341043617	-0.14562780739683473	-0.07848117207505982	0.10415179883296251	-0.08626841862222409	0.18112169934091768	0.07990848411065866	0.03725704210570505	0.11924352462113261	-0.10381596070693926	0.15320515511523447	-0.030540279585239916	-0.12812224507787245	0.08179757356953948	-0.058330884513664416	-0.2253893623273582	0.11628395113555266	-0.11643088031568784	-0.09840057092481425	0.055434280676713826	0.006737752403341589	0.17008102094790312	0.1486713404139205	-0.0662440703580874	-0.1046975357877503	-0.10077242768985349	-0.04955711347130683	0.05931740900885773	0.14957390537760798	0.13120775786071115	0.014315100121741321	-0.04384786532891147	-0.17073170731707318	-0.0700432391587255	0.00992821460056253	-0.20859745602619537	0.06536249527727635	0.03566181100709458	-0.1343982200579321	0.06483774820536502	-0.02436925401956257	0.10977708744385206	-0.04796188237269636	-0.04607279291381554	-0.07000125939297258	0.049934931363082996	-0.05045967843499433	0.00881575080811049	-0.009508416943033457	0.005583308845136644	-0.14504009067629403	-0.03478023592628353	-0.061836194954032156	0.02371856765039251
FixJ	0.28407707484992234	-0.07407329667100458	-0.1839553335292389	-0.1826539607908988	-0.39454682842869737	0.16279753158977373	-0.3658956383023383	-0.292577977414886	0.04544309642752194	-0.05782712732462953	0.03765584988035767	0.03192561185508585	-0.28306956047185255	0.11141429830821543	-0.1868939171319424	-0.41108685613534274	-0.235653415053944	0.1582427270055833	0.09542000755635784	1.0	-0.17012300071365602	0.22371017169724192	0.26103018345157636	-0.02222828596616431	-0.02212333655178204	-0.15748709122203097	-0.08498803576676042	-0.11267369128080265	-0.1600478569329583	-0.026468242307207925	-0.1715713026321313	0.10954619873221108	-0.08803156878384619	-0.26180680911800513	-0.37725116493849964	-0.29627219680114186	-0.120880735485496	0.19493304227362412	-0.25744091347970277	0.02850426094622392	-0.19803954493933923	0.2861970530204441	-0.31117501364342387	-0.4162083875571974	-0.26071533520842954	-0.07850216195793627	-0.5117963141765669	-0.022039377020276227	-0.15037152092691322	-0.026762100667478275	-0.130368162545653	-0.11523445699172999	-0.05465765501028504	0.26338105033373915	0.08347676419965576	-0.08652029721674154	-0.034045590025607655	-0.4220015952310986	-0.38795600520549095	0.18095378027790604	-0.04093027160908442	-0.14571176692834054	-0.2812644305444776	-0.4225473321858864	-0.05812098568489988	-0.3039544939339239	-0.06983334032996096	0.08211242181268628	0.15578691070903825	-0.2273834012006213	0.1584736157172243	-0.07667604214768482	-0.41049913941480204	-0.0024348264136686117	-0.2320011754334411	-0.05841484404517023	-0.40753956592922214	-0.08083203895722262	-0.15238654968305276	-0.3051928970236346	-0.24037613870114605	-0.12617018597036228	0.08906007304479241	-0.23529658704504428	0.047689013895302466	-0.11559128500062969	0.004449855169808153	-0.3201167037487931
FnrN_FixK	-0.2092691322782419	-0.15032954116116032	-0.11118340959657445	-0.08775870030645229	-0.10119222534738256	0.17346039209101213	-0.03830653624952773	0.2235422526342303	-0.0484866294446077	0.047919902606943454	0.15943915032954117	0.15958607950967635	-0.16567314554384788	0.1726627765417069	0.280172956634902	0.020842953696318375	0.020486125687418665	-0.029448805675664328	-0.05673565341505395	-0.17012300071365602	1.0	0.13313882708534486	-0.06072373116158012	-0.007388438772511649	-0.02596448511817304	0.14105201292976785	0.2556567734352042	0.14682423072079256	-0.011460476050543638	0.09863145963645523	-0.08028630200243482	-0.10518030309390873	-0.1297804458251123	-0.005961126736912808	0.034738256160530626	0.3331724108979472	0.0638932034759246	0.1729356450191008	0.06229797237731413	0.04189580622140129	0.19260316527433777	-0.05723941060408883	-0.07411527643675749	-0.0298686033331934	-0.03171571302632131	-0.061458377062255994	0.03711011292556988	-0.06399815289030687	-0.02970068427018177	0.10656563536375467	0.047290206120649846	0.21096931279123463	-0.04577893455354519	0.07791444523739557	0.19852231224549766	0.03475924604340708	-0.04103522102346669	-0.06634901977246967	-0.10954619873221108	0.1696402334074976	0.07300281264430544	0.10946223920070526	0.19369463918391336	-0.08557575248730112	0.0709877838881659	-0.10717434196717182	0.025565677343520422	0.038894252970068426	-0.0014692918013517484	0.08920700222492758	0.1056001007514378	0.10746820032744217	0.06519457621426472	0.18385038411485663	-0.1538138617186516	0.06767138239368624	-0.07390537760799294	0.21611183409596574	0.04363796650014693	0.15931321103228244	-0.06131144788212082	-0.004638764115696235	0.18208723395323453	-0.1124218126862852	0.01217413206834306	-0.11160320725410353	-0.015049746022417194	-0.09193568699886655
FruR	0.21963813441920993	-0.03446538768313673	-0.15098022753033039	-0.34692078418202427	-0.4300827001385332	0.3745224801645607	-0.38249863565761305	0.0694975022039377	0.08217539146131565	-0.09667940052894505	0.02642626254145502	0.1922253473825616	-0.3292263129171739	0.11779522270265731	0.010893749212879392	-0.41280802653121196	0.056672683766424585	0.03349985307081987	0.2060576801981445	0.22371017169724192	0.13313882708534486	1.0	0.20528105453171572	0.08958482011670375	0.02466311237983292	-0.3577095839805214	0.2265228160026867	-0.06924562360942026	0.09390873598925319	0.31505814197556775	-0.17245287771294235	0.19734687880441626	-0.13211032282439863	-0.4564459930313589	-0.35672305948532806	-0.21407581545694976	-0.03721506233995214	0.304101423114059	-0.2947399353511607	0.20211158221737122	0.27864069518492085	0.10740523067881282	-0.33017085764661436	-0.39097854833970025	-0.17178120146089584	-0.23590529364846144	-0.4216447672221989	-0.11886570672935645	-0.15559800176315017	-0.004051047395155535	-0.14600562528861089	0.2087233953234541	-0.18836320893329414	0.3447378363628731	0.21336215943915032	0.12984341547374165	0.03906217203308006	-0.4509256538348516	-0.38812392426850256	0.1770076822971328	0.1345661391209437	0.028525250829100374	0.040510473951555354	-0.29679694387305317	0.10010075143780697	-0.22335334368834223	-0.09464338188992906	0.12940262793333612	0.04512824818437513	-0.04745812518366147	0.4180764871332018	-0.08885017421602788	-0.26531211955837286	0.0970152386549683	-0.09529406825909911	0.21418076487133203	-0.42292515007766257	0.1362873095168129	-0.27654170689727553	0.08053818059695227	-0.31562486881323204	0.1491750976029554	0.11332437764997272	-0.279018513076697	0.2060157004323916	-0.23210612484782334	-0.07881701020108307	-0.38411485663909994
