	AcnR	AgaR	AmtR	AraR	ArgR	BioQ	BirA	CadR-PbrR	CblR	CcpA	CsoR	CueR	CzrA	DasR	ExuR_UxuR	FUR	FabR	FadP	FadR	FixJ	FnrN_FixK	FruR	GguR	GlcC	GntR	GulR	HcpR	HexR	HisR	HrcA	HutC	HypR	Irr	IscR	KdgR	LexA	LiuQ	LiuR	LldR	LtbR	MerR	MetJ	MetR	MntR	ModE	NadQ	NagC	NagQ	NagR	NarP	NiaR	NifA	NikR	NmlR	NnrR	NorR	NrdR	NrtR	NsrR	NtrC	PaaR	PdhR	PdxR	PhnF	PhnR	Phr	PhrR	PhsR	PrpR	PsrA	PurR	QorR	RbkR	RbsR	Rex	RutR	SahR_SamR	SdaR	SiaR	SoxR	ThiR	TrpR	TtrR	TyrR	VanR	XylR	ZntR	Zur
AcnR	1.0	-0.5222429300704967	0.11676525403127785	-0.5565999513815736	-0.7207681711368609	0.4938821813467304	-0.5841503929989466	0.006563487561785917	0.16019771493395998	-0.19098938497690623	0.4770277935337493	0.6079734219269103	-0.7353536990519407	0.3139940037274127	0.15258082813386273	-0.7264403208816141	0.33441374280852443	0.46811441536342274	0.0707398103881371	0.32744510169354185	0.35402317478324286	0.6572400939956243	-0.2159468438538206	0.3209626448423953	0.6379547848634632	-0.58009885746698	0.4925856899765011	-0.12146503524835912	-0.0927801636820355	0.4078275666477595	-0.5280771412365286	0.12908192204845637	-0.5298598168705939	-0.5306701239769873	-0.6677740863787376	0.15225670529130542	0.31091483672311804	0.5831780244712746	-0.32436593468924724	-0.15695648650838667	0.6661534721659509	-0.2614861032331254	-0.7240093995624342	-0.705210274694109	-0.6935418523620452	-0.5888501742160279	-0.7601490965075763	-0.2136779839559193	-0.392107608783729	-0.00737379466817924	-0.07317073170731707	0.49906814682764766	-0.03265537638765092	0.3350619884936391	0.5078194635766956	-0.20800583421116603	-0.444777570699295	-0.714933959970829	-0.6933797909407665	0.5381249493558059	0.23182886313912973	-0.14107446722307754	0.6227210112632687	-0.43878129811198446	0.5065229722064662	-0.6557815412041164	-0.30264970423790616	0.16441131188720526	0.0918077951543635	0.26472733165869866	0.5188396402236448	0.24884531237338953	-0.685438781298112	0.6601571995786403	-0.36212624584717606	0.04351349161332145	-0.7340572076817113	0.08354266266915161	-0.5634065310752775	0.37590146665586255	-0.7230370310347621	-0.12405801798881776	-0.11773762255894984	-0.022931691110931043	0.09423871647354347	-0.4287334899927072	0.19520298193015154	-0.7068308889068957
AgaR	-0.5222429300704967	1.0	-0.05890932663479459	0.6301758366420873	0.6031115792885504	-0.41998217324365933	0.3749290981281906	0.19439267482375822	-0.024390243902439025	-0.12713718499311238	-0.49096507576371445	-0.657888339680739	0.6637225508467709	-0.18369662101936635	-0.03297949923020825	0.7501012883882991	-0.46114577424844017	-0.24187667125840695	-0.010777084515031198	-0.2669961915565999	-0.4660076168868001	-0.2755854468843692	0.26213434891824	-0.34656834940442427	-0.5459038975771817	0.714933959970829	-0.5920914026416012	-0.2750992626205332	-0.12632687788671906	-0.30410825702941413	0.5108986305809902	-0.06830888906895713	0.42678875293736324	0.5040920508872863	0.5292115711854793	-0.15339113524025605	-0.45709423871647353	-0.7948302406612106	0.2590551819139454	0.2528968479053561	-0.38384247629851714	0.1033141560651487	0.6744186046511628	0.5193258244874808	0.46811441536342274	0.5940361396969451	0.659346892472247	0.015963049995948466	0.5086297706830889	-0.2071955271047727	-0.003484320557491289	-0.5040920508872863	-0.19617535045782353	-0.2530589093266348	-0.6379547848634632	0.1605218377765173	0.2131917996920833	0.5617859168624909	0.6586986467871323	-0.8565756421683818	-0.23393566161575238	0.14512600275504417	-0.5104124463171542	0.5656753909731789	-0.3579126488939308	0.45061178186532697	0.2998946600761689	-0.3601815087918321	-0.0867838910947249	-0.2337736001944737	-0.58496070010534	-0.053561299732598655	0.6452475488210032	-0.47184182805283204	0.31237338951462607	0.06766064338384248	0.6831699214002107	0.001863706344704643	0.48853415444453446	-0.4971234097723037	0.6112146503524836	-0.20751964994733005	0.1755935499554331	-0.13361964184425898	-0.1861275423385463	0.3391135240256057	-0.3185317235232153	0.6838181670853254
AmtR	0.11676525403127785	-0.05890932663479459	1.0	-0.27023741998217327	-0.2713718499311239	0.2007130702536261	-0.38692164330281176	-0.2287496961348351	0.1073656915971153	-0.052588931204926664	0.17413499716392514	0.19406855198120088	-0.16408718904464792	0.3830321691921238	0.27056154282473055	-0.11870999108662184	-0.32971396159144317	0.366015719957864	0.42451989303946197	0.14950166112956811	0.2909812819058423	0.2731545255651892	0.06134024795397456	0.263592901709748	0.20784377278988736	-0.27056154282473055	0.16165626772546796	-0.3295519001701645	-0.30961834535288874	0.21675715096021392	-0.18369662101936635	0.10477270885665667	-0.033303622072765576	-0.03087270075358561	-0.3120492666720687	-0.16295275909569726	0.3400858925532777	0.06474353780082652	-0.26667206871404264	-0.07819463576695568	0.20055100883234747	0.18385868244064502	-0.14609837128271616	-0.25678632201604407	-0.24009399562434164	-0.29908435296977554	-0.31739729357426466	-0.4833481889636172	-0.29227777327607163	-0.5342354752451179	0.0025119520298193016	0.26294465602463335	-0.1033141560651487	0.20589903573454338	0.15776679361478	-0.18499311238959565	-0.2577586905437161	-0.2590551819139454	-0.25192447937768414	0.13135078194635766	0.2593793047565027	0.05874726521351592	0.4096102422818248	-0.261648164654404	0.11271371849931124	-0.31869378494449396	-0.5087918321043675	-0.29276395753990764	-0.06036787942630257	-0.18353455959808768	-0.029900332225913623	-0.01158739162142452	-0.24139048699457094	0.17624179564054776	-0.28093347378656514	0.09666963779272345	-0.14950166112956811	0.08257029414147962	-0.1550117494530427	0.008184101774572563	-0.32614861032331255	-0.2796369824163358	-0.031683007859978934	0.02568673527266834	0.09342840936715015	-0.21254355400696864	0.11044485860140993	-0.27655781541204116
AraR	-0.5565999513815736	0.6301758366420873	-0.27023741998217327	1.0	0.7460497528563326	-0.6272587310590714	0.6633984280042136	0.20379223725792076	-0.293088080382465	-0.03719309618345353	-0.40863787375415284	-0.613483510250385	0.7526942711287578	-0.48772384733814117	-0.12146503524835912	0.7444291386435459	-0.030224455068470952	-0.6013289036544851	-0.33927558544688435	-0.2979499230208249	-0.6585365853658537	-0.5645409610242281	-0.04043432460902682	-0.43278502552467385	-0.4567701158739162	0.5267806498662994	-0.6744186046511628	0.07446722307754639	0.1614942063041893	-0.42840936715014993	0.6812251843448667	0.18969289360667693	0.38465278340491044	0.5901466655862572	0.7546390081841018	0.032493314966372255	-0.43732274532047644	-0.7001863706344704	0.5309942468195447	0.10768981443967264	-0.6436269346082165	0.12259946519730978	0.6698808848553602	0.6937039137833239	0.551576047321935	0.6609675066850337	0.768090106150231	0.24041811846689895	0.5809091645733733	0.11708937687383518	0.056802528158171946	-0.5107365691597116	0.05826108094967993	-0.3358722956000324	-0.6118628960375982	0.1234097723037031	0.524025605704562	0.7676039218863949	0.7374604975285634	-0.6361721092293979	-0.5459038975771817	0.09034924236285552	-0.5967911838586825	0.5248359128109553	-0.47297625800178267	0.6543229884126084	0.5682683737136375	-0.10072117332469006	-0.10542095454177133	-0.049671825621910706	-0.5063609107851876	0.0235799367960457	0.6964589579450612	-0.5107365691597116	0.5940361396969451	-0.11579288550360586	0.7309780406774168	-0.006887610404343246	0.48869621586581313	-0.34802690219593224	0.7876995381249493	0.00105339923831132	-0.11238959565675391	-0.030386516489749615	-0.15241876671258406	0.5980876752289117	-0.49420630418928774	0.7368122518434487
ArgR	-0.7207681711368609	0.6031115792885504	-0.2713718499311239	0.7460497528563326	1.0	-0.7018069848472571	0.8256219107041569	0.12697512357183371	-0.3525646219917349	0.06782270480512113	-0.5995462280204198	-0.8246495421764849	0.9312859573778463	-0.5839883315776679	-0.22453609918158982	0.9236690705777489	-0.12713718499311238	-0.7287091807795154	-0.3972935742646463	-0.4425087108013937	-0.5329389838748886	-0.6236933797909407	0.12859573778462038	-0.5493071874240337	-0.7206061097155823	0.7116927315452557	-0.7658212462523296	0.16181832914674663	0.02844177943440564	-0.5198120087513167	0.7303297949923021	0.22032250222834454	0.5585446884369176	0.7219026010858115	0.8812089782027388	-0.052913054047484	-0.4060448910136942	-0.6961348351025038	0.5638927153391136	0.008994408880965886	-0.7982335305080626	-0.028927963698241632	0.8687302487642816	0.9332306944331902	0.7604732193501337	0.8013126975123572	0.9413337654971234	0.14480187991248683	0.5060367879426303	-0.018393971315128432	-0.030224455068470952	-0.5050644194149583	0.14982578397212543	-0.36358479863868404	-0.6920832995705373	0.07057774896685844	0.6580504011020176	0.9301515274288955	0.945871485292926	-0.7126651000729276	-0.6105664046673689	0.16570780325743456	-0.6953245279961106	0.496961348351025	-0.6711773762255895	0.8982254274369986	0.5415282392026578	-0.23782513572644032	-0.13734705453366827	-0.16927315452556518	-0.629365529535694	-0.20055100883234747	0.846365772627826	-0.7421602787456446	0.6434648731869379	-0.05826108094967993	0.8836398995219188	0.0707398103881371	0.68446641277044	-0.47686573211247063	0.9299894660076169	0.004294627663884612	0.1183858682440645	0.07365691597115306	-0.07138805607325176	0.6836561056640467	-0.39810388137103964	0.9252896847905356
BioQ	0.4938821813467304	-0.41998217324365933	0.2007130702536261	-0.6272587310590714	-0.7018069848472571	1.0	-0.5591929341220323	-0.2827161494206304	0.2545174621181428	0.04886151851551738	0.24884531237338953	0.4980957782999757	-0.6664775950085082	0.35953326310671746	0.12016854387812981	-0.6881938254598493	0.09521108500121546	0.497447532614861	0.24900737379466817	0.43035410420549386	0.4498014747589336	0.5442832833643951	-0.1527428895551414	0.28660562353131835	0.5335872295600033	-0.5285633255003647	0.4634146341463415	-0.19795802609188884	-0.079491127137185	0.4164168219755287	-0.5627582853901629	-0.2558139534883721	-0.4394295437970991	-0.6222348269994328	-0.5480106960538044	-0.06685033627744916	0.2337736001944737	0.6574021554169031	-0.6018150879183211	-0.05826108094967993	0.5912810955352078	-0.025848796693947004	-0.6266104853739567	-0.7283850579369581	-0.5497933716878697	-0.6609675066850337	-0.6277449153229073	-0.12276152661858844	-0.6053804391864517	-0.13410582610809496	-0.034924236285552225	0.5285633255003647	-0.058423142370958595	0.4089619965967102	0.655457418361559	-0.1948788590875942	-0.6275828539016287	-0.7060205818005024	-0.7274126894092862	0.5235394214407261	0.3724981768090106	-0.06328498500931853	0.5426626691516084	-0.5272668341301353	0.4170650676606434	-0.6917591767279799	-0.4856170488615185	0.06052994084758123	-0.0579369581071226	0.12859573778462038	0.5734543391945547	0.0002430921319179969	-0.710072117332469	0.6360100478081193	-0.46114577424844017	0.05080625557086136	-0.732274532047646	0.06490559922210518	-0.5371525808281339	0.3536990519406855	-0.7317883477838101	-0.07365691597115306	0.008670286038408557	0.012883882991653836	-0.13102665910380035	-0.36763633417065067	0.2731545255651892	-0.7069929503281743
BirA	-0.5841503929989466	0.3749290981281906	-0.38692164330281176	0.6633984280042136	0.8256219107041569	-0.5591929341220323	1.0	-0.04318936877076412	-0.39486265294546635	0.05064419414958269	-0.44785673770358964	-0.714933959970829	0.789320152337736	-0.6476784701401831	-0.30394619560813546	0.7348675147881046	0.07641196013289037	-0.7146098371282716	-0.5716716635604894	-0.37962887934527184	-0.5400696864111498	-0.6000324122842557	-0.09893849769062475	-0.4890203387083705	-0.6766874645490641	0.6117008346163196	-0.5444453447856737	0.34429948950652295	0.07025362612430111	-0.5943602625395025	0.6079734219269103	0.34673041082570294	0.6048942549226157	0.46487318693784946	0.8886638035815574	-0.03460011344299489	-0.4778381006401426	-0.4028036625881209	0.4459120006482457	-0.17851065553844908	-0.8064986629932744	-0.0757637144477757	0.6893282554087999	0.8157361640061583	0.6223968884207115	0.658860708208411	0.8470140183129407	0.19568916619398752	0.36147800016206144	0.15387731950409206	0.0922939794181995	-0.4684385382059801	0.16570780325743456	-0.28028522810145046	-0.5121951219512195	0.03589660481322421	0.6198039056802528	0.8870431893687708	0.8011506360910785	-0.5002025767765983	-0.6671258406936229	0.10477270885665667	-0.633255003646382	0.3259865489020339	-0.7066688274856171	0.8615995462280204	0.6867352726683413	-0.009966777408637873	-0.2407422413094563	0.007049671825621911	-0.3977797585284823	-0.391621424519893	0.6946762823109959	-0.6306620209059234	0.6940280366258812	-0.10947249007373795	0.6962968965237825	0.17689004132566244	0.6881938254598493	-0.22502228344542582	0.7784620371120655	0.14609837128271616	-0.04367555303460011	0.19828214893444615	-0.12632687788671906	0.7199578640304676	-0.45320476460578557	0.7428085244307593
CadR-PbrR	0.006563487561785917	0.19439267482375822	-0.2287496961348351	0.20379223725792076	0.12697512357183371	-0.2827161494206304	-0.04318936877076412	1.0	0.2588931204926667	-0.3541852362045215	0.15971153067012397	-0.0008913378170326554	0.05939551089863058	-0.07511546876266105	-0.05404748399643465	0.09991086621829673	0.0052669961915566	0.011749453042703185	0.09261810226075683	0.06766064338384248	-0.21335386111336196	0.0025119520298193016	-0.04983388704318937	-0.2812575966291224	0.046268535775058746	0.13799530021878292	0.02066283121302974	-0.03719309618345353	0.22534640628798314	0.16117008346163195	0.3015152742889555	0.1033141560651487	-0.16765254031277854	0.2182157037517219	-0.03589660481322421	0.16619398752127057	-0.11887205250790049	-0.317235232152986	0.2332874159306377	0.06312292358803986	0.012397698727817843	-0.23280123166680172	0.1133619641844259	0.20022688598979013	0.07009156470302244	0.2739648326715825	0.06620209059233449	0.342840936715015	0.25322097074791344	0.1422088971720282	-0.1866137266023823	-0.14545012559760148	-0.12276152661858844	-0.13410582610809496	-0.21659508953893525	-0.060205818005023906	0.0890527509926262	0.06960538043918645	0.11854792966534317	-0.2757475083056478	-0.07689814439672636	-0.26051373470545336	-0.23831131999027633	0.38935256462199175	-0.041568754557977476	0.13977797585284824	-0.02665910380034033	-0.2242119763390325	0.046268535775058746	-0.33344137428085246	-0.3391135240256057	0.33068633011911513	0.13588850174216027	-0.11546876266104854	0.18272425249169436	-0.13767117737622558	0.19034113929179158	-0.10104529616724739	0.0064014261405072525	-0.024714366744996354	0.22858763471355645	0.25419333927558546	-0.11887205250790049	-0.23652864435621102	0.08419090835426626	-0.14836723118061745	0.13135078194635766	0.1715420144234665
CblR	0.16019771493395998	-0.024390243902439025	0.1073656915971153	-0.293088080382465	-0.3525646219917349	0.2545174621181428	-0.39486265294546635	0.2588931204926667	1.0	-0.21853982659427923	0.32517624179564053	0.2498176809010615	-0.24009399562434164	0.3538611133619642	0.06409529211571185	-0.30183939713151287	-0.1898549550279556	0.35661615752370146	0.38335629203468113	-0.1033141560651487	-0.0033222591362126247	0.519163763066202	0.21140912405801798	0.24576614536909488	0.2054128514707074	-0.2397698727817843	0.24398346973502957	-0.1028279718013127	0.018069848472571103	0.16343894335953327	-0.2844988250546957	-0.36763633417065067	-0.131674904788915	-0.11174134997163924	-0.3524025605704562	-0.03719309618345353	0.018393971315128432	-0.04075844745158415	-0.17640385706182643	0.07317073170731707	0.290657159063285	-0.14885341544445344	-0.13199902763147234	-0.2773681225184345	-0.08305647840531562	-0.13313345758042297	-0.3225832590551819	-0.2992464143910542	0.008994408880965886	-0.02844177943440564	0.02925208654079896	0.0368689733408962	-0.0890527509926262	0.19147556924074224	-0.10979661291629528	-0.11935823677173649	-0.29632930880803826	-0.3376549712340977	-0.2546795235394214	0.04043432460902682	0.26618588445020663	-0.09715582205655944	0.1861275423385463	-0.025200551008832346	0.22858763471355645	-0.23539421440726035	-0.35710234178753747	-0.14512600275504417	-0.22777732760716313	-0.35904707884288145	-0.00948059314480188	0.002349890608540637	-0.2909812819058423	-0.011263268778867191	-0.261648164654404	0.20346811441536342	-0.17948302406612107	-0.06360910785187586	-0.2861194392674824	-0.03605866623450288	-0.2663479458714853	-0.07187424033708775	0.3180455392593793	0.06198849363908922	0.032493314966372255	-0.37881857223887855	0.08970099667774087	-0.29341220322502226
CcpA	-0.19098938497690623	-0.12713718499311238	-0.052588931204926664	-0.03719309618345353	0.06782270480512113	0.04886151851551738	0.05064419414958269	-0.3541852362045215	-0.21853982659427923	1.0	-0.17073170731707318	-0.18191394538530103	-0.013856251519325824	-0.19828214893444615	-0.05971963374118791	-0.007697917510736569	0.2880641763228263	-0.28174378089295843	-0.044485860140993434	-0.01612511141722713	0.15112227534235476	-0.21157118547929665	-0.1499878453934041	0.019852524106636415	-0.08273235556275829	-0.0007292763957539907	-0.09780406774167409	0.22259136212624583	-0.03897577181751884	-0.15063609107851875	0.05615428247305729	0.08872862815006888	0.03460011344299489	-0.12713718499311238	0.1517705210274694	0.037355157604732195	0.157280609350944	0.2503038651648975	-0.12259946519730978	0.005915241876671258	-0.08613564540961025	0.2686168057693866	-0.0054290576128352645	-0.01401831294060449	0.131674904788915	0.013856251519325824	0.07722226723928369	-0.03605866623450288	0.01547686573211247	-0.051940685519812006	-0.05307511546876266	0.19504092050887287	0.07333279312859574	-0.15403938092537073	0.1898549550279556	0.09083542662669152	0.05080625557086136	0.052913054047484	-0.019690462685357752	0.17915890122356373	-0.13183696621019367	0.03087270075358561	-0.05615428247305729	-0.22810145044972044	0.1354023174783243	-0.047889149987845395	0.10947249007373795	0.21448829106231262	0.11319990276314723	0.15339113524025605	0.3246900575318046	-0.1279474920995057	-0.014666558625719148	0.08467709261810226	0.012559760149096507	-0.3739567296005186	-0.030386516489749615	0.23750101288388298	-0.07268454744348107	0.06117818653269589	-0.015638927153391134	0.12535450935904707	0.11627906976744186	0.14950166112956811	0.23344947735191637	0.051130378413418685	-0.08532533830321692	0.08483915403938093
CsoR	0.4770277935337493	-0.49096507576371445	0.17413499716392514	-0.40863787375415284	-0.5995462280204198	0.24884531237338953	-0.44785673770358964	0.15971153067012397	0.32517624179564053	-0.17073170731707318	1.0	0.53277692245361	-0.5083056478405316	0.2869297463738757	0.22615671339437646	-0.5804229803095373	0.2838505793695811	0.5089538935256462	0.1888825865002836	0.34802690219593224	0.18272425249169436	0.3898387488858277	-0.1234097723037031	0.15306701239769874	0.3878940118304838	-0.5183534559598088	0.5481727574750831	-0.022283445425816385	0.06620209059233449	0.2387975042541123	-0.36407098290252005	-0.02876590227696297	-0.2759095697269265	-0.49372011992545173	-0.5373146422494125	0.04513410582610809	0.039786078923912165	0.3780082651324852	-0.2669961915565999	0.04416173729843611	0.45142208897172026	-0.08370472409043027	-0.4758933635847986	-0.49161332144882913	-0.39891418847743293	-0.48788590875941984	-0.6191556599951381	0.048699457094238716	-0.37006725548983066	0.17867271695972772	-0.04772708856656673	0.20022688598979013	-0.09067336520541285	0.11401020986954055	0.3870837047240904	-0.13199902763147234	-0.39810388137103964	-0.5034438052021716	-0.5147881046916781	0.36536747427274935	0.22793938902844177	-0.10752775301839397	0.2943845717526943	-0.16343894335953327	0.3049185641358075	-0.4924236285552224	-0.45012559760149096	0.158252977878616	0.0038084434000486183	-0.06701239769872781	0.2874159306377117	0.10136941900980471	-0.41495826918402073	0.5449315290495098	-0.30637711692731545	-0.04562029008994409	-0.42111660319261	-0.15339113524025605	-0.33198282148934444	0.24916943521594684	-0.5212705615428247	0.3154525565189207	-0.10347621748642735	0.0025119520298193016	0.2177295194878859	-0.6003565351268131	0.24641439105420954	-0.5256462199173487
CueR	0.6079734219269103	-0.657888339680739	0.19406855198120088	-0.613483510250385	-0.8246495421764849	0.4980957782999757	-0.714933959970829	-0.0008913378170326554	0.2498176809010615	-0.18191394538530103	0.53277692245361	1.0	-0.812494935580585	0.5386111336196419	0.23636658293493235	-0.8471760797342193	0.12000648245685115	0.6295275909569726	0.3203143991572806	0.4392674823758204	0.38384247629851714	0.4903168300785998	-0.19406855198120088	0.474758933635848	0.6964589579450612	-0.6711773762255895	0.6413580747103153	-0.07381897739243173	-0.08451503119682359	0.5258082813386273	-0.6420063203954298	-0.19536504335143018	-0.6068389919779597	-0.5319666153472166	-0.7808929584312454	0.2031439915728061	0.3908111174134997	0.5927396483267158	-0.3400858925532777	0.010452961672473868	0.743456770115874	-0.09261810226075683	-0.7732760716311482	-0.7755449315290495	-0.7056964589579451	-0.7421602787456446	-0.8518758609513005	-0.05388542257515598	-0.394538530102909	0.10963455149501661	0.09083542662669152	0.41301353212867675	-0.043027307349485455	0.2981119844421036	0.5741025848796694	-0.005591119034113929	-0.3541852362045215	-0.8162223482699943	-0.7967749777165546	0.6877076411960132	0.4579045458228669	-0.09812819058423142	0.7050482132728304	-0.4697350295762094	0.5235394214407261	-0.7173648812900089	-0.5308321853982659	0.2566242605947654	0.09099748804797018	0.16927315452556518	0.5175431488534155	0.19342030629608623	-0.7591767279799044	0.6612916295275909	-0.5757231990924561	-0.027307349485454987	-0.7544769467628231	-0.2071955271047727	-0.6718256219107042	0.5061988493639089	-0.7630662020905923	-0.01401831294060449	-0.12908192204845637	0.01547686573211247	0.1256786322016044	-0.5528725386921644	0.38870431893687707	-0.8572238878534965
CzrA	-0.7353536990519407	0.6637225508467709	-0.16408718904464792	0.7526942711287578	0.9312859573778463	-0.6664775950085082	0.789320152337736	0.05939551089863058	-0.24009399562434164	-0.013856251519325824	-0.5083056478405316	-0.812494935580585	1.0	-0.5121951219512195	-0.20363017583664209	0.9273964832671583	-0.19633741187910217	-0.6679361478000162	-0.35029576209383356	-0.4651973097804068	-0.5993841665991411	-0.5632444696539989	0.21513653674742728	-0.49226156713394376	-0.7582043594522324	0.7066688274856171	-0.7690624746779029	0.08451503119682359	-0.042054938821813465	-0.552548415849607	0.6984036950004051	0.16651811036382788	0.6157523701482862	0.7063447046430598	0.8818572238878535	-0.12276152661858844	-0.5139777975852848	-0.7817032655376388	0.5457418361559031	0.05307511546876266	-0.7807308970099668	0.05307511546876266	0.8870431893687708	0.9029252086540799	0.7465359371201685	0.7419982173243659	0.9186451665181103	0.018880155578964428	0.5228911757556114	-0.07187424033708775	-0.004132566242605947	-0.5674580666072442	0.11935823677173649	-0.3036220727655782	-0.7168786970261729	0.04432379871971477	0.6199659671015315	0.8933635847986386	0.9512195121951219	-0.7590146665586257	-0.5859330686330119	0.2337736001944737	-0.6444372417146098	0.5731302163519975	-0.7327607163114821	0.8615995462280204	0.4925856899765011	-0.2823920265780731	-0.17672797990438377	-0.18126569970018638	-0.6836561056640467	-0.25322097074791344	0.8244874807552062	-0.742484401588202	0.5591929341220323	0.07511546876266105	0.9181589822542744	0.08030143424357832	0.6982416335791265	-0.5108986305809902	0.918321043675553	-0.07236042460092375	0.12195121951219512	0.14075034438052023	-0.10120735758852605	0.6470302244550685	-0.4523944574993923	0.8774815655133296
DasR	0.3139940037274127	-0.18369662101936635	0.3830321691921238	-0.48772384733814117	-0.5839883315776679	0.35953326310671746	-0.6476784701401831	-0.07511546876266105	0.3538611133619642	-0.19828214893444615	0.2869297463738757	0.5386111336196419	-0.5121951219512195	1.0	0.13977797585284824	-0.554006968641115	-0.16441131188720526	0.6948383437322745	0.5661615752370148	0.2676444372417146	0.30135321286767686	0.3896766874645491	0.0007292763957539907	0.4258163844096913	0.3240418118466899	-0.5113848148448262	0.40928611943926746	-0.17397293574264647	-0.18272425249169436	0.4459120006482457	-0.48739972449558383	-0.14690867838910948	-0.2841747022121384	-0.3724981768090106	-0.6016530264970423	0.04092050887286282	0.24236285552224293	0.23782513572644032	-0.20670934284093673	0.025200551008832346	0.6146179401993356	-0.079004942873349	-0.45433919455473626	-0.6301758366420873	-0.48318612754233853	-0.5339113524025606	-0.6249898711611701	-0.2663479458714853	-0.2961672473867596	-0.2806093509440078	0.05129243983469735	0.1700834616319585	-0.16019771493395998	0.34413742808524433	0.2786646138886638	0.04011020176646949	-0.3551576047321935	-0.6176971072036301	-0.5290495097642006	0.314804310833806	0.6225589498419901	0.0158009885746698	0.5202981930151528	-0.20978850984523134	0.47362450368689735	-0.57523701482862	-0.53277692245361	-0.019366339842800423	-0.1073656915971153	-0.2315047402965724	0.20784377278988736	0.04043432460902682	-0.4673041082570294	0.4642249412527348	-0.6055425006077303	0.20346811441536342	-0.48107932906571593	-0.2721821570375172	-0.32323150474029655	0.3302001458552791	-0.5705372336115387	-0.36715014990681466	-0.08645976825216757	-0.09213191799692083	0.0057531804553925935	-0.4436431407503444	0.29162952759095695	-0.5716716635604894
ExuR_UxuR	0.15258082813386273	-0.03297949923020825	0.27056154282473055	-0.12146503524835912	-0.22453609918158982	0.12016854387812981	-0.30394619560813546	-0.05404748399643465	0.06409529211571185	-0.05971963374118791	0.22615671339437646	0.23636658293493235	-0.20363017583664209	0.13977797585284824	1.0	-0.14415363422737218	-0.2310185560327364	0.22907381897739243	0.30767360829754475	0.24997974232234016	0.3562920346811442	0.14917753828701077	0.17624179564054776	0.20622315857710072	0.07803257434567701	-0.12081678956324447	0.2452799611052589	-0.36763633417065067	-0.13102665910380035	0.1883964022364476	0.0158009885746698	-0.1514463981849121	-0.31869378494449396	-0.1728385057936958	-0.32290738189773927	0.04367555303460011	0.0918077951543635	0.0002430921319179969	-0.05550603678794263	0.02212138400453772	0.28838829916538367	0.08808038246495421	-0.03994814034519083	-0.23312535450935903	-0.03670691191961754	-0.10655538449072198	-0.22567052913054048	0.07462928449882505	0.06652621343489182	-0.14366744996353617	0.1005591119034114	-0.1673284174702212	-0.1725143829511385	-0.22307754639008184	-0.0423790616643708	0.11125516570780326	-0.14188477432947086	-0.22307754639008184	-0.16489749615104124	0.03703103476217486	0.1655457418361559	0.07511546876266105	0.23912162709666965	0.04513410582610809	0.19520298193015154	-0.2410663641520136	-0.31010452961672474	0.013045944412932501	0.4679523539421441	-0.01612511141722713	-0.040596386030305485	0.07446722307754639	-0.05404748399643465	0.1989303946195608	-0.33068633011911513	-0.04351349161332145	-0.07981524997974232	-0.19601328903654486	-0.28579531642492506	-0.06409529211571185	-0.21902601085811524	0.010939145936309862	-0.14966372255084678	-0.10380034032898469	-0.08791832104367556	-0.3835183534559598	0.05161656267725468	-0.16035977635523863
FUR	-0.7264403208816141	0.7501012883882991	-0.11870999108662184	0.7444291386435459	0.9236690705777489	-0.6881938254598493	0.7348675147881046	0.09991086621829673	-0.30183939713151287	-0.007697917510736569	-0.5804229803095373	-0.8471760797342193	0.9273964832671583	-0.554006968641115	-0.14415363422737218	1.0	-0.24787294384571754	-0.6316343894335953	-0.3271209788509845	-0.5134916133214489	-0.5214326229641034	-0.5711854792966534	0.22534640628798314	-0.5110606920022689	-0.7154201442346649	0.7987197147718985	-0.7492909812819059	0.0020257677659833075	0.019852524106636415	-0.5512519244793777	0.6690705777489668	0.12810955352078437	0.6360100478081193	0.7497771655457418	0.8231909893849769	-0.13702293169111093	-0.38141155497933715	-0.7914269508143587	0.4692488453123734	0.10120735758852605	-0.7599870350862977	0.12000648245685115	0.8966048132242119	0.8987116117008346	0.7348675147881046	0.813953488372093	0.9259379304756503	0.12130297382708047	0.52305323717689	-0.08240823272020095	-0.02876590227696297	-0.5319666153472166	0.04108257029414148	-0.32938983874888583	-0.7249817680901062	0.06215055506036788	0.5337492909812819	0.8990357345433919	0.9283688517948302	-0.8034194959889798	-0.548658941738919	0.13799530021878292	-0.7043999675877157	0.5319666153472166	-0.6172109229397942	0.8342111660319261	0.5342354752451179	-0.3350619884936391	-0.07057774896685844	-0.19520298193015154	-0.7006725548983065	-0.1444777570699295	0.8938497690624747	-0.739567296005186	0.5428247305728872	0.031034762174864273	0.9254517462118143	0.08030143424357832	0.6622639980552629	-0.5462280204197391	0.8896361721092294	-0.017745725630013774	0.10947249007373795	0.023741998217324367	-0.14010209869540555	0.6196418442589742	-0.37509115954946926	0.9076249898711611
FabR	0.33441374280852443	-0.46114577424844017	-0.32971396159144317	-0.030224455068470952	-0.12713718499311238	0.09521108500121546	0.07641196013289037	0.0052669961915566	-0.1898549550279556	0.2880641763228263	0.2838505793695811	0.12000648245685115	-0.19633741187910217	-0.16441131188720526	-0.2310185560327364	-0.24787294384571754	1.0	0.009318531723523215	-0.5199740701725954	-0.010615023093752533	-0.12551657078032574	0.11725143829511385	-0.40426221537962886	-0.14755692407422413	0.20930232558139536	-0.30086702860384085	0.1459363098614375	0.39243173162628636	0.3762255894984199	-0.18628960375982498	-0.10639332306944332	0.24706263673932422	-0.18353455959808768	-0.22437403776031115	0.0474029657240094	0.2558139534883721	0.1005591119034114	0.4002106798476623	0.007859978932015234	-0.08564946114577425	0.07592577586905437	-0.005591119034113929	-0.2112470626367393	-0.14188477432947086	-0.2668341301353213	-0.15695648650838667	-0.12033060529940848	0.08970099667774087	-0.22842557329227778	0.2804472895227291	-0.2332874159306377	0.17705210274694108	0.286281500688761	0.00948059314480188	0.2653755773438133	-0.3180455392593793	-0.041406693136698806	-0.1000729276395754	-0.1294060448910137	0.38838019609431973	-0.17624179564054776	-0.18288631391297303	-0.04027226318774816	-0.07365691597115306	0.1251924479377684	-0.03557248197066688	0.2533830321691921	0.30005672149744755	-0.1294060448910137	0.28903654485049834	0.37006725548983066	0.0862977068308889	-0.20087513167490478	0.31464224941252733	0.12600275504416172	-0.3139940037274127	-0.22194311644113118	0.06279880074548254	-0.13021635199740703	0.32922777732760716	-0.08872862815006888	0.32112470626367395	-0.39615914431569565	0.11482051697593387	0.014180374361883154	0.06863301191151447	-0.1710558301596305	-0.12049266672068715
FadP	0.46811441536342274	-0.24187667125840695	0.366015719957864	-0.6013289036544851	-0.7287091807795154	0.497447532614861	-0.7146098371282716	0.011749453042703185	0.35661615752370146	-0.28174378089295843	0.5089538935256462	0.6295275909569726	-0.6679361478000162	0.6948383437322745	0.22907381897739243	-0.6316343894335953	0.009318531723523215	1.0	0.3536990519406855	0.4081516894903168	0.24414553115630824	0.62985171379953	0.05826108094967993	0.2804472895227291	0.446236123490803	-0.5016611295681063	0.5450935904707884	-0.22307754639008184	-0.14107446722307754	0.35094400777894824	-0.6126732031439915	-0.29584312454420225	-0.43148853415444455	-0.47686573211247063	-0.705210274694109	0.10768981443967264	0.21805364233044325	0.37509115954946926	-0.4609837128271615	0.17024552305323717	0.6867352726683413	-0.019852524106636415	-0.4852929260189612	-0.7214164168219755	-0.6407098290252006	-0.5729681549307187	-0.6727979904383762	-0.23247710882424438	-0.4572563001377522	-0.21011263268778868	0.010939145936309862	0.2699132971396159	-0.14285714285714285	0.31059071388056075	0.34916133214488293	-0.17948302406612107	-0.6019771493395997	-0.7525322097074791	-0.6270966696377928	0.33619641844258974	0.6749047889149988	-0.07219836317964509	0.5416903006239365	-0.1554979337168787	0.5154363503767928	-0.6697188234340815	-0.5703751721902601	-0.029738270804634957	0.008184101774572563	-0.04853739567296005	0.3263106717445912	0.027631472328012316	-0.5679442508710801	0.5496313102665911	-0.5390973178834778	0.08743213677983956	-0.5348837209302325	-0.30961834535288874	-0.3102665910380034	0.32566242605947654	-0.6536747427274937	-0.04432379871971477	-0.15306701239769874	-0.21286767684952598	-0.08386678551170894	-0.5854468843691759	0.24495583826270156	-0.6206142127866462
FadR	0.0707398103881371	-0.010777084515031198	0.42451989303946197	-0.33927558544688435	-0.3972935742646463	0.24900737379466817	-0.5716716635604894	0.09261810226075683	0.38335629203468113	-0.044485860140993434	0.1888825865002836	0.3203143991572806	-0.35029576209383356	0.5661615752370148	0.30767360829754475	-0.3271209788509845	-0.5199740701725954	0.3536990519406855	1.0	0.36893282554087997	0.4418604651162791	0.23507009156470302	0.022445506847095047	0.4814034519082732	0.28595737784620373	-0.2007130702536261	0.34656834940442427	-0.45255651892067095	-0.11952029819301516	0.3890284417794344	-0.15209464387002675	-0.3010290900251195	-0.24236285552224293	-0.1266510007292764	-0.5433109148367231	-0.07657402155416904	0.15290495097642007	0.008022040353293899	-0.16246657483186128	0.19406855198120088	0.4366744996353618	0.01337006725548983	-0.3023255813953488	-0.36909488696215864	-0.1517705210274694	-0.26488939307997733	-0.42678875293736324	-0.15744267077222268	0.060692002268859895	-0.19601328903654486	0.09780406774167409	0.16360100478081194	-0.14658455554655214	0.06474353780082652	0.13054047483996434	0.07641196013289037	-0.32501418037436186	-0.44331901790778705	-0.3830321691921238	0.05890932663479459	0.4113929179158901	-0.05404748399643465	0.4047483996434649	-0.11190341139291791	0.33165869864678715	-0.4258163844096913	-0.6016530264970423	-0.2755854468843692	0.1775382870107771	-0.3891905032007131	-0.055992221051778625	0.07884288145207033	-0.21789158090916458	0.19471679766631553	-0.4890203387083705	0.0185560327364071	-0.2530589093266348	-0.26748237582043594	-0.393566161575237	0.04578235151122275	-0.4026416011668422	-0.12746130783566972	0.15598411798071468	-0.16360100478081194	0.10833806012478729	-0.4045863382221862	0.43651243821408314	-0.3473786565108176
FixJ	0.32744510169354185	-0.2669961915565999	0.14950166112956811	-0.2979499230208249	-0.4425087108013937	0.43035410420549386	-0.37962887934527184	0.06766064338384248	-0.1033141560651487	-0.01612511141722713	0.34802690219593224	0.4392674823758204	-0.4651973097804068	0.2676444372417146	0.24997974232234016	-0.5134916133214489	-0.010615023093752533	0.4081516894903168	0.36893282554087997	1.0	0.3365205412851471	0.24544202252653755	-0.25921724333522406	0.22129487075601653	0.4266266915160846	-0.4131755935499554	0.4023174783242849	-0.265051454501256	-0.06134024795397456	0.367474272749372	-0.23588039867109634	-0.041244631715420144	-0.5659995138157362	-0.3997244955838263	-0.46681792399319344	0.03265537638765092	0.033141560651486913	0.3141560651486914	-0.2533830321691921	0.09440077789482214	0.46114577424844017	-0.11401020986954055	-0.4434810793290657	-0.4826999432785026	-0.4212786646138887	-0.4943683656105664	-0.4745968722145693	0.1294060448910137	-0.2528968479053561	-0.16619398752127057	-0.024390243902439025	0.3716878697026173	0.13588850174216027	0.24122842557329227	0.4945304270318451	-0.008832347459687221	-0.29584312454420225	-0.5134916133214489	-0.4647111255165708	0.3117251438295114	0.24090430273073496	0.026334980957783	0.44639818491208166	-0.11028279718013127	0.16765254031277854	-0.5222429300704967	-0.4157685762904141	0.09747994489911677	0.23393566161575238	-0.02066283121302974	0.3668260270642574	0.04011020176646949	-0.4697350295762094	0.5882019285309132	-0.3710396240175026	-0.16376306620209058	-0.42824730572887126	-0.03784134186856819	-0.3091321610890527	0.19795802609188884	-0.47265213515922533	0.15484968803176405	-0.19974070172595412	-0.26181022607568266	-0.01337006725548983	-0.3601815087918321	0.23636658293493235	-0.4032898468519569
FnrN_FixK	0.35402317478324286	-0.4660076168868001	0.2909812819058423	-0.6585365853658537	-0.5329389838748886	0.4498014747589336	-0.5400696864111498	-0.21335386111336196	-0.0033222591362126247	0.15112227534235476	0.18272425249169436	0.38384247629851714	-0.5993841665991411	0.30135321286767686	0.3562920346811442	-0.5214326229641034	-0.12551657078032574	0.24414553115630824	0.4418604651162791	0.3365205412851471	1.0	0.18677578802366096	0.059233449477351915	0.4076655052264808	0.29406044891013694	-0.41722712908192205	0.6509196985657564	-0.20508872862815006	-0.1517705210274694	0.5749128919860628	-0.3099424681954461	-0.035734543391945546	-0.3212867676849526	-0.548658941738919	-0.608621667612025	-0.15225670529130542	0.524997974232234	0.5212705615428247	-0.38692164330281176	-0.06052994084758123	0.4796207762742079	0.009966777408637873	-0.6355238635442833	-0.5541690300623936	-0.29341220322502226	-0.42840936715014993	-0.5647030224455069	-0.024714366744996354	-0.37266023823028926	-0.1715420144234665	-0.16765254031277854	0.44380520217162306	-0.10931042865245928	-0.006077303297949923	0.6045701320800584	0.09018718094157686	-0.40734138238392353	-0.5086297706830889	-0.5766955676201281	0.5141398590065634	0.42451989303946197	-0.1211409124058018	0.40993436512438214	-0.444777570699295	0.44510169354185236	-0.5831780244712746	-0.451097966129163	0.04254112308564946	0.38886638035815574	0.013208005834211166	0.3303622072765578	0.22972206466250708	-0.45984928287821086	0.36698808848553605	-0.521594684385382	0.1715420144234665	-0.6018150879183211	0.14366744996353617	-0.4504497204440483	-0.030062393647192286	-0.6577262782594603	0.016287172838505795	0.060692002268859895	-0.04610647435378008	0.2974637387569889	-0.5374767036706912	0.3415444453447857	-0.5661615752370148
FruR	0.6572400939956243	-0.2755854468843692	0.2731545255651892	-0.5645409610242281	-0.6236933797909407	0.5442832833643951	-0.6000324122842557	0.0025119520298193016	0.519163763066202	-0.21157118547929665	0.3898387488858277	0.4903168300785998	-0.5632444696539989	0.3896766874645491	0.14917753828701077	-0.5711854792966534	0.11725143829511385	0.62985171379953	0.23507009156470302	0.24544202252653755	0.18677578802366096	1.0	-0.04335143019204278	0.4113929179158901	0.47038327526132406	-0.40442427680090753	0.393566161575237	-0.24414553115630824	-0.08419090835426626	0.17429705858520378	-0.47265213515922533	-0.22194311644113118	-0.31512843367636334	-0.3760635280771412	-0.5818815331010453	0.062474677902925206	0.06052994084758123	0.3464062879831456	-0.25046592658617617	-0.1023417875374767	0.6951624665748318	-0.2169192123814926	-0.47945871485292924	-0.6264484239526781	-0.6045701320800584	-0.58496070010534	-0.5818815331010453	-0.4355400696864111	-0.339437646868163	-0.01191151446398185	0.03119682359614294	0.4015071712178916	0.18045539259379303	0.4250060773032979	0.22664289765821247	-0.498906085406369	-0.45563568592496556	-0.7063447046430598	-0.5726440320881614	0.2572725062798801	0.3736326067579613	-0.079004942873349	0.48318612754233853	-0.2081678956324447	0.4523944574993923	-0.602301272182157	-0.49923020824892633	-0.22404991491775383	-0.06911919617535046	-0.013532128676768495	0.2955190017016449	0.011425330200145856	-0.5907949112713718	0.39291791589012237	-0.3668260270642574	-0.03054857791102828	-0.5342354752451179	0.006725548983064582	-0.48172757475083056	0.2781784296248278	-0.5666477595008508	-0.13750911595494691	0.055992221051778625	-0.1687869702617292	-0.039624017502633495	-0.4126894092861194	0.14075034438052023	-0.5232152985981687
