	FabR	HypR	CadR-PbrR	TrpR	AraR	LiuR	PhrR	CueR	FruR	RbsR	NiaR	GntR	SdaR	HexR	RutR	HrcA	PaaR	NadQ	PdxR	Rex	LexA	SoxR	GlcC	LiuQ	MerR	NtrC	NagQ	PhnR	TyrR	QorR	FnrN_FixK	PhsR	AmtR	ZntR	HcpR	NagR	NikR	PsrA	LldR	NrdR	KdgR	NagC	SahR_SamR	FUR	NsrR	ModE	ThiR	Phr	BirA	Zur	MntR	ArgR	NrtR	HisR	RbkR	AgaR	XylR	CzrA	IscR	PhnF	HutC	MetR	CcpA	ExuR_UxuR	NifA	PurR	CsoR	GguR	CblR	LtbR	NnrR	FixJ	AcnR	MetJ	FadR	GulR	TtrR	PdhR	VanR	BioQ	SiaR	NarP	NmlR	NorR	FadP	Irr	DasR	PrpR
FabR	1.0	0.43925485355178995	0.09261711492662003	0.18798488759211462	0.12650282422474096	0.10083168119303233	0.2938315939101485	0.13626853202658387	0.22815496452574222	0.29618573797678277	0.2293569745258669	0.07204827990373945	0.2808688387635756	0.23908278158081772	0.24791082183069615	0.3348146485617028	0.4403122233444307	0.15253307397847854	0.31381688050973205	0.31318345615281984	0.34464519507724534	0.269706604820509	0.18927168667938504	0.19716205937729897	0.25654933353283704	0.24225987855210165	0.26643973116871783	0.3012431576453572	0.19589022307011308	0.1240688786643225	0.11090661978328907	0.1939699996259305	0.23859399743138943	0.22270352498160825	0.12609882916245838	0.2623349418321924	0.24421501514981483	0.07672664247683886	0.1939001733188693	0.12073716629883166	0.08491627077644359	0.18038379530916845	0.16983004775620644	0.16013915385478622	0.20578062070599384	0.3307996359056846	0.21693287946233744	0.2542999289267946	0.21984064639209966	0.23601042407012557	0.30357236374518387	0.2657963316250826	0.16745096572276463	0.18230401875335103	0.27591117096223144	0.22674846319779549	0.2804149677676779	0.22640431925585108	0.23195551066721531	0.16034364518260827	0.1072257758824923	0.13821868103093554	0.02149403359144129	0.03872616865546952	-0.14062270103118493	0.1480342647663936	-0.10408857965810048	-0.08792877716679759	0.1133305901569845	0.10736044090325315	0.0013890447511814362	-0.008471427324530231	-0.20502749410840534	-0.13709148493123355	0.10921083804037457	-0.05275128118804474	0.08483148168929787	0.14137084003541192	-0.08315565031982942	0.22885322759635407	0.0357785009788152	0.1310714597438871	-0.039828426788363944	-0.04863651666479632	-0.11399394007406576	0.11158493248045487	0.23898801730694896	0.05936482998541129
HypR	0.43925485355178995	1.0	0.18908714572500904	0.13586952455766282	0.24134714896694473	0.13946059177795234	0.24198556091721843	0.05455678998491253	-0.017159814960286287	-0.04562899786780384	0.19480791531066471	-0.07662190301624709	0.08832778463571865	-0.02203269367448472	0.08946495592214367	0.3147445728749735	0.2552525592588436	0.019863090562226463	0.27387623287073404	0.36499457599221935	0.28033017868053217	0.10917093729348246	0.17209940273569496	0.08218306961433434	0.20239404481352635	0.3892043541690046	0.23616005187097097	0.3644559159091759	0.20965099315452812	0.11175949824810784	0.13007892866494594	-0.025663661641666356	0.08539009214578736	-0.02949413334330852	-0.018386762927218542	0.005319268320053866	0.0009850496888988642	0.11136049077918678	0.04736468035761045	-0.07873165500816719	0.10936046584121996	0.05150438284766643	0.09159964588087133	0.07002830459232659	0.11759498248107832	0.27377648100350377	0.16507687128268433	0.2764199054851058	0.16229878178032145	0.19820446638985523	0.16531128817067545	0.21724211025075127	0.17167046970660482	0.03386326512799411	0.049658973303906534	0.12562999538647615	0.3608698362822479	0.31175700445142707	0.2299155849823564	0.0003216997718176037	0.0915148567937256	-0.08877168044489332	-0.08221798276786493	-0.09654235090213095	-0.15128617563810023	0.26479881295277996	0.07225775882492301	0.14153044302298035	0.09694634596441352	0.1712515118642377	0.07901096023641192	-0.07096098455092956	-0.26921283307771915	-0.015154802428957967	-0.12289679422436689	-0.02546914550056734	0.06667664185338969	0.019818202221972843	-0.018466564421002755	-0.07183381338919438	-0.027115051309866706	0.16586989862716492	0.07981895036097707	-0.008276911183431214	-0.28820060100500006	0.04510530056484495	0.04163892317859325	-0.019698499981296524
CadR-PbrR	0.09261711492662003	0.18908714572500904	1.0	0.18317684759161584	0.18988516066285116	0.19956109178418682	0.125764660407237	0.022975348819810722	0.05955934612651031	0.14597937630145014	0.1999600992531079	0.14838838389506104	0.34937842117732143	0.15713662265115524	0.10649259965834985	0.2249878427411813	0.11464232721106248	0.08240751131560244	0.2873527101335428	0.16765046945722514	0.18468808838015435	0.21320215962792555	0.002446414543822242	0.02038678786518535	0.009289392635818402	0.19369069439768577	0.23678848863452162	0.23989575929874438	0.11293158268806344	0.1224080100749386	0.14089701866606816	0.17774535842092795	0.05184852678961084	0.10057232633823364	0.05570892405142209	0.05932492923851918	0.11934562775096946	0.03463634209902867	0.025095075998453845	0.0838988017306949	0.05934487961196524	0.004860409730794648	0.04747939500492525	0.17097719422935448	0.11299642140176311	0.3507300589782915	0.2638810957742615	0.013872990935049066	0.11186922530206113	0.2028229778426165	0.13395428870684173	0.2260402249404606	0.21495280489781668	0.18392997418920434	0.07124527737253582	0.11243781094527364	0.2776668038254841	0.21008491377697977	0.23273856282497288	0.17169540767341238	0.07756455816157308	0.0026808314318133644	-0.04125986608311824	0.07749971944787341	-0.09511589920073817	0.18521178568311325	0.21422461626703576	0.13589446252447038	0.14490205613536328	0.20534171249018068	0.10751006870409856	0.08936021646155189	0.059369817578772806	-0.007224528984151922	0.21894287958702727	0.1751617850596641	0.016237110188406338	0.07741493036072769	0.20408982655644084	-0.05604309280664348	-0.017384256661554385	0.06533996683250415	0.015858053092931333	0.1302135936857068	-0.13415878003466378	-0.016232122595044828	-0.0988615818152346	0.15290215588723052
TrpR	0.18798488759211462	0.13586952455766282	0.18317684759161584	1.0	0.1275701692041048	0.2593224354418384	0.20434918141123953	0.12673724111273207	0.13306649708849239	0.3359268818813202	0.236549084153169	0.23133704909038766	0.1943041683811519	0.3229940522949164	0.19154602925223507	0.1538348358458335	0.22963129216075012	0.2557563061883565	0.4321525206049951	0.34445067893614634	0.25808551228818316	0.2233968004588586	0.1448322298283021	0.1815409169690395	0.1847828526540231	0.31162732702402773	0.37445105300564846	0.22383072108131025	0.21691292908889137	0.1685382610755745	0.04596316662302522	0.14954051796157058	0.15935111410366712	0.12224840708737017	0.13587949974438585	0.10115587476153069	-0.1040586540979314	0.17771044526739735	0.16869786406314294	0.16979513460267584	0.1893365253930847	0.18609957730146262	0.14999937655082982	0.08311574957293733	0.22544171373707902	0.28213069988403844	0.2027082631953017	0.18349106597339118	0.22353146547961944	0.22759635406925274	0.40550380927442986	0.2806044963154154	0.23291312859262583	0.3959675307672165	0.1900148380902505	0.1031558996994975	0.17357074277734136	0.17108193368994626	0.23039938153842318	0.028252222596291725	-0.052960760109228296	-0.028651230065212783	-0.1268170426065163	0.05785358919687278	-0.04564396064788838	0.24939712465242708	0.1312659758849861	0.007284380104490081	0.19501240663848676	0.20638411950273694	0.09727053953291188	-0.1316450329804611	-0.1354106659684036	-0.16275265277621914	-0.1209765707801843	-0.1408421551390915	0.031164977119415453	0.05890597139615207	0.010346762428459208	0.0013690943777353833	-0.007364181598274293	0.12360503248170177	-0.0999887779149366	0.08814823127470417	-0.22609508846743726	0.07832765994588461	0.04486589608349231	0.040586540979313954
AraR	0.12650282422474096	0.24134714896694473	0.18988516066285116	0.1275701692041048	1.0	0.251611616104939	0.3297522412997668	0.09680669335029116	0.032631329567700346	0.08693125849449494	0.2472574471003379	0.16750084165637977	0.13633835833364505	0.21947655207670919	0.21304255664035712	0.19244878365066895	0.12960510729560218	0.14050299879050862	0.296644596566042	0.2282996047332261	0.12609384156909687	0.1391014850559234	0.08421800770583174	0.11663736455566778	0.03482088305340465	0.13614384219254605	0.1766031995411414	0.07483634459282534	0.05417274529607601	0.059509470192895174	0.06869162957144104	-0.015892966246461925	0.048387136996720655	-0.03871120587538498	0.1869175426127508	0.16229878178032145	0.027434257285003552	0.03746430753500667	0.11081185550942031	0.15299692016109925	0.2860160351126573	0.24256412174715394	0.0034638835895709425	0.12462748912081198	0.30111846781131935	0.30340777316425394	0.2346288607089864	0.21830446763675357	0.22453895933864512	0.24036958066808814	0.2862504520006484	0.2338757341113979	0.2698063566877392	0.25443459394755547	0.34690956246337235	0.10381426202321725	0.28739261088043494	0.29063953415878	0.40007232010374194	0.13702165862417237	0.2087382635693712	0.0759485779124428	0.12733076472275215	-0.013259516951582938	-0.1495006172146785	0.10100624696068529	0.13113629845758676	0.05752440803501291	0.16225389344006783	0.223546428259704	0.15973515879250363	-0.030526565169141758	-0.1783787827778401	0.02540929438022918	-0.024785845210040024	0.2494420129926807	0.2474020873078218	0.0033641317223406775	0.0028853227596354067	0.015050062968366189	0.01021209740769835	0.2237808451476951	0.11359493260514471	0.06585867654210152	-0.09800870335041584	0.023364381102008752	-0.10212845546702577	-0.07000336662551902
LiuR	0.10083168119303233	0.13946059177795234	0.19956109178418682	0.2593224354418384	0.251611616104939	1.0	0.3871644284841457	0.16060300003740696	0.14764523248419556	0.18326163667876158	0.15978004713275726	0.2317709697128393	0.2532625095075998	0.14715146074140575	0.08645743712515119	0.31850521826955447	0.11873714136086484	0.17476776518410453	0.19376052070474695	0.2427736006683375	0.08297110936545343	0.16151074202920235	0.014825621267098094	0.03878103218244616	0.1099789274180476	0.2468783900048629	0.24248432025336975	0.08636766044464395	0.1928328283395055	0.016511427823289567	0.1480342647663936	0.11911121086297834	0.12593922617488995	0.054576740358358584	0.22421975336350827	0.1276150575443584	0.00612725844461901	0.0036683749173929848	0.09841269841269841	0.06829262210251998	0.15664285090836544	0.014057531889425056	-0.03209765707801843	0.07265177870048255	0.14526615045075375	0.3149291138293495	0.12160999513709647	0.0910958989513585	0.14569009588648238	0.1320290776692976	0.21597027394356538	0.058746368408583646	0.01945909549994389	0.2142395790471203	0.25543710021321964	-0.06058679035898203	0.12837815932866994	0.028371924836968043	0.27377648100350377	0.022307011309367946	0.022232197408945248	-0.12312622351899649	0.0546216286986122	0.043309766954700187	-0.08421302011247023	0.20163593062257634	0.2778164316263295	0.18560580555867282	-0.02049152732577713	0.3069938527911819	0.08778413695931371	-0.12119602488809088	-0.14778488509831794	0.006491352760009476	0.07628274666766419	-0.035623885584608286	0.027164927243481837	-0.011439045374630606	0.063773862516989	-0.05111036297210689	0.10703125974139328	0.144423247172658	-0.08823800795521142	-0.19089764211523835	-0.16741106497587252	0.14647813563760145	-0.02279080786543473	-0.10783924986595843
PhrR	0.2938315939101485	0.24198556091721843	0.125764660407237	0.20434918141123953	0.3297522412997668	0.3871644284841457	1.0	0.26577638125163655	0.22091796655818652	0.18667315053803663	0.15386476140600258	0.16546590356488236	0.3860422199778052	0.22843426975398695	0.2963403533709897	0.2616516415416651	0.23309766954700184	0.195092208132271	0.32143792316612424	0.22394543572862505	0.24394568510829312	0.3093629596379007	0.10498634646317286	0.1714759535655058	0.24198057332385692	0.2815471514607414	0.3329842017980274	0.21086297834137582	0.3180563348670183	0.06752952031820846	0.16218905472636816	0.15238843377099465	0.13321113729597625	0.08386887617052581	0.1366525767154204	0.28168181648150226	0.23092307884138205	0.08065187845234978	0.19761094277983515	0.12258756343595306	0.13850796144590333	0.18016434120126187	0.13894188206835498	0.09212334318383023	0.21417972792678214	0.38413197172034563	0.27255950822329456	0.289676928640008	0.323028965448447	0.27769174179229167	0.3271836307185875	0.17582513497674535	0.25586104564894824	0.16596466290103368	0.3155326126260926	0.15581491041035425	0.3289592139552862	0.20084290327809573	0.362979588274168	0.1907729522812005	0.17760071821344406	0.13732091422586318	0.05973889948752478	0.052531827080138156	0.06846220027681144	0.19143131460492027	0.06678138131398147	0.14113143555405927	-0.09101110986421278	0.2475217895484981	0.02386812803152159	-0.06816793226848215	-0.1070711604882854	0.024910535044077857	0.08554470753999427	0.03431214853053031	0.004207035000436414	0.03426227259691517	0.08640257359817453	-0.0020922954151548026	0.05120512724597564	0.17370540779810223	0.03054651554258781	-0.050003117245850943	-0.055230115088716815	0.07901096023641192	-0.009453983216748339	-0.03271611865484607
CueR	0.13626853202658387	0.05455678998491253	0.022975348819810722	0.12673724111273207	0.09680669335029116	0.16060300003740696	0.26577638125163655	1.0	0.3981620718462824	0.2560106734497936	0.09221311986433746	0.35394705669646753	0.1629970448509333	0.335283482337685	0.47302086060923454	0.2573623112507637	0.2873776481003504	0.2471726580131922	0.20818962829960475	0.2303694559782541	0.20838414444070374	0.2242696292971234	0.2765346201324206	0.2804099801743164	0.35955809922816995	0.23573610643524234	0.18199977555829874	0.2815521390541029	0.27592114614895447	0.0320477811444033	0.18001970099377798	0.1528522799536154	0.00920959114203419	-0.02066110550006858	0.12447287372660507	0.25623511515106173	0.15905684609533785	0.24829486651953267	0.36510430304617264	0.05325004052419606	0.06402324218506465	0.039688774174241576	0.1753962019476552	0.16176510929063953	0.2295415154802429	0.36344842205015027	0.13245302310502624	0.17155575505929002	0.24719260838663823	0.31117844362149155	0.1495006172146785	0.04478110699634659	0.1373308894125862	0.11526078878789012	0.22597538622676094	0.08298607214553798	0.06576889986159429	0.10331550268706592	0.14108654721380565	0.15346076634372	0.12197907704584846	0.09319567575655557	-0.021070088155712666	0.19576054564271375	0.0076684247933266	-0.045344705046197586	-0.022561378570805122	0.08659708973927356	-0.07087619546378383	0.10461726455442087	-0.024775870023317	0.04367884886345216	0.12641803513759522	0.1102382822728463	0.03288569682913752	-0.06073641815982743	0.04829736031621342	-0.002635943091559745	0.11753513136074016	0.06778388757964564	0.057554333595181986	0.28129278419930426	0.2662402274342573	0.04339455604184591	-0.08983403783089565	-0.04907542488060948	-0.021439170064464646	-0.03642688811581192
FruR	0.22815496452574222	-0.017159814960286287	0.05955934612651031	0.13306649708849239	0.032631329567700346	0.14764523248419556	0.22091796655818652	0.3981620718462824	1.0	0.3499420192271724	0.21625955435853314	0.26078878789012333	0.3175825134976745	0.3044850933303408	0.21842416987742988	0.19351612863003279	0.3871744036708687	0.2345141460616716	0.20812478958590505	0.16129627551465728	0.24125238469307597	0.21302759386027256	0.22520230925572637	0.2009077419917954	0.2988441252384693	0.28322797042357134	0.18734148804847942	0.3433334580231674	0.30569707851718847	-0.008147233756031871	0.28612576216661056	0.2570081921220963	0.04507537500467587	0.06817291986184366	0.05799324181099515	0.24619010212097409	0.15348570431052758	0.05614783226723525	0.2060300003740695	0.05614783226723525	-0.15728126285863914	-0.0652102894051048	0.03517001458871058	0.08214316886744223	0.047733762266362424	0.14202421476577015	0.06815296948839761	0.07244229977929899	0.16816917916682253	0.12294667015798202	0.06642726218531403	0.066980885048442	0.02721480317709697	0.07682639434406913	0.1994763026970411	-0.02039676305190838	0.09779922442923228	0.015873015873015872	0.2173318869312585	0.028007830521577577	0.1953615381737927	0.022825721018965323	-0.17956582999788026	0.2799660843651417	0.07680644397062307	0.00307485130737291	0.03620244641454382	0.041953141560368584	-0.19926682377585755	-0.013823115001433933	0.009059963341188793	0.017414182221723463	0.011099889026047706	0.08517562563124229	-0.05678624421750895	-0.013853040561603013	-0.027798351600394018	-0.02487063429718575	0.12931582688063442	0.08061197770545768	0.22395541091534807	-0.04658661579321438	0.06071646778638137	0.008341749897130888	-0.037559071808875424	0.07582887567176648	0.2140899512462749	-0.03215750819835659
RbsR	0.29618573797678277	-0.04562899786780384	0.14597937630145014	0.3359268818813202	0.08693125849449494	0.18326163667876158	0.18667315053803663	0.2560106734497936	0.3499420192271724	1.0	0.2226835746081622	0.31360241399518696	0.24984102046160175	0.40301001259367325	0.20815471514607414	0.33485953690195636	0.3508397860322448	0.09747503086073392	0.2561104253170239	0.14029351986932506	0.14429356974525867	0.2565543211261986	0.15694709410341776	0.13580967343732467	0.12759011957755084	0.22682826469157968	0.2208431526577638	0.2079851369717827	0.15955061783812766	0.10533049040511727	0.12005386600830434	0.10870709111086173	0.11867729024052669	0.2973677976034614	0.19282285315278244	0.2857866058180277	0.15079240389531043	0.21889799124677364	0.27897355328620055	0.16916171024576365	0.023324480355116646	0.07634758538136385	0.1456601703263133	0.2000698263070612	0.22081322709759474	0.31449519320689784	0.21249890896395218	0.024571378695494955	0.1545630244766144	0.1486826519033903	0.17830895647077893	0.06128505342959389	0.09394381476078255	0.14272746542974352	0.2504445192583449	-0.014471502138430653	0.10899138393246799	0.08991383932467986	0.10547014301923964	0.23497300465093082	0.22242920734672503	0.15773014626117532	0.07130512849287397	0.25719772066983376	0.10057232633823364	-0.025434232347036748	-0.019264579358844874	-0.02124964151672714	0.039165076871282685	-0.0484020997768052	-0.03827229765957182	-0.030586416289479917	0.05113031334555294	0.07028267185376376	0.21271836307185876	0.05813788201847903	0.1434456788738014	0.2225339468073168	0.224120001496278	0.09827304579857604	0.13418371800147133	0.1407274404917767	0.06394344069128044	0.16643349667701593	0.032302148405840475	0.06032743550418335	0.12796418907966434	0.014725869399867829
NiaR	0.2293569745258669	0.19480791531066471	0.1999600992531079	0.236549084153169	0.2472574471003379	0.15978004713275726	0.15386476140600258	0.09221311986433746	0.21625955435853314	0.2226835746081622	1.0	0.33413633586453695	0.2495567276399955	0.25191087170662974	0.11298644621504009	0.26142719984039703	0.3001857878527164	0.1443434456788738	0.4074888714323121	0.3283108268182895	0.2904400304243195	0.2541852142794798	0.2423546428259704	0.21904761904761905	0.28098355341089043	0.18939637651342286	0.267267671666729	0.1843190064714024	0.2705894088454968	0.04062644172620606	0.08662701529944264	0.029688649484407536	0.13082706766917293	0.15194453796181998	0.21217471539545382	0.13071734061521964	0.11849773687951222	0.1494357785009788	0.31102382822728464	0.17748600356612926	0.10989912592426339	0.16159054352298657	0.14277734136335865	0.237297223157396	0.190398882779087	0.29692390179428674	0.19893764261399768	0.1543286075886233	0.2253619122432948	0.2601553635332111	0.2916021396775521	0.31491913864262644	0.2596815421638674	0.15855309916582502	0.1960847392112121	0.20450878439880796	0.2993428845746206	0.230903128467936	0.2554770009601117	0.08630780932430579	0.30160226436738613	0.20953129091385178	0.038751106622277084	0.10752503148418309	0.0776094465018267	-0.015783239192508635	0.16857816182246663	0.0019077544607788127	0.0504370378683026	0.03610768214067507	0.0181822715993965	0.0679634409406601	-0.10054240077806456	-0.031384431227322034	0.005349193880222945	0.1305228244741206	0.2364393570992157	0.15974014638586517	0.24027481639421938	0.12838314692203145	0.13192433820870583	0.16782503522487813	0.06681130687415054	0.18939138892006135	-0.0906420279554608	0.19621940423197295	0.02916993977481016	0.017528896869038267
GntR	0.07204827990373945	-0.07662190301624709	0.14838838389506104	0.23133704909038766	0.16750084165637977	0.2317709697128393	0.16546590356488236	0.35394705669646753	0.26078878789012333	0.31360241399518696	0.33413633586453695	1.0	0.33429095125874386	0.3794087208069926	0.32067482138181275	0.2074913652289929	0.20091272958515694	0.19273307647227522	0.3362710258232646	0.2973179216698463	0.14750059227671167	0.306654696442599	0.1200339156348583	0.10316088729285901	0.16884749186398834	0.2560356114166012	0.2650481926208556	0.08422798289255477	0.2694073492188182	-0.023224728487886384	0.2695669522063866	0.1628424294567264	0.05710545019264579	0.0033591441289791643	0.33251038042868364	0.1560992032319605	0.2049427050212596	0.23645431987930024	0.3575530866968416	0.2961308744498061	0.22280826444220003	0.22758139128916818	0.20545642713749548	0.21659372311375455	0.30778189254230104	0.37039115200937667	0.21033928103841693	0.08652726343221237	0.32921856881008493	0.3298869063205277	0.2665295078492251	0.12249279916208432	0.24436464295066024	0.259551864736468	0.3314879237895734	0.04723001533684959	0.20577563311263233	0.18861831194902678	0.17433384456165288	0.22700283045923267	0.31044526739734907	0.28662452150276185	0.051988179403733216	0.22984077108193368	0.06662676591977457	-0.08053217621167347	0.09014326861930946	0.06361924712278208	0.020416713425354432	0.1475803937704959	0.16471776456065537	0.12962505766904825	0.07048716318158581	-0.029673686704322997	0.12104140949388396	0.06247210064963404	0.06801331687427524	0.22424469133031583	0.22399531166224018	0.0532650033042806	0.17071783937455579	0.2819311961495779	0.13391937555331113	0.21437424406788114	-0.009553735083978603	0.0176535867030761	0.024396812927841995	0.007693362760134166
SdaR	0.2808688387635756	0.08832778463571865	0.34937842117732143	0.1943041683811519	0.13633835833364505	0.2532625095075998	0.3860422199778052	0.1629970448509333	0.3175825134976745	0.24984102046160175	0.2495567276399955	0.33429095125874386	1.0	0.3720869337522912	0.26536241100263097	0.3432237309692141	0.3948951981944912	0.08606840484295315	0.28438010449008094	0.3286350203867879	0.235790969962219	0.3529246000573573	0.12464245190089653	0.00925447948228781	0.11828327036496715	0.18751605381613237	0.2982905023753413	0.2800359106722029	0.2907841743662639	0.0784723001533685	0.2980760358607963	0.22874350054240078	0.11222833202409008	0.18948116560056857	0.14164017007693364	0.2622252147782391	0.22549657726405567	0.15029364455915908	0.23056397211935312	0.1830770957243856	0.0933253531839549	0.15823888078404968	0.22998541128941757	0.2919163580593274	0.29891395154553047	0.3613536328383147	0.2626242222471602	0.13029838277285252	0.2926245963166623	0.3393433833339568	0.2890135787229267	0.269152981957381	0.287228020299505	0.24151672714123618	0.26000573573236574	0.09679173057020661	0.2632626341974339	0.26976146834748566	0.3080262846170152	0.33468995872766494	0.38797740620207233	0.21504756917168544	0.03912018853102907	0.1943889574682976	0.013533834586466165	-0.007708325540218706	0.033489195625880624	0.0648711330565219	0.05632738562824973	0.10403371613112383	0.03360889786655694	0.12318607463933466	0.046317285751692666	0.07175899948877168	0.22731704884100798	0.2873128093866507	0.19481290290402623	0.10547513061260115	0.27624533971745285	0.1693961271337548	0.09212334318383023	0.24245938228656216	0.06346463172857517	0.06460180301500018	-0.013394181972343796	0.14996945099066072	0.05085599571066971	-0.04946944475616903
HexR	0.23908278158081772	-0.02203269367448472	0.15713662265115524	0.3229940522949164	0.21947655207670919	0.14715146074140575	0.22843426975398695	0.335283482337685	0.3044850933303408	0.40301001259367325	0.25191087170662974	0.3794087208069926	0.3720869337522912	1.0	0.5074252796169528	0.36020648636516667	0.48406837990498636	0.2984002294292946	0.39310963977106944	0.34267509569944765	0.26258432150026806	0.2964999563585581	0.234284716767042	0.3245801069838776	0.24866893602164616	0.2438259828676168	0.4704871631815858	0.3053180214217135	0.3847853464507039	0.16030873202907767	0.31959251362236435	0.31374206660930937	0.2028578909961471	0.29040511727078894	0.16320652377211686	0.2698312946545468	0.3088492375216649	0.218464070624322	0.4684073367498348	0.28036010424070124	0.22682826469157968	0.3183206773151785	0.3336625144951932	0.26269404855422135	0.352251274953553	0.38323919250863475	0.34461028192371473	0.37128393122108755	0.39984289080911234	0.3857978279030911	0.36570780184291574	0.3198867816306937	0.31950273694185716	0.3264155413409145	0.3768949737527899	0.2209877928652477	0.16919163580593274	0.2719410466464669	0.2749136522899288	0.20856369780171824	0.29851494407660945	0.31879449868452225	0.15695706929014078	0.20439905734485467	0.1736605194578486	-0.017374281474831357	0.023967879898751855	-0.08322048903352909	0.011463983341438173	0.0738737390740533	-0.035224878115687225	-0.21772091921345652	-0.038406962680332675	0.19173057020661105	0.017144852180201748	0.14953553036820907	0.048686392598411454	0.1313806905323009	0.19808975174254043	0.08948490629558972	0.18242870858738888	0.11756006932754773	0.03983840197508697	0.13674734098928915	-0.07625282110749511	-0.04188830284666891	0.12031322086310303	0.05792840309729548
RutR	0.24791082183069615	0.08946495592214367	0.10649259965834985	0.19154602925223507	0.21304255664035712	0.08645743712515119	0.2963403533709897	0.47302086060923454	0.21842416987742988	0.20815471514607414	0.11298644621504009	0.32067482138181275	0.26536241100263097	0.5074252796169528	1.0	0.34190700632177456	0.38368308831780945	0.2809386650706368	0.25608548735021636	0.28631030312098654	0.2999314205912792	0.3061858626666168	0.0870260227683637	0.2895771767727777	0.21068841257372287	0.26531752266237735	0.26723275851319844	0.359772565742715	0.28912330577688	0.3277073280215464	0.32396164540704997	0.2804598561079315	0.14293195675756556	0.1580194266761431	0.27359692764248933	0.2984002294292946	0.3113530093891445	0.19260838663823737	0.4502774348807342	0.21783563386077134	0.16187982393795433	0.22583573361263856	0.2843352161498273	0.25084851432062744	0.2743749922068854	0.34125861918477784	0.3263556902205763	0.37664559408471426	0.3557725158667814	0.4445067893614634	0.34903926482873854	0.2445691342784823	0.3418770807616055	0.31512861756381	0.33275976009675934	0.08675669272684199	0.14745071634309656	0.14553049289891395	0.1831868227783389	0.2994027356949588	0.19448870933552787	0.24851930822080076	0.1575755308669684	0.2891831568972182	0.10642277335128866	0.07247721293282959	-0.05224254666517039	0.03301537425653686	0.04589334031596404	0.15524632476714173	0.019219691018591254	-0.13620868090624572	0.09004351675207921	-0.010032544046683875	0.05691592164490829	-0.03971371214104914	0.00187284130724822	0.12106634746069153	0.0549607850471951	0.06271649272434818	0.22598536141348396	0.15336101447648973	0.21400017456576764	0.026062669110587414	-0.022461626703574857	-0.039284779111959	0.09446252447037994	0.04618760832429332
HrcA	0.3348146485617028	0.3147445728749735	0.2249878427411813	0.1538348358458335	0.19244878365066895	0.31850521826955447	0.2616516415416651	0.2573623112507637	0.19351612863003279	0.33485953690195636	0.26142719984039703	0.2074913652289929	0.3432237309692141	0.36020648636516667	0.34190700632177456	1.0	0.39928428035262287	0.19076297709447748	0.2956869786406314	0.3578523422985324	0.2907741991795409	0.2164291325328246	0.2367485878876295	0.25105300564844946	0.20733176224142447	0.2386937492986197	0.32019601241910745	0.3906058679035898	0.35519894263020735	0.2501203256898465	0.3936034115138593	0.2164690332797167	0.1331512861756381	0.19960598012444045	0.25115774510904126	0.28106834249803614	0.34633100163343683	0.23159640394518635	0.3453434581478572	0.17182508510081174	0.13738076534620133	0.16960560605493835	0.2927293357772541	0.3704460155363533	0.28996122146161424	0.42859636653823613	0.2869437274778987	0.209611092407636	0.3239317198468809	0.4219129914338084	0.3335128866943478	0.22607015050062967	0.2128530280926196	0.23207521290789163	0.3095225626254691	0.15507175899948877	0.23480841407000086	0.20781555879749125	0.24085836481751643	0.24075362535692466	0.2801705756929638	0.19226424269629297	0.0907617301961371	0.31873464756418407	0.05911545031733563	-0.03601291786680632	0.11674709160962107	0.006715794461277572	0.056058055586728016	0.10982929961720221	0.12388932530330803	-0.07476651828576417	-0.025818277035873267	0.011942792304143444	0.16719161086796594	0.03623735956807442	0.1333308395366526	0.05476128131273457	0.09704111023828227	0.13875235352061746	0.11901145899574808	0.15290714348059203	0.06040224940460604	-0.006486365166647963	-0.0348009326799586	-0.02074090699385279	0.0690158231399394	-0.08497113430342024
PaaR	0.4403122233444307	0.2552525592588436	0.11464232721106248	0.22963129216075012	0.12960510729560218	0.11873714136086484	0.23309766954700184	0.2873776481003504	0.3871744036708687	0.3508397860322448	0.3001857878527164	0.20091272958515694	0.3948951981944912	0.48406837990498636	0.38368308831780945	0.39928428035262287	1.0	0.21129191137046596	0.3672190426314543	0.3572987194354044	0.46141473085699325	0.2993728101347897	0.2147283631965486	0.1993615880497263	0.22706766917293233	0.38069551989426303	0.3240165089340266	0.3423658649110338	0.3106447711318096	0.1602139677552089	0.347722540181299	0.23965635481739173	0.2591678200476315	0.1934812154765022	0.21207496352822355	0.2010872953528099	0.33564258905971395	0.14410404119752115	0.33092931333308395	0.16805446451950773	0.18626915547575407	0.2641404506290602	0.24345191336550331	0.30464968391127073	0.2725694834100176	0.3993291686928765	0.3975336350827317	0.29746754947069165	0.3246200077307697	0.3853240065337473	0.3865210289405105	0.35772765246449456	0.28251474457287495	0.32651529320814476	0.38232147533011634	0.20565094327859448	0.32635070262721483	0.27669422311998904	0.25560667838751105	0.24659409718325664	0.26460429681168096	0.1887679397498722	0.10910111098642128	0.16081746655195203	-0.0032194915148567936	0.05776381251636554	-0.0347610319330665	-0.021314480230426813	0.13234329605107295	0.0579383782840185	0.09977929899375304	-0.05579371313856781	-0.024775870023317	0.19725682365116773	0.024426738488011072	-0.02060125437973042	0.1341737428147483	0.15967530767216548	0.07318545119016447	0.09609845509295627	0.19733662514495193	0.21187545979376302	0.21878327659945884	0.18875297696978766	-0.07856706442723725	0.010775695457549346	0.13199416451576704	-0.04168381151884687
NadQ	0.15253307397847854	0.019863090562226463	0.08240751131560244	0.2557563061883565	0.14050299879050862	0.17476776518410453	0.195092208132271	0.2471726580131922	0.2345141460616716	0.09747503086073392	0.1443434456788738	0.19273307647227522	0.08606840484295315	0.2984002294292946	0.2809386650706368	0.19076297709447748	0.21129191137046596	1.0	0.2549632788438759	0.3333333333333333	0.38909462711505133	0.34650057980772825	0.1578697988752977	0.18570555742590306	0.2688437511689672	0.22591054751306125	0.342824723500293	0.16984999812965249	0.25141709996383993	0.19673312634820883	0.06136984251673961	0.25981121959126674	0.18825421763363634	0.07478646865921021	0.1074901183306525	0.24260901008740757	0.2406239479295253	0.1489719323183581	0.418935398196985	0.32019102482574596	0.3458621678574546	0.3769947256200202	0.32669983416252074	0.23667377398720682	0.3195576004688338	0.2845646454444569	0.3370141772341301	0.4537088991134553	0.39168318806967667	0.29420067581890047	0.3751343532961758	0.38838140126435494	0.4262472100649634	0.2504145936981758	0.3361463359892268	0.1974712901657128	0.212439057843614	0.2045586603324231	0.3245402062369855	0.07574907417798227	0.0953203905285602	0.25812541303507525	0.2067033254778738	0.2008678412449033	0.15936108929039017	-0.003458895996209429	-0.08790383919999002	-0.09038766069402361	-0.01864113018865572	0.05099066073143057	0.030790907617301962	-0.1445379618199728	-0.07147969426052694	-0.06621279567076896	-0.10419830671205377	-0.20353620369331288	0.04113517624908041	-0.03689073429843265	0.0733500417710944	0.0025661167844985597	0.2502350403371613	-0.030152495667028267	-0.07118542625219766	-0.022840683799049865	-0.08153468247733762	0.1640095263033205	0.07927031509121062	0.006660930934300926
PdxR	0.31381688050973205	0.27387623287073404	0.2873527101335428	0.4321525206049951	0.296644596566042	0.19376052070474695	0.32143792316612424	0.20818962829960475	0.20812478958590505	0.2561104253170239	0.4074888714323121	0.3362710258232646	0.28438010449008094	0.39310963977106944	0.25608548735021636	0.2956869786406314	0.3672190426314543	0.2549632788438759	1.0	0.4655544333470492	0.3824212271973466	0.353563012007631	0.30605618523921746	0.20915223381837678	0.2870883676853826	0.4378932405640968	0.3868103093554782	0.18951607875409918	0.2970386164416015	0.28235514158530656	0.24747191361488297	0.008481402511253257	0.23867379892517362	0.15797453833588948	0.10899138393246799	0.3129789648249978	0.19256349829798378	0.25367647975660546	0.29072931083928727	0.24922255888477413	0.18886769161710246	0.29528797117171035	0.275352560505742	0.22281325203556154	0.3473584458659085	0.4380029676180501	0.39913465255177744	0.32260502001271835	0.3427299592264243	0.3377074527113804	0.4718737141360865	0.3438322173593187	0.4158530654995698	0.28077906208306835	0.17439868327535257	0.19760595518647364	0.3055125375628125	0.32904899063579346	0.36013666005810546	0.011972717864312523	0.18201473833838328	0.18400977568298857	0.011882941183805285	0.14149552986944974	0.045584109527550216	0.16334617638623922	0.21038416937867055	0.03836706193344057	-0.0868065686604571	0.24130724822005262	0.2265290090898889	-0.11957006945223755	-0.17684759161585556	-0.00040648885896332873	-0.05805808052469482	0.0063367373658025665	0.07897105948951982	0.1030810857990748	0.10035785982368857	0.029439269816331874	0.10377436127632514	0.08221798276786493	0.1257995735607676	0.1408421551390915	-0.11697652090425067	0.055115400441402014	0.07944488085886357	0.2012069975934862
Rex	0.31318345615281984	0.36499457599221935	0.16765046945722514	0.34445067893614634	0.2282996047332261	0.2427736006683375	0.22394543572862505	0.2303694559782541	0.16129627551465728	0.14029351986932506	0.3283108268182895	0.2973179216698463	0.3286350203867879	0.34267509569944765	0.28631030312098654	0.3578523422985324	0.3572987194354044	0.3333333333333333	0.4655544333470492	1.0	0.33936333370740285	0.37468546989363954	0.2366338732403147	0.3141011733313383	0.3291138293494931	0.44812279454856047	0.47131011608623546	0.4259828676168032	0.48738014189703116	0.22360627938004216	0.3128842005511291	0.13867753962019477	0.3938478035885734	0.091849025548947	0.30934799685781617	0.3705557425903066	0.1301786805321762	0.2787092108380404	0.379937405703313	0.3220912978964825	0.4093691941296026	0.46491103380341403	0.3656180251624085	0.36370278931158745	0.43047170164216514	0.6019102482574595	0.4587314056284991	0.4061871095649572	0.5659945884612028	0.5256200201997531	0.5738849611591167	0.49157470791406377	0.539116447836008	0.4141872093168244	0.3393084701804262	0.32452025586353944	0.2628137507948977	0.4355191461240165	0.35270514594945074	0.14677739123929226	0.2347036746094091	0.21462861132931832	0.1522487811568723	0.19158094240576565	0.03852666492100899	0.12532575219142383	0.09501115974014639	0.022007755707677153	0.13003404032469232	0.22507761942168855	0.17856831132557763	-0.15736106435242334	-0.2186136984251674	-0.07535505430242273	-0.031164977119415453	0.02291051010611105	0.10400877816431627	0.16915672265240214	0.11435803438945623	0.05193830347011808	0.12175463534458035	0.17922667364929737	0.16666292597164553	0.019573810147258695	-0.06386862679085774	0.2474020873078218	0.09221810745769897	0.04703549919575057
LexA	0.34464519507724534	0.28033017868053217	0.18468808838015435	0.25808551228818316	0.12609384156909687	0.08297110936545343	0.24394568510829312	0.20838414444070374	0.24125238469307597	0.14429356974525867	0.2904400304243195	0.14750059227671167	0.235790969962219	0.26258432150026806	0.2999314205912792	0.2907741991795409	0.46141473085699325	0.38909462711505133	0.3824212271973466	0.33936333370740285	1.0	0.40097507450217584	0.31720844399556103	0.295138343370865	0.36366787615805685	0.357323657402212	0.3406601079813963	0.46878140625194825	0.35167770171697904	0.309472686691854	0.2129627551465729	0.27226025262160375	0.30813102407760695	0.20284791580942405	0.16764049427050212	0.30156236362049404	0.17873290190650756	0.2677813937829649	0.379937405703313	0.33548298607214555	0.3247696355316151	0.3610493896432624	0.4507412810633549	0.43454656541852144	0.389149490642028	0.44884100799261833	0.6025636229878178	0.5174154291200639	0.24911781942418235	0.5031908128530281	0.4399880297759324	0.4772553273731593	0.4950211349268694	0.27048466938490506	0.3451090412598661	0.2718961583062133	0.34864524495317895	0.3270190401376576	0.43008765695332857	0.1642339680045886	0.1755458297485006	0.2383595805433983	0.18167059439643884	0.11486178131896907	0.1043628972929837	0.12829835783488572	-0.09695632115113655	0.047718799486277885	0.02750408359206474	0.05911046272397411	0.08001346650207608	-0.025199815459045625	-0.2049427050212596	-0.12284193069739024	0.026406813052531827	-0.16090225563909774	0.07233756031870722	0.1296100948889637	0.09398870310103617	-0.039040387037244856	0.08328532774722877	0.1869175426127508	0.1935211162233943	0.014316886744223744	-0.05909051235052806	0.1692864000798015	0.18337136373271487	0.12024838214940337
SoxR	0.269706604820509	0.10917093729348246	0.21320215962792555	0.2233968004588586	0.1391014850559234	0.16151074202920235	0.3093629596379007	0.2242696292971234	0.21302759386027256	0.2565543211261986	0.2541852142794798	0.306654696442599	0.3529246000573573	0.2964999563585581	0.3061858626666168	0.2164291325328246	0.2993728101347897	0.34650057980772825	0.353563012007631	0.37468546989363954	0.40097507450217584	1.0	0.2118704722004015	0.24685843963141685	0.2882804024987843	0.30885422511502636	0.25274878739136397	0.2955323632464245	0.31636055312410377	0.06776393720619958	0.09621815733363259	0.11782441177570793	0.3093978727914313	0.27243980598261824	0.0453496926395591	0.2697215676005935	0.23901295527375654	0.28046484370129304	0.4649908352971982	0.34603673362510756	0.27700844150176435	0.30544271125575134	0.32760258856095464	0.30748762453397177	0.38727415553809896	0.3664858664073118	0.4143069115575007	0.3952443297297971	0.33920871831319593	0.3491888926295839	0.3541565356176511	0.4300078554595444	0.43659646629010335	0.2555169017070038	0.2565892342797292	0.2542251150263719	0.3562313744560406	0.22680831431813364	0.25247446975648075	0.2245688848988142	0.21274330103866632	0.27492362747665183	0.1718599982543423	0.27165176623149917	0.12521103754410903	0.13962518235888227	0.028062694048554222	0.14361026945473135	0.0930909362959638	0.07019788276661804	0.07835259791269218	-0.07528024040200003	-0.033514133592688185	-0.06144964401052382	0.030416838115188468	0.07461689048491876	0.10743525480367586	0.04809286898839138	0.06215289467449719	0.10503123480342648	0.0875547076646841	0.01702514993952543	0.12616865546951958	0.02016733375727877	0.021962867367423533	0.3083405029987905	0.09078666816294467	0.09337024152420853
