	ModE	PhrR	NiaR	HutC	PhnF	CcpA	Rex	AgaR	Irr	SiaR	GulR	IscR	MetR	BirA	XylR	MntR	ThiR	Phr	ArgR	NrtR	RbkR	NsrR	Zur	FUR	SahR_SamR	KdgR	NagC	NadQ	AraR	CzrA	HexR	HypR	TyrR	HisR	PsrA	NarP	TrpR	LldR	NagR	CblR	VanR	NrdR	ExuR_UxuR	PdhR	FabR	QorR	NmlR	LiuR	PurR	GntR	HrcA	BioQ	NnrR	NtrC	FruR	PaaR	CueR	RbsR	MerR	FadP	AcnR	NifA	PdxR	PhnR	DasR	FadR	FnrN_FixK	FixJ	GlcC	HcpR	CsoR	ZntR	LtbR	RutR	GguR	TtrR	CadR-PbrR	PrpR	MetJ	NorR	SdaR	SoxR	AmtR	LexA	LiuQ	NikR	NagQ	PhsR
ModE	1.0	0.7372685444955672	0.6855222633698674	0.692514869262709	0.7534682477337623	0.588698113442811	0.5556902205763165	0.4870659235152558	0.5591366475891221	0.5170263968378658	0.6437362061871096	0.7086497337872043	0.6656267534507911	0.7619022681080811	0.7644309779423684	0.7669197870297635	0.7695233107644733	0.8130051496901458	0.8428658711455255	0.8227608823052657	0.7954338582775347	0.8330004114764523	0.8100275564533224	0.7506003815508921	0.7790147009314331	0.6835172508385391	0.7306450205114777	0.7421763363632963	0.7694784224242197	0.8561578074539583	0.5379244130226063	0.5672065736480505	0.4701230688661953	0.4441476826394344	0.307946483123231	0.32538310951508126	0.3643611516353072	0.3325403059888527	0.4320577563311263	0.16678262821232184	0.14055287472412376	0.3186698088504844	0.12960011970224067	0.30349256225139964	-0.2816169777678026	-0.3206947717552588	-0.6767839998004963	-0.7085799074801431	-0.6104689584658163	-0.5871968478409956	-0.5763388570929812	-0.721143655157795	-0.7683661891046023	-0.692145787353957	-0.7315178493497425	-0.6865247696355317	-0.7724211025075126	-0.8036334617638624	-0.7942318482774099	-0.800112220850634	-0.7644309779423684	-0.7787553460766343	-0.47412810633549046	-0.47265676629384407	-0.5126971658000723	-0.47333507899100985	-0.38086011047519297	-0.5364381102008753	-0.5478696741854636	-0.37715432860758863	-0.27652464494569756	-0.4402673350041771	-0.3088642003017494	-0.35210164715270764	-0.11912118604970137	-0.12570480928689884	-0.15077245352186436	-0.08247235002930212	-0.08562450903377848	-0.03215252060499507	-0.15718649858477038	-0.20932679958602976	-0.08350976944849686	-0.29399618449107845	-0.0312946545468148	0.10268207833015375	0.21372585693088442	0.033075225376875024
PhrR	0.7372685444955672	1.0	0.649327298345366	0.6454369755233855	0.6310826818289504	0.5403034950560481	0.5415304430229804	0.46402822977842617	0.47472162994551054	0.5030312098654597	0.5527275901195775	0.6313819374306413	0.5933814636092719	0.7432536565293831	0.7044252422100026	0.7378471053255028	0.7106298083517251	0.7777977281512238	0.7881569595630868	0.7745308544994327	0.7141410740782304	0.7390391401389045	0.7954937093978728	0.6865746455691467	0.6990436289729298	0.6542201274330104	0.7131036546590357	0.6408334268507089	0.7684459905983865	0.7689397623411763	0.5990024813276974	0.4858489507350466	0.4473098168306338	0.4523123729722316	0.3604059900996272	0.3049439519196	0.38221174827616305	0.22111747029264703	0.3490941283557152	-0.003119739647626529	0.06842728712328083	0.3484058404718263	0.11489669447249966	0.14738587762939687	-0.1862841182558386	-0.31495405179615704	-0.5602688312821855	-0.5795059788775421	-0.514657289991147	-0.530847018042619	-0.5871120587538498	-0.6859910971458497	-0.7276125637476777	-0.7021309492637066	-0.7345752440803501	-0.654080474818888	-0.7149789897629646	-0.6831032805895335	-0.650504370378683	-0.7106647215052557	-0.673691691916358	-0.7272684198057332	-0.5094701928951733	-0.4524669883664385	-0.5211810621080063	-0.440227434257285	-0.5034102669609347	-0.49297622164864896	-0.6096609683412512	-0.30908365440965596	-0.25867903589820324	-0.3523610020075063	-0.3222409256973279	-0.43461639172558264	-0.17860322447910823	-0.09574932355765034	-0.18179029663711518	-0.10706118530156236	-0.10178431152508136	-0.0853302410254492	-0.1220339405728251	-0.2221499021184803	-0.12105637227396851	-0.21595531116348085	-0.11767478397486253	0.1087370166710308	0.21885809049988156	0.06647215052556765
NiaR	0.6855222633698674	0.649327298345366	1.0	0.6022045162657889	0.6022294542325964	0.4433197421414232	0.40184291574707914	0.4291799149615332	0.3467100587289118	0.36612177209192137	0.48659708973927357	0.5472711629820821	0.4801331687427524	0.5645631491664485	0.5739747378396239	0.5541839673811394	0.5667078143118992	0.5924886843975611	0.6000897766805072	0.6075362535692465	0.5964089327797105	0.5988777914936595	0.6364493322859387	0.5733712390428808	0.5911769473434831	0.5225626254691454	0.5488721804511278	0.45739473060761354	0.67270913602414	0.6653075474756543	0.4283170613099914	0.4769760221449145	0.370889911345528	0.3463958403471365	0.2448085387598349	0.24412025087594608	0.2992930086410055	0.16746592850284917	0.336226137483011	0.11894163268868689	0.01930946769909849	0.2639060337410691	0.2214067507076148	0.23232459257596727	-0.20530679933665008	-0.2232870734049053	-0.5440491776705445	-0.5315353059265078	-0.4840185039713712	-0.49734036583997304	-0.538418184765396	-0.5945635232359505	-0.630893153281213	-0.5542887068417311	-0.610553747552962	-0.501624708537513	-0.5707627277148094	-0.7012980211723339	-0.6274816394219379	-0.6114365515779498	-0.5517749597875286	-0.6070873701667103	-0.33262509507599847	-0.2877966059427175	-0.3096322896794224	-0.29103355403433956	-0.2902155887230514	-0.37272035810920334	-0.45193331587675656	-0.17191486178131896	-0.1990972456015661	-0.3555979500991284	-0.2866893602164616	-0.41992792927592615	-0.16037357074277733	-0.043329717328146236	-0.04347435753563012	0.043339692514869264	-0.11735557799972568	-0.12729585156922157	-0.0687115799448871	-0.1953266250202621	-0.09167445978129403	-0.1072257758824923	-0.05796331625082607	0.13234329605107295	0.18798987518547614	0.05945460666591853
HutC	0.692514869262709	0.6454369755233855	0.6022045162657889	1.0	0.7506352947044227	0.36387236748587887	0.4002568610581179	0.4047307323033953	0.4177683013503909	0.4780034663773863	0.520856868539508	0.5813264504544945	0.5388620805745707	0.5129764710283171	0.5686529757228893	0.5785583361388545	0.5762939687527275	0.5932567737752341	0.6334617638623923	0.6102544919512712	0.6168381151884686	0.6365391089664459	0.6568286387610818	0.5977505953939576	0.6261798775545829	0.5110063716505193	0.5318395491215602	0.5129016571278944	0.735283482337685	0.6994476240352124	0.44794324118754597	0.5133505405304305	0.3276574520879313	0.22205015025125002	0.07280639409468946	0.2813227097594733	0.4861332435566528	0.2181598274292697	0.3488048479407474	0.07532014114889213	0.0853302410254492	0.4771954762528211	0.1320290776692976	0.260095512412873	-0.20906744473123107	-0.26189104602301777	-0.49759972069477176	-0.6272272721605008	-0.6517063803788077	-0.5443933216124889	-0.4869561964613025	-0.6590780433671243	-0.684963652913378	-0.6516365540717465	-0.6345889599620943	-0.5524632476714173	-0.5604733226100076	-0.6930635045324754	-0.5736505442711256	-0.6558560580555868	-0.6430529058965823	-0.622613748301101	-0.4665320016459058	-0.4020424194815397	-0.45866656691479946	-0.32135313407897853	-0.40483048417062556	-0.30828563947181387	-0.37089988653225103	-0.20878315190962482	-0.09649746256187733	-0.34596690731804636	-0.16920161099265577	-0.2775121884312772	0.0476489731792167	0.060197758076784	0.08370428558959588	-0.15940597763064376	-0.047624035212409134	-0.1547126522774598	-0.18900235663786333	-0.30451501889050986	-0.09480168081896283	-0.24822504021247146	-0.15029364455915908	0.24821506502574844	0.267267671666729	0.031763488322797045
PhnF	0.7534682477337623	0.6310826818289504	0.6022294542325964	0.7506352947044227	1.0	0.32011122333196174	0.35895460043142685	0.47569421065100564	0.482063367373658	0.5209965211536304	0.5914562525717278	0.6291275452312373	0.594169503360391	0.5525629995386476	0.5883040935672514	0.5817853090437537	0.6054514395441339	0.6489532288432525	0.6847441988054714	0.6458808713325602	0.6547238743625232	0.7085250439531665	0.6813526353196424	0.6460604246935747	0.6821057619172309	0.5348470679185526	0.5859250115338096	0.5707776904948939	0.686120774573249	0.7888252970735296	0.4450703874113144	0.47495105924014014	0.21551141535430615	0.20527188618311948	0.13274230351999403	0.18659833663761394	0.3111584932480455	0.251262484569633	0.48225289592139553	0.13817878028404343	0.16429381912492674	0.363358645369643	0.0957293731842043	0.22092794174490954	-0.2927642489307847	-0.3766056933378222	-0.45402810508859215	-0.6546291100886544	-0.6113866756443347	-0.5989476178007207	-0.5705432736069028	-0.6969687901345404	-0.7260464594321625	-0.7141011733313383	-0.5954114141074078	-0.5502038678786518	-0.6822853152782453	-0.6773675482237933	-0.5697253082956146	-0.6523547675158045	-0.6023441688799113	-0.6286936246087856	-0.5384979862591803	-0.4327659945884612	-0.4045412037556578	-0.420257110437786	-0.42652152769984664	-0.3414182221723463	-0.39856107931520346	-0.2589483659397249	-0.18856344842205014	-0.27135251062980836	-0.17220414219628674	-0.3109939026671156	0.08828788388882654	-0.06545468147981895	0.013718375540842155	-0.12480704248182646	-0.08119552612875472	-0.10841282310253245	-0.2507437748600357	-0.27090861482063366	-0.03994812902904026	-0.1734011646030499	-0.14352049277422413	0.1889574682976097	0.18789012331824587	-0.07695108417810696
CcpA	0.588698113442811	0.5403034950560481	0.4433197421414232	0.36387236748587887	0.32011122333196174	1.0	0.4891257995735608	0.42460130425566406	0.3762415990224317	0.29815583735458046	0.4995598448858465	0.5860696517412936	0.578338882030948	0.6858265065649197	0.6686143218743376	0.7005997581017219	0.6436115163530718	0.6511377947355952	0.63787079639397	0.6706941483060886	0.672893676978516	0.6052718861831194	0.6625992842803526	0.6292472474719136	0.6072918614945324	0.6598860334916894	0.6508185887604584	0.5554607912816868	0.577560817466552	0.5172458509457724	0.3797877779024676	0.2697814187209317	0.49903614758288756	0.4712702153393434	0.42509507599845386	0.39181785309043754	0.16854823626229753	0.2814224616267036	0.337168792628337	0.003518747116547588	-0.016351824835721143	0.04649683911270714	0.28528784648187633	0.22500779311462737	-0.3078018429157471	-0.10757989501115973	-0.6298856594221873	-0.49187895110911606	-0.38367311313108643	-0.3418022668611828	-0.38326911806880387	-0.4325714784473622	-0.5759597999975062	-0.4632052768737765	-0.5676903702041173	-0.5802790558485766	-0.5635706180875073	-0.49774436090225566	-0.671766480878814	-0.7353233830845771	-0.6450080424942954	-0.6378059576802704	-0.36701953889699374	-0.2783800296761805	-0.42318482774099425	-0.2935223631217347	-0.19085774136834624	-0.47704584845197573	-0.5625232234815896	-0.16334617638623922	-0.3402261873589446	-0.43493061010735795	-0.4150899637152583	-0.2627738500480056	-0.2720008977668051	-0.20185538473048292	-0.252369730295889	-0.09320066334991708	-0.0028753475729123806	-0.03165376126884375	0.04244691330315839	0.08616316911682191	-0.04777865060661604	-0.08609334280976072	0.21040910734547813	-0.06436738612700907	0.13609895385229243	0.025434232347036748
Rex	0.5556902205763165	0.5415304430229804	0.40184291574707914	0.4002568610581179	0.35895460043142685	0.4891257995735608	1.0	0.35347323532712377	0.3825060162844923	0.29621566353695183	0.39401239416950334	0.5463634209902867	0.4795446327260938	0.6885297821668599	0.5631765982119478	0.6750084165637975	0.6788588386388857	0.6840010473946059	0.6815571266474645	0.67574159278794	0.6202047407074901	0.6201748151473211	0.6169478422424219	0.5722191049763713	0.557804960161598	0.5901145899574808	0.646509308096111	0.6533373234080225	0.5550567962194042	0.5785882616990237	0.4601329193630843	0.24169628050225064	0.3629047743737453	0.4843925734734847	0.4660881058367311	0.32105886607064926	0.19409468945996833	0.2774074489706854	0.17677277771543287	-0.0036135113904163393	-0.08869686654447063	0.0796792977468547	-0.013533834586466165	0.17419419194753052	-0.19009962717739623	-0.09894138330901882	-0.3762316238357087	-0.37267048217558824	-0.3577825159914712	-0.36680507238244864	-0.30994152046783624	-0.49108093617127396	-0.47776904948939514	-0.3995835359543136	-0.6027731019090014	-0.4267659197745608	-0.6043940697514931	-0.4828065187845235	-0.6057058068055712	-0.5452960760109228	-0.5188119552612875	-0.5221336924400554	-0.4202920235913166	-0.5341338420678562	-0.640504245688849	-0.5182184316512675	-0.5157196473771494	-0.6300702003765632	-0.4367610568710333	-0.46874150550505617	-0.40229678674297686	-0.4147557949600369	-0.44884100799261833	-0.3993690694397686	-0.3089789149490642	-0.21530692402648413	-0.27538248606591104	-0.254080474818888	-0.2884001047394606	-0.3191386426264667	0.07032257260065587	-0.0008304342946919538	-0.080547138991758	-0.09259716455317397	0.0312946545468148	0.17975037095225627	0.12236810932804648	-0.028421800770583174
AgaR	0.4870659235152558	0.46402822977842617	0.4291799149615332	0.4047307323033953	0.47569421065100564	0.42460130425566406	0.35347323532712377	1.0	0.720784548435766	0.7637626404319255	0.8383072108131024	0.7553834835845834	0.8424169877429893	0.5286624521502762	0.6132570231549022	0.6987393857778775	0.6796119652364743	0.6280053367248968	0.6741655132857018	0.6649634035337099	0.6745096572276462	0.7334430603872866	0.7220563847429519	0.8167358695245577	0.8120225937979276	0.769004601054876	0.7657177770296387	0.6335016646092844	0.6783700544894574	0.632963004526241	0.1434456788738014	0.26735744834723624	0.04605294330353246	-0.0652501901519969	-0.0007655955809922817	-0.08704597314180974	-0.2036110175937356	0.38304467636753575	0.5582139428172421	0.2815172259005723	0.3392037307198344	0.2091123330714847	0.2303694559782541	0.18111198393994937	-0.690824075113156	-0.6310826818289504	-0.5384830234790957	-0.7603910273195427	-0.7509694634596441	-0.7976084489831544	-0.7564957169042008	-0.638025411788177	-0.7257073030835796	-0.7689746754947069	-0.4814748313569995	-0.5383134453048043	-0.6628985398820434	-0.6129727303332959	-0.5872616865546952	-0.6435117644858415	-0.6240651379693014	-0.6175064526989115	-0.481120712228332	-0.42559383533460515	-0.2007531265975885	-0.22956645344705046	-0.22474843825982868	-0.4055985735482986	-0.3654683973615631	-0.17885260414718387	-0.43672614371750273	-0.42082070848763703	0.045469394880235416	-0.034661280065836235	0.21692290427561442	0.03169864960909737	-0.20168580655619148	-0.1090711854262522	-0.10007356700208232	-0.23525230987917556	-0.3446651454506914	-0.2800508734522874	-0.07347473160513224	-0.06531502886569658	-0.020691031060237657	-0.08079153106647215	-0.22020474070749013	-0.16040848389630794
Irr	0.5591366475891221	0.47472162994551054	0.3467100587289118	0.4177683013503909	0.482063367373658	0.3762415990224317	0.3825060162844923	0.720784548435766	1.0	0.7482312747041734	0.7441863364879862	0.7079414955298694	0.7829000361600519	0.5590368957218917	0.571146772403646	0.6632476714173493	0.6311375453559271	0.6246137732390679	0.6579508472674223	0.6554620381800271	0.6670781431189915	0.7294080973578224	0.6858165313781968	0.7563510766967169	0.7493235576503448	0.7066497088492375	0.7183356400952631	0.6781206748213818	0.6641903265626753	0.6553572987194354	0.2765745208793127	0.256529383159391	0.1099390266711555	0.005169640519208469	0.0578236636367037	-0.04484594571004626	-0.09524557662813751	0.43836207434007907	0.5008566191598399	0.25659422187309067	0.41243157645357176	0.23118243369618074	0.05948453222608761	0.22952156510679683	-0.6364243943191311	-0.589805359169067	-0.48576914924126235	-0.7279716704697066	-0.6902056135363284	-0.712495168268931	-0.6191174453546803	-0.5987730520330677	-0.7109839274803925	-0.7079913714634846	-0.46400827940498013	-0.5757602962630457	-0.6543099041135176	-0.63727727278395	-0.596792977468547	-0.6142196286736742	-0.622603773114378	-0.6280801506253195	-0.40768338757341116	-0.48791381438671305	-0.28465940971832565	-0.2818813202159628	-0.29307846731256	-0.4505916532625095	-0.4157333632588935	-0.3603112258257584	-0.4929413084951184	-0.38397236873277724	-0.04736468035761045	-0.01948902106011297	0.24921757129141262	-0.08633773488447487	-0.07867180388782903	-0.24886843975610667	-0.08843252409631043	-0.04575867529520318	-0.35431613860521954	-0.24675370017082507	-0.08065187845234978	-0.2094913901669597	-0.08777416177259068	-0.058831157495729376	-0.11720595019888029	-0.16139602738188755
SiaR	0.5170263968378658	0.5030312098654597	0.36612177209192137	0.4780034663773863	0.5209965211536304	0.29815583735458046	0.29621566353695183	0.7637626404319255	0.7482312747041734	1.0	0.7954388458708962	0.7072332572725346	0.7881070836294717	0.5166124265888602	0.595491215601192	0.656334867018292	0.6350178929911844	0.6242247409568698	0.6540056609184653	0.645207546228756	0.6452225090088405	0.7005947705083605	0.702320477811444	0.7734884474868764	0.744321001508747	0.7045000561104253	0.7069290140774822	0.6211424082594547	0.6825945460666591	0.622429207346725	0.22922230950510605	0.41349393383957406	0.04175363782590805	-0.03926482873851295	0.02529956732627589	-0.04315016396713176	-0.08240751131560244	0.39095001184553424	0.4477237870796394	0.28156211424082594	0.42538934400678313	0.30003117245850947	0.17844860908490132	0.2064738961832442	-0.6357111684684348	-0.6128829536527887	-0.42746917043853416	-0.7327647476901208	-0.7455030611354256	-0.7710594895198194	-0.730590156984501	-0.6691928827042731	-0.7422910510106111	-0.7677626903078592	-0.4552550530555244	-0.5035349567949725	-0.5941445653935835	-0.655546827267173	-0.5182732951782442	-0.6095961296275515	-0.632943054152795	-0.6177857579271562	-0.4138879537151336	-0.4570954750059228	-0.2498160824947942	-0.2319106223269617	-0.32572226586366415	-0.36424643698799236	-0.4026110051247522	-0.24813526353196425	-0.3839923191062233	-0.26836992979962343	0.019992767989625806	-0.05230239778550855	0.24783102033691193	0.0566565667901096	-0.03137445604059901	-0.18539632663748926	-0.06616291973715382	-0.04743450666467163	-0.36257060561852394	-0.2332772229080163	-0.10972456015661043	-0.18467312560006982	-0.035294704422748416	-0.03974363770121822	-0.19756605443958153	-0.23744685095824136
GulR	0.6437362061871096	0.5527275901195775	0.48659708973927357	0.520856868539508	0.5914562525717278	0.4995598448858465	0.39401239416950334	0.8383072108131024	0.7441863364879862	0.7954388458708962	1.0	0.8353695183231711	0.8906021272085687	0.6513921619970324	0.7037718674796444	0.7910447761194029	0.7759323682340179	0.7511190912604895	0.78599234404419	0.7783762889811594	0.7788750483173107	0.8251748774922381	0.8333445554183967	0.9012805645955685	0.8785620768338758	0.8228955473260265	0.8364468384892579	0.7107943989326551	0.7715831868227784	0.7415478995997457	0.2682402523722241	0.3515629870696642	0.13995436352074214	0.06522026459182782	0.08102594795446327	0.036915672265240215	-0.03472113118617439	0.3911694659534408	0.5573760271325079	0.3199466327510318	0.3317373034576491	0.18732153767503334	0.19298744373371238	0.21993541066596842	-0.6734273494681978	-0.5910871706629759	-0.6036658811207122	-0.8215189715582488	-0.7963864886095836	-0.8036234865771393	-0.7710395391463734	-0.7090836544096559	-0.8371451015598699	-0.8385316525143705	-0.5785333981720471	-0.59377049589147	-0.7324305789348995	-0.7248394618386763	-0.6829935535355802	-0.7521565106796843	-0.7314031347024277	-0.7323856905946459	-0.4848364692826594	-0.4743675108168431	-0.3331737303457649	-0.284604546191349	-0.29570692901407747	-0.4740283544682602	-0.4636990486165663	-0.22224965398571053	-0.4743974363770122	-0.3653536827142483	-0.07115051309866706	-0.11611366725270889	0.15567525779623187	-0.014162271350016834	-0.16632376962306264	-0.20552625344455666	-0.11467225277123157	-0.1892666990860235	-0.3379119440392025	-0.1865434731106373	-0.13001408995124628	-0.1723836955573012	0.029070187907579894	-0.05848701355378496	-0.14470753999426428	-0.19202982580830186
IscR	0.7086497337872043	0.6313819374306413	0.5472711629820821	0.5813264504544945	0.6291275452312373	0.5860696517412936	0.5463634209902867	0.7553834835845834	0.7079414955298694	0.7072332572725346	0.8353695183231711	1.0	0.9154952056758813	0.7317422910510106	0.7836830883178094	0.8810309355478247	0.8710208356712678	0.8389855235102682	0.8490055985735483	0.853998179528423	0.8438284766642976	0.8810409107345478	0.8945523011508871	0.9101634683724236	0.8974600680806494	0.8566964675370017	0.8703574857541865	0.7612838065312535	0.8039975560792528	0.762765121759623	0.4128255963291313	0.3935385728001596	0.24780109477674286	0.2130774697938877	0.2628087632015362	0.24422499033653786	0.11536054065512039	0.4754149054227609	0.465290090898889	0.29814087457449595	0.24143193805409044	0.2558660332423098	0.22625469145500568	0.3206648461950897	-0.6373121859374805	-0.4606516290726817	-0.6638461826207309	-0.8246112794423871	-0.7670744024239704	-0.7804860409730795	-0.6694173244055412	-0.7018067556952081	-0.8827616304442699	-0.831374456040599	-0.7418970311350516	-0.6137108941507999	-0.7928901856631628	-0.7749947006820533	-0.7792690681928702	-0.8276187982393796	-0.7962967119290765	-0.8068105587351463	-0.5552114116136111	-0.4547812316861806	-0.42992805396576017	-0.38131398147109064	-0.4154640332173718	-0.5384481103255652	-0.540273569495879	-0.2498559832416863	-0.42295539844636465	-0.39902492549782415	-0.2567089365204055	-0.23761642913253284	-0.029219815708425294	-0.06954949562962132	-0.1130263469619322	-0.12379954862280078	-0.16026384368882404	-0.19307223282085811	-0.2920260851132807	-0.12219354356039352	-0.03757403458895996	-0.13995436352074214	0.10387411314355541	0.01044152670232796	0.02032194915148568	-0.04939961844910785
MetR	0.6656267534507911	0.5933814636092719	0.4801331687427524	0.5388620805745707	0.594169503360391	0.578338882030948	0.4795446327260938	0.8424169877429893	0.7829000361600519	0.7881070836294717	0.8906021272085687	0.9154952056758813	1.0	0.7314081222957892	0.7704909038766069	0.8922580082045911	0.8618087507325528	0.8280277808950236	0.8504520006483871	0.8596092220601255	0.8725221012730832	0.8948116560056859	0.8994600930186162	0.9538996745595332	0.9356600456364793	0.9124427985386352	0.9074302672103144	0.782191797902717	0.8010498884025985	0.7710295639596504	0.3101360366089353	0.3394281724211025	0.21753637825908054	0.12055262534445567	0.18039377049589148	0.09247247471913615	-0.032756019401738175	0.48874674247808575	0.5326575144328483	0.34931857005698325	0.332066484619509	0.2488385141959376	0.24585593336575268	0.26611553760021944	-0.7139166323769623	-0.5493061010735795	-0.6471975959799997	-0.8770059477050836	-0.8215588723051409	-0.8329255975760296	-0.7296026134989214	-0.7046646466913552	-0.8718088754223868	-0.8545218768313819	-0.6666043217496478	-0.6509482661878577	-0.7903165874886221	-0.7600169578174292	-0.7853040561603013	-0.8066110550006858	-0.8015336849586653	-0.7712988940011721	-0.5382635693711891	-0.5391962493297922	-0.4004862903527475	-0.37034626366912304	-0.3291637052831083	-0.5239691267970923	-0.5418646117782018	-0.25181111983939947	-0.4773650544271126	-0.4473048292372723	-0.14552550530555244	-0.16229878178032145	0.06603324230975449	-0.11966483372610631	-0.1906582376338857	-0.1918153592937568	-0.16217409194628363	-0.22636441850895897	-0.3259716455317398	-0.17457823663636704	-0.033908153468247736	-0.15517649846008055	0.10812354268756469	-0.041728699859100486	-0.12143044177608199	-0.1649621566353695
BirA	0.7619022681080811	0.7432536565293831	0.5645631491664485	0.5129764710283171	0.5525629995386476	0.6858265065649197	0.6885297821668599	0.5286624521502762	0.5590368957218917	0.5166124265888602	0.6513921619970324	0.7317422910510106	0.7314081222957892	1.0	0.8261773837579022	0.9064925996583498	0.9109864212770733	0.9315752066733999	0.9238743625232235	0.9306175887479894	0.8552600406488859	0.8847566677888752	0.8561977082008504	0.8349355977007195	0.8349455728874425	0.8701879075798951	0.89673686704323	0.7773438571553262	0.7619920447885884	0.8336537862068105	0.4640830933054028	0.4072694173244055	0.48836768538261077	0.5275053304904052	0.5079789024800808	0.279133156273769	0.1964189079664335	0.3981620718462824	0.3152383446177633	0.0002917742116485243	-0.0008005087345228744	0.13151535555306176	0.17632888190625817	0.1695507425279617	-0.3288395117146099	-0.29393633337074027	-0.5765583112008877	-0.6313170987169416	-0.564927243481839	-0.5717153580468585	-0.5637451838551603	-0.641815982742927	-0.7238319679796507	-0.6707390366463423	-0.7516278257833638	-0.6990685669397374	-0.7893390191897655	-0.6943453160263844	-0.8235838352099153	-0.7907056197708201	-0.7442711255751319	-0.73019114951558	-0.5308819311961496	-0.609611092407636	-0.6112021346899588	-0.605082357635382	-0.472267734011646	-0.6680557114178481	-0.6300502500031172	-0.4988216810683425	-0.4737241112732079	-0.5074452299903989	-0.4736143842192546	-0.3765707801842916	-0.2844798563573112	-0.2717565056920909	-0.41943415753313634	-0.21048392124590082	-0.19523186074639334	-0.20390029800870335	-0.04674123118742129	-0.021484058404718263	-0.09901619720944152	-0.1369219067569421	-0.013369244005536228	0.03709023803289318	0.0580880060848639	-0.027454207658449605
XylR	0.7644309779423684	0.7044252422100026	0.5739747378396239	0.5686529757228893	0.5883040935672514	0.6686143218743376	0.5631765982119478	0.6132570231549022	0.571146772403646	0.595491215601192	0.7037718674796444	0.7836830883178094	0.7704909038766069	0.8261773837579022	1.0	0.8430055237596479	0.8389456227633761	0.8312298158331152	0.8544670133044053	0.8412498908963952	0.8058180276562051	0.8278831406875398	0.8447960697764312	0.8343320989039763	0.8339929425553935	0.8155687726779636	0.811763238943129	0.7244953178967318	0.7584807790620831	0.7923465379867579	0.38740882055885983	0.4343819748375915	0.38892006134739837	0.4184166884873876	0.37363308769436027	0.2807990124565144	0.15959051858501977	0.31340789785408796	0.3541814735844587	0.1730969214079976	0.07922542675095699	0.12952031820845647	0.15623885584608288	0.26459432162495794	-0.39062581827703585	-0.3433833339567825	-0.6599907729522811	-0.6682252895921396	-0.6239903240688787	-0.606015037593985	-0.5699547375902443	-0.6245539221187296	-0.7888252970735296	-0.6909637277272784	-0.695916407935261	-0.6832229828302099	-0.7673636828389382	-0.7072532076459807	-0.8349655232608886	-0.8167857454581728	-0.7628199852865996	-0.7832790932555269	-0.5472761505754435	-0.504831731068966	-0.5138143867130512	-0.4108704597314181	-0.3721717228394369	-0.5722739685033479	-0.5987032257260065	-0.3077020910485168	-0.4847367174154291	-0.46876644347186375	-0.34448559208967694	-0.2828339505480118	-0.1562538186261674	-0.19644384593324107	-0.24451427075150564	-0.14038329654983228	-0.11900148380902505	-0.17631890671953515	-0.08346986870160476	-0.02124964151672714	-0.08012319355602937	-0.16027381887554706	0.08173917380515966	0.029603860397261813	-0.009558722677340117	-0.12682701779323932
MntR	0.7669197870297635	0.7378471053255028	0.5541839673811394	0.5785583361388545	0.5817853090437537	0.7005997581017219	0.6750084165637975	0.6987393857778775	0.6632476714173493	0.656334867018292	0.7910447761194029	0.8810309355478247	0.8922580082045911	0.9064925996583498	0.8430055237596479	1.0	0.9657102956395965	0.947620294517388	0.9503385328994127	0.9675207920298258	0.9185675631865734	0.9323881843913265	0.9445329742266113	0.9409119814461527	0.9219092507387873	0.9466177882517238	0.9622638686267908	0.809139764834973	0.8426264666641728	0.8224765894836594	0.43881095774261525	0.41282060873576976	0.4007007568672926	0.4060474569508348	0.39433658773800173	0.27070412349281164	0.15744585343956907	0.4678936146335989	0.4414344318507712	0.15940597763064376	0.11112108629783414	0.2332423097544857	0.20846394593448797	0.23145176373770246	-0.5087569670444768	-0.39277048342248655	-0.6619508971433559	-0.7604708288133268	-0.706993852791182	-0.7146996845347199	-0.6393022356887244	-0.7227346974401178	-0.847379643137695	-0.7852442050399631	-0.7930049003104777	-0.7225401812990186	-0.8112844299804237	-0.7558523173605656	-0.8599633411887929	-0.8572002144665145	-0.8336537862068105	-0.796720657364805	-0.5738400728188631	-0.5945086597089739	-0.5934363271362486	-0.5106572401152134	-0.45052182695544835	-0.6538809710844274	-0.6444195064776369	-0.4086809062457138	-0.4843127719797005	-0.497504956420903	-0.38172795172009627	-0.3268743999301737	-0.17634883227970424	-0.1746380877567052	-0.281592039800995	-0.22164116759560593	-0.196608436514171	-0.2451427075150563	-0.1643586578386264	-0.08102594795446327	-0.11190413845559172	-0.17668300103492562	0.08167433509145999	0.011623586329006596	0.019144877118168556	-0.06093592189428796
ThiR	0.7695233107644733	0.7106298083517251	0.5667078143118992	0.5762939687527275	0.6054514395441339	0.6436115163530718	0.6788588386388857	0.6796119652364743	0.6311375453559271	0.6350178929911844	0.7759323682340179	0.8710208356712678	0.8618087507325528	0.9109864212770733	0.8389456227633761	0.9657102956395965	1.0	0.9475953565505805	0.9545281113230838	0.9600294268008329	0.9032157508198356	0.94327610069951	0.9343532961757628	0.9294006159677801	0.9200937667551965	0.9419394256786244	0.9548622800783052	0.814775745333483	0.8302073591940049	0.8454145313532587	0.4150151498148356	0.43262634197433886	0.38096983752914626	0.42343919500243143	0.3940971832566491	0.26351201386550954	0.162692801655881	0.47070661728949237	0.41043653910896644	0.13598922679833914	0.10101123455404681	0.20768089377673038	0.17608947742490555	0.20220950385915037	-0.46777889998628414	-0.3676180501003753	-0.6402199528672428	-0.7604857915934113	-0.7011334305914039	-0.7100811730819586	-0.6358408458958341	-0.7141809748251225	-0.8195438845870896	-0.7687502337934389	-0.7930946769909849	-0.7338919437898228	-0.8250651504382848	-0.7652639060337411	-0.8405616030125064	-0.8544919512712129	-0.7874187957455828	-0.7781917480267834	-0.5825533984214267	-0.5834611404132221	-0.5856008179653113	-0.5511116098704473	-0.48004339206224517	-0.6501303008765695	-0.5950323570119328	-0.4408658462075587	-0.473025848202596	-0.4729061459619197	-0.40301500018703473	-0.3729647501839175	-0.17789498622177333	-0.19131659995760544	-0.2809137271038292	-0.25081858876045837	-0.18806468908589882	-0.276110674696692	-0.13528597613436577	-0.058846120275813915	-0.14612401650893403	-0.20006483871369968	0.061728949238768566	0.016047581640668836	0.031229815833115127	-0.058307460192770486
Phr	0.8130051496901458	0.7777977281512238	0.5924886843975611	0.5932567737752341	0.6489532288432525	0.6511377947355952	0.6840010473946059	0.6280053367248968	0.6246137732390679	0.6242247409568698	0.7511190912604895	0.8389855235102682	0.8280277808950236	0.9315752066733999	0.8312298158331152	0.947620294517388	0.9475953565505805	1.0	0.9596852828588885	0.970982181822716	0.8814000174565768	0.9462636691230564	0.9292110874200427	0.8993703163381089	0.8955498198231898	0.9021334430603873	0.9493908901607252	0.8231948029277173	0.819498996246836	0.8681030935547824	0.5071210364219005	0.46383870123068865	0.4580830184915024	0.4675893714385466	0.439274803925236	0.27787129515330616	0.24509283158144116	0.4141373333832093	0.3766854948316064	0.10335540343395803	0.07166922280826445	0.21196523647427026	0.1453210139777304	0.17401463858651603	-0.4017032631329568	-0.3639172558261325	-0.6066783875110662	-0.7323258394743076	-0.6594720632426838	-0.6828688637015424	-0.6582999788027282	-0.7355328620057606	-0.8229952991932568	-0.7766256437112682	-0.7901270589408845	-0.6997718176037108	-0.8519432910634795	-0.7723063878601978	-0.8354144066634247	-0.8337186249205102	-0.7903515006421526	-0.7822067606828015	-0.5788725545206299	-0.6176461053130339	-0.6468484644446938	-0.605246948216312	-0.5307821793289194	-0.6583099539894512	-0.662923477848851	-0.4647215052556765	-0.45228244741206247	-0.4675943590319081	-0.420257110437786	-0.4343221237172533	-0.15724634970510853	-0.19017942867118043	-0.2917268295115899	-0.22892804149677676	-0.22342173842566615	-0.24679360091771718	-0.15239342136435616	-0.10115088716816918	-0.15879250364717765	-0.1391762989563461	0.041648898365316274	0.0599733163755159	0.030900634671255253	-0.038287260439656357
ArgR	0.8428658711455255	0.7881569595630868	0.6000897766805072	0.6334617638623923	0.6847441988054714	0.63787079639397	0.6815571266474645	0.6741655132857018	0.6579508472674223	0.6540056609184653	0.78599234404419	0.8490055985735483	0.8504520006483871	0.9238743625232235	0.8544670133044053	0.9503385328994127	0.9545281113230838	0.9596852828588885	1.0	0.9732515368022046	0.9250963228967942	0.9605082357635382	0.9506078629409345	0.9252409631042781	0.9287073404905298	0.9053504407785633	0.9384929986658188	0.844950685170638	0.8534295938852106	0.9137694983727976	0.4846220027681143	0.4887966184117009	0.4180924949188893	0.4269604359156598	0.3686654447062931	0.25382111996408935	0.22391052257509445	0.42574845072881207	0.4403321737178768	0.11326076384992331	0.10831307123530219	0.24926245963166624	0.15891220588785396	0.23574109402860385	-0.4273694185713039	-0.3928153717627402	-0.6339655107919051	-0.7553086696841607	-0.6971433559021933	-0.7104003790570955	-0.6656317410441527	-0.7741567849973192	-0.8431352011870472	-0.7924413022606267	-0.8105313033828352	-0.7398920186037232	-0.8539333408147234	-0.7852491926333246	-0.85810795645831	-0.860955872267734	-0.8183318994002419	-0.7991546029252236	-0.6033516627389369	-0.637327148717565	-0.6157508198356588	-0.5624633723612514	-0.4960685295327872	-0.6544894574745321	-0.6485691841544159	-0.4672751530567713	-0.4613997680769087	-0.47533011633561517	-0.3591291661990798	-0.3880671828825796	-0.15106173393683214	-0.19102233194927618	-0.27877404955174007	-0.24195563535704934	-0.20511228319555105	-0.2345490592152022	-0.1360590531054003	-0.13761019464083094	-0.10637289741767354	-0.1860596765545705	-0.007438995498696991	0.08786892604645943	0.0407162184067133	-0.04870135537849599
NrtR	0.8227608823052657	0.7745308544994327	0.6075362535692465	0.6102544919512712	0.6458808713325602	0.6706941483060886	0.67574159278794	0.6649634035337099	0.6554620381800271	0.645207546228756	0.7783762889811594	0.853998179528423	0.8596092220601255	0.9306175887479894	0.8412498908963952	0.9675207920298258	0.9600294268008329	0.970982181822716	0.9732515368022046	1.0	0.9218144864649185	0.9572712876719162	0.9477449843514258	0.9279442387062182	0.9135999201985062	0.9328021546403322	0.9620793276724149	0.8213394181972343	0.8475542089053479	0.8682078330153743	0.4940286038479283	0.46914051297397724	0.45424755919649873	0.45645207546228755	0.41218219678549606	0.2710682178082021	0.21957131635057794	0.4372548286138231	0.40761356126634996	0.09748999364081846	0.08105088592127084	0.237880771580693	0.19601990049751244	0.20226436738612702	-0.4538635145076622	-0.3930049003104777	-0.6586790358982032	-0.7603311761992044	-0.6888539757353583	-0.7235027868177908	-0.6606291849025548	-0.7420067581890049	-0.8421177321412985	-0.7943365877380018	-0.8148455716405442	-0.7250888415067519	-0.8534495442586566	-0.7846057930896894	-0.8570655494457536	-0.8574296437611442	-0.8123318245863415	-0.7877429893140813	-0.605850447013055	-0.6163692814124865	-0.6366937243606529	-0.5860746393346551	-0.4981832691180688	-0.6559009463958404	-0.6579358844873378	-0.43515006421526453	-0.44927991620843155	-0.5106323021484058	-0.39637152582949914	-0.4120425441713737	-0.15242833451788676	-0.20122196037357074	-0.2941358371052008	-0.22848414568760209	-0.21094277983516005	-0.23548173917380516	-0.15133605157171537	-0.10840284791580942	-0.10953503160887293	-0.13708150974451053	0.04436214915397948	0.020197259317447848	0.0461427199840397	-0.025553934587713063
RbkR	0.7954338582775347	0.7141410740782304	0.5964089327797105	0.6168381151884686	0.6547238743625232	0.672893676978516	0.6202047407074901	0.6745096572276462	0.6670781431189915	0.6452225090088405	0.7788750483173107	0.8438284766642976	0.8725221012730832	0.8552600406488859	0.8058180276562051	0.9185675631865734	0.9032157508198356	0.8814000174565768	0.9250963228967942	0.9218144864649185	1.0	0.9259342385815285	0.9292410129802118	0.915415404182097	0.8985024750932057	0.9022930460479557	0.9033603910273196	0.823658649110338	0.8230701130936795	0.8361026945473136	0.42384817765807553	0.4224017755832367	0.4366712801905261	0.3482063367373658	0.31891420092519857	0.26170650506864174	0.1662040673823863	0.47696105936482996	0.45660669085649447	0.16528136261050635	0.1707577401214479	0.26969164204042445	0.2682452399655856	0.289113330590157	-0.5018691006122271	-0.3687502337934388	-0.6903801793039813	-0.7659472063242684	-0.7075275252808638	-0.738665070636791	-0.6287035997955087	-0.728879412461502	-0.8323420491527326	-0.7931595157046846	-0.7625107544981857	-0.7242609010087407	-0.7967356201448896	-0.7872591927580145	-0.8431651267472163	-0.8508809336774773	-0.8233244803551166	-0.8059626678636891	-0.5592663250165214	-0.5977106946470654	-0.5174503422735944	-0.5185526004064889	-0.4530704871631816	-0.6299854112894175	-0.6319305727004078	-0.39089016072519606	-0.42430204865397325	-0.5223880597014925	-0.3168992132071472	-0.3359617950348508	-0.11893165750196387	-0.20145637726156188	-0.2119452861008242	-0.20393022356887244	-0.21883315253307398	-0.18144116510180924	-0.20110724572625593	-0.1485928752228831	-0.03493061010735795	-0.19026920535168768	0.03867130512849287	0.016107432761006995	0.04886594595942593	-0.05893589695632115
NsrR	0.8330004114764523	0.7390391401389045	0.5988777914936595	0.6365391089664459	0.7085250439531665	0.6052718861831194	0.6201748151473211	0.7334430603872866	0.7294080973578224	0.7005947705083605	0.8251748774922381	0.8810409107345478	0.8948116560056859	0.8847566677888752	0.8278831406875398	0.9323881843913265	0.94327610069951	0.9462636691230564	0.9605082357635382	0.9572712876719162	0.9259342385815285	1.0	0.943296051072956	0.9452312372972231	0.9543335951819848	0.9207870422324468	0.9483933714884225	0.8566864923502787	0.8648611578697989	0.9066372398658338	0.4278631903140937	0.461324954176486	0.3779024676118156	0.3369493385204304	0.2949937031633811	0.2004239454357286	0.1668724048928291	0.4606765670394893	0.47616304442698787	0.1591516103692066	0.19768076908689636	0.267452212621105	0.13953540567837505	0.22707764435965536	-0.5138393246798588	-0.45542463122981586	-0.645402062369855	-0.8298183269118069	-0.7518273295178244	-0.786351450766219	-0.7198369056970785	-0.7750844773625606	-0.8560680307734511	-0.8410404119752116	-0.7819523934213644	-0.725846955697702	-0.8787915061285053	-0.8225264654172745	-0.8315091210613599	-0.8579084527238494	-0.8132545293582214	-0.8102918989014826	-0.6374169253980723	-0.6471427324530231	-0.5646329754735097	-0.5494208157208943	-0.4609907854212646	-0.6190127058940884	-0.5889973690445018	-0.4489656978266562	-0.4801830446763675	-0.488836519158593	-0.3108342996795471	-0.3350939537899475	-0.03742939438147608	-0.1641242409506353	-0.25790595892716867	-0.23021484058404718	-0.17930148754972008	-0.20856868539507975	-0.21682315240838415	-0.2035810920335665	-0.09340515467773912	-0.18596989987406326	-0.030706118530156236	0.042052893427598846	0.017922916744597815	-0.07013803164627988
