	AcnR	AgaR	AmtR	AraR	ArgR	BioQ	BirA	CadR-PbrR	CblR	CcpA	CsoR	CueR	CzrA	DasR	ExuR_UxuR	FUR	FabR	FadP	FadR	FixJ	FnrN_FixK	FruR	GguR	GlcC	GntR	GulR	HcpR	HexR	HisR	HrcA	HutC	HypR	Irr	IscR	KdgR	LexA	LiuQ	LiuR	LldR	LtbR	MerR	MetJ	MetR	MntR	ModE	NadQ	NagC	NagQ	NagR	NarP	NiaR	NifA	NikR	NmlR	NnrR	NorR	NrdR	NrtR	NsrR	NtrC	PaaR	PdhR	PdxR	PhnF	PhnR	Phr	PhrR	PhsR	PrpR	PsrA	PurR	QorR	RbkR	RbsR	Rex	RutR	SahR_SamR	SdaR	SiaR	SoxR	ThiR	TrpR	TtrR	TyrR	VanR	XylR	ZntR	Zur
AcnR	1.0	-0.0018678537138867067	-0.02594795446327261	0.11443783588324044	0.04574870010848016	0.07007818052594172	0.07530019077544607	-0.08193368994625869	0.034681230439282285	-0.07573909899125925	0.14450304866644223	0.051050511851768725	0.042676342597788006	-0.05044202546166411	-0.0925672389930049	0.04394319131161237	0.0019177296475018392	0.027389368944749935	-0.12099652115363034	0.0010199628424294568	-0.024262147907081137	0.005254429606354194	0.19058841132682453	0.00712976471028317	0.08365440965598074	0.06118530156236362	-0.1377847604084839	0.04414269504607289	0.09835284729236025	0.17277272783949923	0.05432736069028292	-0.025833239815957806	-0.11595406426514046	0.14380478559583038	0.0962630456738862	0.07959450865970898	0.09134029102607265	0.040022942929462964	0.10915098692003641	0.044182595792965	-0.026930510355490718	-0.05796830384418759	0.0657738874549558	0.07374406164665395	0.05004800558610457	-0.05826257185251686	0.03045175126871906	0.08941009239516702	-0.0070998391501140914	0.044182595792965	-0.04435217396725645	-0.007414057531889425	0.0729011583685582	-0.08188880160600506	0.008556216411675956	0.08171922343171362	0.04133467998354094	0.02781331438047856	0.10510106111048766	0.11248768687888877	0.02514993952543049	0.04070125562662876	0.136318407960199	0.031349518073791445	0.01642165114278233	0.14083716754573	0.11714111148518061	0.034017880522201026	0.017833140064090574	0.06683624484095811	0.16641354630356986	0.22123218493996186	0.12341051634060275	0.013668499607227023	-0.07133505405304305	0.08457212683449919	0.03624234716143593	0.01711991421339418	-0.030736044090325317	0.10402872853776232	0.07458197733138817	0.12136560306238232	-0.13279217945360916	-0.17099714460280052	0.08407835509170937	-0.030860733924363146	-0.043434456788738016	0.11245277372535817
AgaR	-0.0018678537138867067	1.0	0.13992443796057308	0.33041060362348657	0.6251773712889188	0.13972493422611254	0.6413770745271138	0.22772104390329057	0.3572887442486814	0.5242135188718063	-0.026052693923864386	0.4569209092382698	0.6192720607488872	-0.20015960298756844	0.18827416800708238	0.6081347647726281	0.3443609022556391	0.1608872928590132	0.1990224317011434	0.0886120774573249	0.40883053404655917	0.10262222720981558	0.10644272372473472	0.3007543734959289	0.4361276325141211	-0.02684572126834499	0.3150039277297722	0.24530231050262472	0.4561677826406813	0.4325066397336625	0.5597750595393958	0.13451788675669274	0.25239965585605806	0.5315851818601229	0.5756755071759	0.5227371912367985	0.19734660033167495	0.3719422935448073	0.5044127732265988	0.17430391900148381	0.20765595580992283	0.23795059788775422	0.6277110687165676	0.5908328034015387	0.569455978254093	0.437020411725832	0.6530829561465854	0.3725557675282734	0.43033204902804273	0.1844387087120787	0.358081771593162	0.15107170912355516	0.29856482001022455	0.21154627863190315	0.2666591852766244	0.2280302746917044	0.42954899687028514	0.6159104228232273	0.5574308906594845	0.3153181461115475	0.4755944587837754	0.29369194129602616	0.5397349094128355	0.4478285265402312	0.4244417012680956	0.4924874374992207	0.3846057930896894	0.14838838389506104	0.15733113879225427	0.40227683636953077	0.17959575555804935	-0.10226312048778663	0.47785383857654085	0.3419868078155588	0.4907268170426065	0.4808064938465567	0.597581017219666	0.3654683973615631	0.3727602588560955	0.6039800995024875	0.48576416164790087	0.26833002905273134	0.21362111747029264	0.36705445205052434	0.08592376463546927	0.4306861681567102	0.19215451564233968	0.6333121360615469
AmtR	-0.02594795446327261	0.13992443796057308	1.0	-0.08939014202172096	0.05028242247409569	0.0843127719797005	0.037988004837965564	0.18687764186585867	-0.06951957006945224	0.06712053766256437	-0.004491327822042669	-0.03294554794947568	0.062646666417287	-0.012670980934924376	0.014795695706929015	0.023858152844798565	0.13740071571964738	0.0015885484856419656	-0.16792478709210837	-0.03888078404967643	0.012665993341562862	0.2243793563510767	-0.06978391251761244	-0.007020037656329879	0.07582388807840497	-0.03324480355116647	0.19874312647289866	0.007364181598274293	-0.008945248693873989	0.030626317036372024	0.02344917018915448	-0.18082270352498162	0.07272659260090525	0.015164777615680993	0.06452200152121597	-0.021828202346662676	0.07160438409456477	0.07311562488310328	0.03089564707789374	0.05225252185189341	-0.10414843077843863	0.14423371862492051	0.06559932168730283	0.03314505168393621	0.09580917467798851	0.038825920522699786	0.04306537487998603	-0.16667290115836855	0.14635843339692514	-0.0705968902355391	0.11824336961807504	-0.06501577326400579	0.006516290726817042	0.12862255140338408	-0.10328058953353533	-0.000581054626616292	-0.1029713587451215	0.04809785658175289	-0.04844698811705882	0.04211274454793701	0.14000423945435728	0.10286661928452973	0.11549021808251973	0.008770682926221025	0.027763438446863426	-0.015294455043080338	0.06888614571254005	-0.1656703948927044	-0.15328620057606704	-0.09969949749996883	-0.19459344879611964	-0.1538747365927256	0.10279679297746855	0.09022307011309368	0.10516589982418734	-0.013733338320926694	0.10612351774959787	-0.061843663886083367	0.12285689347747478	0.10902130949263707	-0.026242222471601892	-0.12078205463908527	-0.19512213369244005	0.09181909998877791	0.00981308993877729	0.15551565480866344	0.11809374181722965	0.03663636703699547
AraR	0.11443783588324044	0.33041060362348657	-0.08939014202172096	1.0	0.47465180363844933	0.17823913016371776	0.4533697427648724	0.13466751455753811	0.30158730158730157	0.29527300839162585	0.11598897741867105	0.2756617912941558	0.48560954625369396	-0.12334567762690307	0.30884424992830334	0.4424319505230739	0.2680008478908715	0.0793800421451639	0.1568872429830796	0.03985835234853302	0.15240838414444072	0.12413371737802217	0.18875796456314917	0.07111559994513647	0.08105088592127084	0.23601541166348708	0.1320240900759361	0.1869624309530044	0.29275427374406165	0.2449481913739573	0.4149353483210514	0.2582949912093667	0.07949475679247871	0.5365578124415517	0.40173817628648734	0.4481676828888141	0.17872791431314605	0.26271898652102893	0.4657339867080637	0.16068280153119116	0.06402324218506465	-0.025663661641666356	0.4218381775333857	0.4020075063280091	0.4721031434307161	0.33615631117594985	0.4541777328894375	0.33259018192246786	0.2858314941582813	0.13689696879013455	0.14429356974525867	0.18603972618112447	0.33503909026297085	0.018805720769585657	0.11531066472150525	0.3187446227509071	0.27282883826481624	0.5774959787528523	0.4780533423110014	0.185870148006833	0.25031484183094554	0.24975623137445604	0.3766655444581603	0.4082320228431776	0.35101435179989776	0.5164428484145688	0.1446028005336725	0.11069714086210551	0.007768176660556865	0.31357747602837943	0.03312510131049016	0.19349617825658674	0.3251137794735595	0.2773176722901782	0.3695332859511964	0.41578323919250865	0.4796393969999626	0.33462013242060373	0.25273881220464095	0.42297534881981075	0.4431052756268781	0.362785072133069	0.10876694223119988	0.194917642364618	0.07402336687489869	0.2893277971047021	0.1360191523585082	0.4603773114377985
ArgR	0.04574870010848016	0.6251773712889188	0.05028242247409569	0.47465180363844933	1.0	0.12604895322884324	0.8695794211897904	0.48875671766480877	0.5238593997431389	0.439274803925236	0.1236549084153169	0.5166922280826444	0.8247010561228943	-0.1568822553897181	0.3447449469444756	0.8370154241324704	0.3904412773226599	0.15284230476689237	0.271038292248033	0.07995361538173792	0.4195289218070051	0.05708549981919974	0.18192994925123754	0.3430691155750072	0.4141971845035474	0.2646591603386576	0.40104490080923705	0.41970847516801957	0.6234965523260888	0.6263344929487898	0.6920809486402574	0.44823750919587524	0.24734223618748363	0.7866058180276562	0.802172096908939	0.7404456414668512	0.22094290452499407	0.3580867591865235	0.6780907492612127	0.3753288694372748	0.18053841070337534	0.32215613661018216	0.8287609571191661	0.8282023466626766	0.8141273581964863	0.6722353146547962	0.7978129403109765	0.6133467998354094	0.5604733226100076	0.24047432012867992	0.42659135400690784	0.2526789610843028	0.4261873589446252	0.21750645269891145	0.26635494208157207	0.5054352298657091	0.5554657788750483	0.7967505829249741	0.8040823451663985	0.35858551852267484	0.48723550168954727	0.3432237309692141	0.7575331363233956	0.608483896307934	0.5337747353458272	0.7515530118829412	0.41597276774024616	0.17193481215476503	0.19960099253107894	0.5409369194129603	0.12952530580181798	0.1344281100761855	0.7293332834573997	0.3747702589807853	0.660863601790546	0.6954525617526403	0.8208705844212522	0.46560929687402586	0.4426015286973653	0.6049227546478135	0.6867591865235227	0.4332946794847816	0.19550119078791506	0.5053903415254555	0.19305727004077358	0.5228219803239442	0.2886694347809823	0.8505068641753638
BioQ	0.07007818052594172	0.13972493422611254	0.0843127719797005	0.17823913016371776	0.12604895322884324	1.0	0.17917679771568223	0.058761331188668185	0.14096684497312933	0.14028853227596355	-0.0124914275739099	0.20324692327834512	0.20295265527001582	-0.14986969912343046	0.05643212508884151	0.13045299816705944	0.2058354842329705	-0.03324979114452799	-0.029793388944999315	-0.09801369094377735	0.08899612214616143	-0.09841269841269841	0.020531428072669236	-0.12710632302148406	0.166647963191561	-0.02981832691180688	0.15438347111559994	0.034865771393658276	0.036805945211286925	-0.028920560106734498	0.21878327659945884	0.08851232559009464	0.04116011421588798	0.13448297360316214	0.1332261000760608	0.13362011995162035	0.26596092220601253	0.18901731941794786	0.1336400703250664	-0.014740832179952368	-0.022237185002306762	-0.012715869275177994	0.10851756256312423	0.20856369780171824	0.23904786842728712	0.1814960286287859	0.1954014389206848	0.04833227346974401	0.07793862766368657	0.003079838900734423	0.020127433010386664	-0.04191324081347648	-0.04247185126996596	0.06869661716480255	-0.04513023853165252	0.0789261711492662	0.1391762989563461	0.21784560904749437	0.15351064227733513	0.07644733724859412	0.19940647638997994	0.11903140936919412	0.14606915298195738	0.15306175887479895	0.17894736842105263	0.21384555917156076	0.019778301475080737	0.1780695519894263	0.12298657090487412	0.006765670394892704	0.08505592339056597	-0.07958453347298594	0.11291163231461739	0.10484170625568898	0.1622090050998142	0.1414755794960037	0.19391014850559235	0.102781830197384	0.163635456801207	0.23876357560568087	0.17865808800608488	0.04434718637389494	0.0811855509420317	-0.04091572214117383	0.0013591191910123568	0.09733039065325004	0.07778401226947967	0.2074913652289929
BirA	0.07530019077544607	0.6413770745271138	0.037988004837965564	0.4533697427648724	0.8695794211897904	0.17917679771568223	1.0	0.4678337635132608	0.49491639546627764	0.3949400865347448	0.09760470828813327	0.5255252559258844	0.8281375079489769	-0.20177059564333719	0.33160263843688825	0.8523522737191237	0.346031746031746	0.1079789024800808	0.32870983428721057	0.025060162844923253	0.3655033105150937	0.09727053953291188	0.12706642227459194	0.38149353483210513	0.4818738388259205	0.17748101597276775	0.3968204092320353	0.4063417249591641	0.6110275689223058	0.5747178892504894	0.7396526141223706	0.42214740832179953	0.3780471078192995	0.7408296861556877	0.768256462050649	0.6939213705906557	0.33854038080275317	0.3974189204354169	0.685158169054477	0.3929550243768625	0.2577663063130463	0.3413434082719236	0.8704073616878016	0.8371052008129777	0.7689148243743688	0.6229229790895149	0.8051197645855933	0.618269554483223	0.616045087843988	0.10825322011496402	0.49919076297709447	0.1363533211137296	0.4577139365827504	0.23496801705756928	0.27084876370029554	0.5512961508248233	0.5539994264267635	0.7924512774473497	0.7786855197695732	0.3693886457437125	0.5038990511103629	0.41982318981533434	0.7026147458197733	0.6457711442786069	0.561914737091485	0.7327198593498672	0.4473048292372723	0.21260863601790547	0.2506140974326363	0.5091011109864213	0.16268282646915797	0.010331799648374667	0.7146248706342971	0.35640594022369354	0.7219067569421065	0.7665806306811805	0.8029900622202272	0.4886469906108555	0.45892093417623664	0.6334418134889462	0.6954924624995324	0.4218631155001933	0.24055910921582563	0.5310864225239716	0.18389506103567377	0.5758400977568299	0.3547999351612863	0.860003241935685
CadR-PbrR	-0.08193368994625869	0.22772104390329057	0.18687764186585867	0.13466751455753811	0.48875671766480877	0.058761331188668185	0.4678337635132608	1.0	0.34068005835484233	0.26876394967518297	0.001997531141286051	0.11334056534370753	0.44363396052319853	-0.05772391176947343	0.03439693761767603	0.4184466140475567	0.17002456389730544	-0.017618673549545504	0.10280676816419157	-0.11586927517799474	0.07094602177084502	0.11179441140163843	0.019194753051783687	0.13468247733762267	0.2564096809187147	0.12356513173480967	0.3670394892704398	0.21008491377697977	0.27271412361750147	0.27742241175077	0.31620593772989686	0.2705694584720508	0.10412848040499258	0.3592738064065637	0.37508946495592216	0.27454955797453834	0.21007493859025675	0.13398920186037233	0.3097420167333757	0.2515118642377087	-0.07777902467611815	0.0997244354667764	0.40764847441988056	0.3832491676953578	0.3945710046259928	0.41094028603847926	0.3435030361974588	0.31859000735670023	0.25888352722602526	0.08085636978017183	0.1775059539395753	0.07660195264280104	0.31122831955510666	0.034561528198605966	0.051469469694135836	0.3724360652875971	0.24418010199628423	0.324166136734872	0.3179067070661729	0.14529607601092284	0.2227933016621155	0.11462736443097794	0.27093854038080273	0.21429943016745845	0.3300764348682652	0.3768450978191748	0.15336101447648973	0.04317011434057781	0.11646279878801481	0.20719210962730208	-0.16289230539034152	0.06009800620955374	0.3648299854112894	0.242778588261699	0.42147408321799523	0.28164690332797165	0.38599733163755157	0.0801281811493909	0.41538423172358757	0.37686504819262084	0.23262384817765808	0.10788912579957356	0.013798177034626368	0.2592426339480542	0.031184927492861506	0.2205738226162421	0.24832479207970173	0.38827167421040165
CblR	0.034681230439282285	0.3572887442486814	-0.06951957006945224	0.30158730158730157	0.5238593997431389	0.14096684497312933	0.49491639546627764	0.34068005835484233	1.0	0.28208082395042333	0.060053117869300114	0.3045599072307635	0.4124615020137408	-0.02115487724285839	0.19795508672177958	0.4227309567450966	0.3817878028404344	0.19405977630643773	-0.024471626828264693	0.017798226910559982	0.27241486801581066	-0.11311612364243943	0.146104066135488	0.10959488272921108	0.24591578448609086	0.13406401576079502	0.23927729772191672	0.07616304442698786	0.2887492362747665	0.24660905996334118	0.4286861432187434	0.20962605518772054	0.11570967219042631	0.4297684509781918	0.3405753188942506	0.38135886981134426	0.13746056683998553	0.1947181386301575	0.34611154752553025	0.2707689622065113	0.09427299592264243	0.29552737565306303	0.4238631404381601	0.3590842778588262	0.4175039589022307	0.3634933103904039	0.4392797915185975	0.42731954263768873	0.3025249691392661	0.13059763837454333	0.13769997132133818	0.010491402635943092	0.10693649546752454	0.0585019763338695	0.2368882405017519	0.30960236411925335	0.2392972480953628	0.4562775096946346	0.369004601054876	0.12127083878851357	0.373902417735882	0.14252796169528298	0.4029252235065275	0.48409331787179394	0.37948852230077684	0.41171336300951383	0.2319106223269617	0.14225364406039975	0.21668848738762328	0.2574919886781631	0.08578909961470842	-0.12796917667302585	0.4304916520156112	0.18593498672053269	0.43218244616516416	0.46991358994501176	0.4056284991084677	0.1853364755171511	0.16640357111684684	0.39341887055948327	0.3007244479357598	0.15365528248481902	0.07432262247658948	0.20534171249018068	0.0124166136734872	0.29941769847504335	0.2465342460629185	0.47460691529819576
CcpA	-0.07573909899125925	0.5242135188718063	0.06712053766256437	0.29527300839162585	0.439274803925236	0.14028853227596355	0.3949400865347448	0.26876394967518297	0.28208082395042333	1.0	-0.053160263843688826	0.27914811905385356	0.440411975211661	-0.24174615643586578	0.12932580206735744	0.40907492612127333	0.22478335141335926	0.04511028815820646	0.18318183518497738	0.08673674235339593	0.27017543859649124	0.03933964263893565	0.16465791344031722	0.13388446239978055	0.1568872429830796	0.1269317572538311	0.13010386663175352	0.2705096073517126	0.27783638199977556	0.20586540979313955	0.507290614596192	0.23005025000311724	-0.027823289567201585	0.47578398733151284	0.41082058379780295	0.4486664422249654	0.08775919899250614	0.33522861881070837	0.3668300103492562	0.15525629995386475	-0.049449494382722975	0.0650606616042594	0.417623661142907	0.3914687215551316	0.4265464656666542	0.47706579882542177	0.4684522250900884	0.4170451003129715	0.2999912717116173	0.32007132258506965	0.08422299529919326	0.14123617501465105	0.26249953241312235	-0.013718375540842155	0.2810035037843365	0.1627726031496652	0.4058579284030973	0.46665669147994365	0.4180426189852741	0.16199453858526913	0.2436464295066023	0.17278270302622228	0.39763837454332346	0.21419469070686667	0.3221411738300976	0.4038229903115999	0.15069265202808016	0.13766007057444607	-0.02033691193157022	0.3088492375216649	0.13674235339592763	-0.1314455292460006	0.32957767553211387	0.3759323682340179	0.32776219154852304	0.285721767104328	0.4980735420641155	0.28857467050711355	0.2519358096734373	0.4572949787403833	0.3565306300577314	0.23083828975423634	0.20209977680519708	0.19188019800745645	-0.04972879961096772	0.2740009227047719	0.17730146261175325	0.44675120637414434
CsoR	0.14450304866644223	-0.026052693923864386	-0.004491327822042669	0.11598897741867105	0.1236549084153169	-0.0124914275739099	0.09760470828813327	0.001997531141286051	0.060053117869300114	-0.053160263843688826	1.0	0.013897928901856631	0.08130525318270801	0.026631254753799922	-0.04359405977630644	0.13844312273220363	-0.015763288819062582	-0.030252247534258533	-0.04304542450653998	-0.0753500667090612	0.07338994251798651	-0.18725669896133368	0.32679459843638947	0.012002643424481601	0.1530068953478223	0.0911357996982506	-0.023085075873764013	0.04675619396750583	0.09955485729248495	0.17058816194715645	-0.03558398483771618	0.1394805421513984	-0.13702165862417237	0.1932567737752341	0.08112569982169354	0.133305901569845	-0.08886644471876208	0.22465367398595992	0.1359443384580855	0.11488671928577664	0.17318669808850484	0.04273120612476465	0.05796830384418759	0.08220800758114191	0.21290789161959625	0.03247172658013192	0.0804324243444432	0.07902093542313496	0.07041733687452462	-0.05101559869823813	-0.043439444382099526	0.17095724385590844	0.2434170002119727	0.17651342286063418	0.11874711654758788	0.2426937991745533	0.04224242197533635	0.1264030723575107	0.25707801842915745	0.2137557824910535	0.1301387797852841	-0.04073118118679784	0.1987930024065138	0.10843776106934001	0.038955597950099126	0.1826381875085724	-0.04725994089701867	0.09536527886881382	-0.07872167982144415	-0.003184578361326201	0.11169465953440816	0.23825982867616805	0.11742041671342536	0.04800309230788414	0.060377311437798474	0.15979500991284182	0.05599820446638985	0.07554458285016023	-0.06994351550518087	0.04850185164403546	0.09421314480230426	0.038391999900248136	-0.06486115786979887	-0.08296612177209192	0.15731617601216974	0.06202820484045936	-0.018157333632588934	0.1479295253058018
CueR	0.051050511851768725	0.4569209092382698	-0.03294554794947568	0.2756617912941558	0.5166922280826444	0.20324692327834512	0.5255252559258844	0.11334056534370753	0.3045599072307635	0.27914811905385356	0.013897928901856631	1.0	0.5312659758849861	-0.029484158156585494	0.19284779111959002	0.479614459033155	0.2556266287609571	0.05570892405142209	0.1761842416987743	-0.04649185151934563	0.11106123517749598	0.07663686579633162	0.058541877080761605	0.18370553248793625	0.4662626716043841	-0.01582313993940074	0.2269030785920024	0.1197745607800596	0.4389855235102682	0.44924999064826243	0.49191386426264666	0.28477911195900196	0.22818987767927282	0.4318632401900273	0.46183368869936037	0.4403970124315765	0.22612501402760632	0.22666367411064975	0.4931757253831095	0.14417386750458236	0.23042930709859225	0.36306437736131375	0.566618037631392	0.5123879350116585	0.48872180451127817	0.37122408010074937	0.5092357760071822	0.23325727253457026	0.37885011035050314	-0.014775745333482962	0.3761817479020935	0.017927904337959325	0.10719086272896171	0.23908776917417923	0.15040835920647389	0.30078429905609794	0.32074963528223543	0.42731954263768873	0.4426414294442574	0.151011858003217	0.3519420441651392	0.39179291512362996	0.5960697764311276	0.39803239441888305	0.27447973166747713	0.3729148742503024	0.20577064551927082	0.19264828738512949	0.11835808426538984	0.17767553211386675	0.1642688811581192	-0.0061372336313420366	0.4189852741306001	0.3195226873153032	0.3626404319255851	0.4295240589034776	0.518796992481203	0.3595032357011933	0.110313096173269	0.25533236075262783	0.41069589396376516	0.25419518946620284	0.16727141236175014	0.26181124452923354	0.04095063529470442	0.5589870197882767	0.02642676342597788	0.5423783338944376
CzrA	0.042676342597788006	0.6192720607488872	0.062646666417287	0.48560954625369396	0.8247010561228943	0.20295265527001582	0.8281375079489769	0.44363396052319853	0.4124615020137408	0.440411975211661	0.08130525318270801	0.5312659758849861	1.0	-0.11652763750171448	0.3323807030012843	0.8181024701056123	0.35175251561740173	0.15354555543086573	0.309851743787329	0.1144976870035786	0.3669297622164865	0.12980959862342423	0.20132669983416251	0.38918939138892006	0.45280115712165986	0.22892305390341525	0.38085512288183143	0.3982867616803202	0.5817653586703077	0.5610718338133892	0.7151884686841482	0.42619733413134825	0.23360141647651467	0.7375029613835584	0.7504806793102159	0.7125999077295229	0.2480804000049876	0.41713487699347873	0.693457524408035	0.35210164715270764	0.21174079477300214	0.2776767790122071	0.7677976034613898	0.8230800882804025	0.7562363620494021	0.6190675694210651	0.7612588685644459	0.5682639434406913	0.5936906943976857	0.10870210351750022	0.3970049501864113	0.18364069377423659	0.4002817990249255	0.2730133792191923	0.2737964313769498	0.44871631815858054	0.5428521552637814	0.8192695669522064	0.7598872803900298	0.39073554533098914	0.4654097931395653	0.425923016496465	0.6999314205912792	0.6651379693013628	0.48325041459369816	0.7041309742016734	0.43521989052232574	0.2026733500417711	0.21082806518784525	0.5064477113180962	0.1384281599521191	0.08278656841107744	0.7849648998117184	0.39878053342311004	0.6999912717116173	0.7066945971894911	0.8380428683649422	0.48833775982244165	0.370520829436776	0.5954064265140463	0.6994176984750433	0.4408658462075587	0.27327273407399094	0.4901632189927555	0.0964824997817928	0.5632863252659011	0.24073866257684012	0.8228107582388808
DasR	-0.05044202546166411	-0.20015960298756844	-0.012670980934924376	-0.12334567762690307	-0.1568822553897181	-0.14986969912343046	-0.20177059564333719	-0.05772391176947343	-0.02115487724285839	-0.24174615643586578	0.026631254753799922	-0.029484158156585494	-0.11652763750171448	1.0	0.06888115811917854	-0.20116210925323258	-0.12641803513759522	0.061025698574795194	0.013703412760757615	-0.04606291849025549	-0.008326787117046347	-0.06676143094053542	-0.07652713874237833	-0.07709572438559084	-0.016167283881345154	-0.0026858190251748777	0.14655294953802417	-0.20464843701293034	-0.19681292784199303	-0.15272260252621603	-0.10357485754186462	-0.16486240476813926	-0.13739572812628587	-0.24223992817865558	-0.08798364069377423	-0.12755520642402024	-0.021658624172371226	-0.139699996259305	-0.15178493497425155	-0.0921532687439993	0.13640319704734474	0.09858726418035138	-0.13534582725470393	-0.13724610032544046	-0.10592401401513735	-0.04009276923652415	-0.1232409381663113	-0.0735345827254704	-0.2291624583847679	-0.19351612863003279	-0.05806805571141785	-0.06457686504819263	-0.09375927380640657	-0.006561179067070662	0.11149016820658612	-0.03677103205775633	-0.08278656841107744	-0.10637788501103505	-0.16694721879325178	0.007603586079626928	-0.0303919001483809	-0.11424830733550294	-0.12664746443222485	-0.14640332173717877	-0.19399493759273806	-0.1267871170463472	-0.0035985486103317994	-0.021823214753301165	0.03408770682926221	-0.22455890971209116	-0.1683786580880061	-0.03757403458895996	-0.08894125861918478	-0.045264903552413374	-0.014247060437162559	-0.04531976707939002	-0.1822890559732665	-0.08948989388895123	-0.015863040686292847	-0.11966483372610631	-0.14519632414369257	-0.1545580368832529	-0.16637863315003928	-0.03353408396613424	-0.00170326313295677	-0.16854823626229753	0.03533959276300203	-0.1762989563460891
ExuR_UxuR	-0.0925672389930049	0.18827416800708238	0.014795695706929015	0.30884424992830334	0.3447449469444756	0.05643212508884151	0.33160263843688825	0.03439693761767603	0.19795508672177958	0.12932580206735744	-0.04359405977630644	0.19284779111959002	0.3323807030012843	0.06888115811917854	1.0	0.3933041559121685	0.1889524807042482	0.07676654322373097	0.2165039464332473	-0.0273394930111348	0.20833925610045012	-0.0804324243444432	0.03685582114490206	0.19512712128580156	0.07505579870073192	0.2848240002992556	0.12648786144465643	0.08775919899250614	0.1893764261399768	0.2702003765632988	0.38500978815197195	0.2146984376363795	0.01965859923440442	0.40595269267696604	0.3383807778151847	0.41379817703462635	-0.0720333171236549	0.11867729024052669	0.36490978690507364	0.35224129976683	0.1443434456788738	0.17907704584845197	0.3410341774835098	0.4118480280302747	0.35619646130251	0.31243032955523137	0.3902567363682839	0.22082320228431776	0.15027868177907455	0.11032805895335353	0.32391675706679635	0.11738550355989476	0.17386501078567065	0.08388383895061036	0.2905846706318034	0.32380703001284306	0.3872192920111223	0.47834761031933065	0.42231698649609095	0.19587526029002855	0.2576964800059851	0.31597650843526726	0.32674971009613585	0.22846918290751755	0.2424244691330316	0.38205713288195614	0.10844773625606305	0.06787366426015287	-0.011334305914038828	0.3116572525841968	0.09538024164889837	0.009159715208419057	0.32273469744011773	0.0795296699460093	0.2754822379331413	0.47894612152271226	0.39555356051821094	0.2413321861868602	0.27158193992443797	0.17733637576528385	0.42431701143405776	0.32455516901707004	0.24085337722415492	0.27670918590007354	0.2884100799261836	0.2370129303357897	0.22245414531353258	0.38499482537188745
FUR	0.04394319131161237	0.6081347647726281	0.023858152844798565	0.4424319505230739	0.8370154241324704	0.13045299816705944	0.8523522737191237	0.4184466140475567	0.4227309567450966	0.40907492612127333	0.13844312273220363	0.479614459033155	0.8181024701056123	-0.20116210925323258	0.3933041559121685	1.0	0.33679971071958503	0.1251561740171324	0.28709335527874413	0.17009439020436665	0.4337036621404257	0.12926096335365778	0.11722091297896482	0.3866507063679098	0.40093517375528376	0.24828489133280965	0.3643362136684996	0.4252696417661068	0.5509170937293483	0.6390528560206487	0.6900260601753139	0.501265601815484	0.29445504308033765	0.7599371563236449	0.8199778052095412	0.7146099078542126	0.27752715121136173	0.45278619434157535	0.708684646940735	0.49411838052843554	0.31092906395341585	0.29075923639945633	0.824396812927842	0.8439481789049739	0.7523759647875908	0.6692078454843576	0.8239229915584982	0.6257010685918777	0.5967181635681242	0.19759597999975062	0.4599433908153468	0.19599496253070486	0.4461776331375703	0.301921470342523	0.3132383196797965	0.4694746817291986	0.6150774947318545	0.8278532151273706	0.8031347024277111	0.46342971857504456	0.49281661866108056	0.411967730270951	0.7296923901794287	0.5894312896669535	0.5386027257197721	0.7296425142458135	0.41605256923403033	0.1699996259304979	0.23053903415254554	0.6019800745645207	0.213197172034564	0.06222272098155837	0.7495031110113592	0.400850384668138	0.7121210987668175	0.7225351937056572	0.8293295427623786	0.5510717091235552	0.4337335877005948	0.5944537961819972	0.7269990897642116	0.4791556004438958	0.21651890921333183	0.44075113156024387	0.20168580655619148	0.6019401738176287	0.320026434244816	0.8622426713550044
FabR	0.0019177296475018392	0.3443609022556391	0.13740071571964738	0.2680008478908715	0.3904412773226599	0.2058354842329705	0.346031746031746	0.17002456389730544	0.3817878028404344	0.22478335141335926	-0.015763288819062582	0.2556266287609571	0.35175251561740173	-0.12641803513759522	0.1889524807042482	0.33679971071958503	1.0	0.06600830434294692	0.08964450928315815	-0.030252247534258533	0.2686891357747603	-0.014022618735894462	0.019085025997830397	0.2529133779722939	0.11301637177520917	0.049848501851644036	0.2574570755246325	-0.04704048678911208	0.26422025212284445	0.29534782229204853	0.327178643125226	0.0727465429743513	-0.011917854337335877	0.3419518946620282	0.3589895135849574	0.3681367598099727	0.06599334156286238	0.13939575306425267	0.3729398122171099	0.1713911644783601	0.015339343383333957	0.2598012444045437	0.2833975485978628	0.32730333295926384	0.4265763912268233	0.25167645481863865	0.37587251711367975	0.2119053853539321	0.3455878502225714	0.14292696916420405	0.3204304293070986	-0.04713026346961932	-0.027868177907455206	0.008586141971845035	0.08385890098380279	0.1614558785022257	0.174558286262921	0.4059826182371351	0.3078517188493622	0.05444207533759773	0.2368084390079677	0.26449955735108915	0.3726754697689497	0.44664147932019105	0.399354106659684	0.364844948191374	0.14681729198618437	0.19787029763463385	0.08145986857691492	0.27178643125226	0.07507076148081647	-0.04831731068965947	0.3703662140425691	0.15188468684148182	0.2746991857753837	0.26212546291100886	0.36085986109552487	0.2824598810458983	0.14791955011907879	0.3299617202209504	0.39027169914836846	0.23363632963004527	-0.053828601354131596	0.31916856818663575	0.03075599446377137	0.4140026683624484	-0.034985473634334595	0.37628648736268533
FadP	0.027389368944749935	0.1608872928590132	0.0015885484856419656	0.0793800421451639	0.15284230476689237	-0.03324979114452799	0.1079789024800808	-0.017618673549545504	0.19405977630643773	0.04511028815820646	-0.030252247534258533	0.05570892405142209	0.15354555543086573	0.061025698574795194	0.07676654322373097	0.1251561740171324	0.06600830434294692	1.0	0.034237334630107606	0.2838314692203145	0.2958814947817304	-0.0559034401925211	0.23890821581316476	0.06538984276611928	0.05701567351213856	0.08060699011209616	0.07387872666741481	0.16353071734061522	0.16856818663574358	0.2399356600456365	0.20073317622414244	-0.05022755894711904	-0.01841170089402611	0.17319667327522786	0.07419294504919013	0.2852429581416227	-0.13386949961969602	0.08090125812042544	0.12425341961869849	0.0603872866245215	0.023718500230676193	0.10493647052955772	0.07864686592102146	0.15139590269205352	0.12356014414144814	0.0837491739298495	0.16738113941570343	0.23383084577114427	0.07922542675095699	0.0694647065424756	-0.035943091559745136	0.1752764997069789	0.012670980934924376	-0.0022618735894462524	0.10929063953415878	-0.04641703761892293	0.2104789336525393	0.1310714597438871	0.21036920659858602	0.2498958839885784	0.19674808912829336	-0.1576453571740296	0.23951670220326937	0.14428359455853565	0.10742029202359131	0.23496801705756928	-0.052422100026184866	0.15273257771293908	-0.04970884923752166	0.27741243656404696	0.1905086098330403	0.08037756081746655	0.08701604758164067	0.11065225252185189	0.1258843626479133	0.17552089178169303	0.1934463023229716	0.1700046135238594	0.005259417199715707	0.16516664796319155	0.20570580680557113	0.23624484095811668	0.1310764473372486	-0.04192820359356102	-0.007254454544321002	0.0015985236723649922	-0.09199865334979239	0.23931221087544732
FadR	-0.12099652115363034	0.1990224317011434	-0.16792478709210837	0.1568872429830796	0.271038292248033	-0.029793388944999315	0.32870983428721057	0.10280676816419157	-0.024471626828264693	0.18318183518497738	-0.04304542450653998	0.1761842416987743	0.309851743787329	0.013703412760757615	0.2165039464332473	0.28709335527874413	0.08964450928315815	0.034237334630107606	1.0	-0.04182346413296924	0.08860210227060188	0.15055299941395778	0.09334530355740096	0.27015050062968365	0.13468746493098419	0.1669571939799748	0.1279941146398334	0.08964450928315815	0.2802753151535555	0.21935186224267136	0.2137557824910535	0.31480941158867315	0.059404730732303394	0.2692277958578037	0.26470404867891123	0.2943203780595768	0.1376800209478921	0.05420267085624509	0.22717240863352411	0.040970585668150476	0.06760932181199267	0.023992817865559422	0.3137769797628399	0.2734822129951745	0.28201598523672367	0.22296786742976846	0.26370653000660854	0.2113816880509732	0.15672763999551118	0.0055187720545143955	0.35387224279604484	0.02695544832229828	0.20841407000087284	0.015289467449718824	0.054796194466265165	0.27614060025686105	0.20492275464781357	0.25496826643723736	0.30657489494881485	0.04541453135325877	0.19635406925273383	0.139330914350553	0.1700794274242821	0.12404892829087645	0.24384094564770134	0.31801144652676466	0.10214840584047183	0.11680195513659772	0.06407311811867979	0.12348034264766393	0.18416439107719548	0.1659347373408646	0.21049888402598535	0.09564458409705856	0.26943228718562573	0.27448471926083867	0.26855945834736095	0.1103579845135226	0.21067843738699985	0.1676305190837791	0.262554395940099	0.12885198069801368	0.1494607164677864	0.20507737004202048	0.03690569707851719	0.15381488547238745	0.08782403770620581	0.28057457075524633
FixJ	0.0010199628424294568	0.0886120774573249	-0.03888078404967643	0.03985835234853302	0.07995361538173792	-0.09801369094377735	0.025060162844923253	-0.11586927517799474	0.017798226910559982	0.08673674235339593	-0.0753500667090612	-0.04649185151934563	0.1144976870035786	-0.04606291849025549	-0.0273394930111348	0.17009439020436665	-0.030252247534258533	0.2838314692203145	-0.04182346413296924	1.0	0.22835446826020275	-0.062302522475342584	0.011513859275053304	0.10067207820546391	-0.03196299205725757	-0.03549420815720894	0.017578772802653398	0.14175488472424844	0.017833140064090574	0.1702390304118505	0.09491639546627763	0.11351014351799897	0.05688599608473921	0.16366538236137607	0.14611902891557252	0.1487175650569209	-0.012112370478434893	0.07046721280813975	0.1080138156336114	0.03228219803239442	0.07144478110699634	-0.08106086110799386	0.12359006970161723	0.10063716505193332	0.023523984089577177	0.1441140163842442	0.0929063953415878	0.19684784099552363	0.05118018927916807	0.10218830658736393	0.05953939575306425	0.09422810758238881	0.04720507737004202	0.16068280153119116	-0.020576316412922853	-0.09381912492674473	0.18296238107707077	0.13158019426676143	0.11954014389206848	0.24603049913340566	0.07619296998715695	-0.0647614060025686	0.10720582550904625	0.029658723924238458	0.07480143143929475	0.11708624795820397	0.04160401002506266	0.02215738350852255	-0.043229965460915974	0.20867841244903304	0.14684222995299193	0.02540929438022918	0.09975934862030698	0.0335939350864724	0.03395802940186286	0.07504083592064739	0.1646130251000636	0.11479694260526939	-0.15057294978740382	0.14011396650831057	0.10789910098629658	0.1346974401177072	0.027234753550543025	-0.10345515530118829	0.07622788314068754	0.020835671267721543	-0.08926046459432163	0.11645282360129179
FnrN_FixK	-0.024262147907081137	0.40883053404655917	0.012665993341562862	0.15240838414444072	0.4195289218070051	0.08899612214616143	0.3655033105150937	0.07094602177084502	0.27241486801581066	0.27017543859649124	0.07338994251798651	0.11106123517749598	0.3669297622164865	-0.008326787117046347	0.20833925610045012	0.4337036621404257	0.2686891357747603	0.2958814947817304	0.08860210227060188	0.22835446826020275	1.0	0.041314729610094886	0.08038254841082806	0.2750632800907742	0.13079714210900387	0.18344617763313756	0.3108592376463547	0.37234628860708985	0.21491290415092457	0.3429294629608848	0.43555904687090863	0.2247284878863826	0.0456140350877193	0.4614596191972469	0.37174278981034675	0.4919687277896233	0.0769261462112994	0.19586029750994402	0.3473035823389319	0.193965012032569	0.19155101684559658	0.10633299667078143	0.3466502076085737	0.45573884961159117	0.49537525405553684	0.33936333370740285	0.42969363707776903	0.4760233918128655	0.2386588361450891	0.21112233319617452	0.1044776119402985	0.18193493684459905	0.133305901569845	0.12279704235713662	0.343961894786718	0.12242297285502313	0.3953490691903889	0.48851232559009466	0.4568810084913777	0.3917679771568224	0.4190501128442998	0.17649846008054965	0.3658823676105687	0.38032145039214954	0.2651479444880859	0.42511003877853837	0.26057930896893977	0.14239828426788365	0.03742440678811457	0.4130999139640145	0.2265290090898889	0.12469731542787317	0.4211498896494969	0.13587451215102433	0.2896170775196698	0.39112956520654873	0.4271449768700358	0.4673998428908091	0.26219528921807006	0.3090088405092333	0.4915447823538947	0.4327310814349306	0.0744074115637352	0.2947044227484133	0.14601927704834225	0.2661055624134964	0.10453247546727515	0.4923328221050138
FruR	0.005254429606354194	0.10262222720981558	0.2243793563510767	0.12413371737802217	0.05708549981919974	-0.09841269841269841	0.09727053953291188	0.11179441140163843	-0.11311612364243943	0.03933964263893565	-0.18725669896133368	0.07663686579633162	0.12980959862342423	-0.06676143094053542	-0.0804324243444432	0.12926096335365778	-0.014022618735894462	-0.0559034401925211	0.15055299941395778	-0.062302522475342584	0.041314729610094886	1.0	-0.2385540966844973	0.016371775209167196	-0.003693312884200551	0.11234304667140488	0.13621366849960723	0.1050412099901495	0.07335502936445591	0.10705619770820085	0.05927006571154254	0.01990797890248008	0.14982481078317686	0.043544183842691306	0.14875746580381302	0.02953902168356214	0.14290203119739647	0.05229242259878552	0.04122495292958765	-0.07461689048491876	0.005758176535867031	0.0688612077457325	0.13772490928814574	0.10859237646354693	0.12634820883053405	0.008950236287235501	0.09688649484407537	-0.038531652514370504	0.16777017169790148	-0.09207346725021509	0.09577924911781942	-0.029424307036247335	0.08811830571453509	0.07273656778762827	-0.1151011858003217	0.13534083966134242	0.009593635830870709	0.025139964338707466	-0.017758326163667876	-0.010541278569558225	0.07570917343109017	0.09396875272759012	0.1304031222334443	0.013384206785620769	0.08929039015449071	0.01756381002256886	0.1651018092494919	-0.07968927293357772	-0.15823888078404968	0.06691604633474232	-0.21524707290614598	0.007518796992481203	0.09922567613062507	0.09214828115063779	0.17147096597214428	-0.01294031097644609	0.07497599720694771	0.09887654459531914	0.12219354356039352	0.04321001508746992	-0.018556341101509995	0.04252172720358109	-0.0572201648399606	0.15588473671741543	-0.1060586790358982	0.19372560755121634	0.00409232035312161	0.1080936171273956
