	AcnR	AgaR	AmtR	AraR	ArgR	BioQ	BirA	CadR-PbrR	CblR	CcpA	CsoR	CueR	CzrA	DasR	ExuR_UxuR	FUR	FabR	FadP	FadR	FixJ	FnrN_FixK	FruR	GguR	GlcC	GntR	GulR	HcpR	HexR	HisR	HrcA	HutC	HypR	Irr	IscR	KdgR	LexA	LiuQ	LiuR	LldR	LtbR	MerR	MetJ	MetR	MntR	ModE	NadQ	NagC	NagQ	NagR	NarP	NiaR	NifA	NikR	NmlR	NnrR	NorR	NrdR	NrtR	NsrR	NtrC	PaaR	PdhR	PdxR	PhnF	PhnR	Phr	PhrR	PhsR	PrpR	PsrA	PurR	QorR	RbkR	RbsR	Rex	RutR	SahR_SamR	SdaR	SiaR	SoxR	ThiR	TrpR	TtrR	TyrR	VanR	XylR	ZntR	Zur
AcnR	1.0	-0.0970930331182747	-0.0025162424866130243	-0.39881595241191736	-0.3306229537859554	0.14442100977659159	-0.2942646634737717	-0.07671429621545821	0.006542230465193864	-0.09198138546007656	-0.03513126869511623	0.21068017709823525	-0.2709003624520076	-0.03936081786362531	-0.2472533375553432	-0.5478001255294005	0.009629575179105575	0.08657570497198207	0.10092676886192331	0.2570242746718989	-0.2252008753131167	0.2103295994933588	0.2400156063578945	-0.08650785124200598	0.1405194203029669	-0.29305460528919824	0.005942855850405143	-0.13707018902918275	-0.1985230504775206	0.2084862398290086	-0.2559951597672617	0.19239359686968124	0.010228949793894295	-0.31812655851536037	-0.4963217623875466	-0.2592860656711017	-0.024297289808935207	0.13704757111919072	-0.1748647166258602	0.12632668178296985	0.034136080655467034	0.24469751372624413	-0.48983042221983475	-0.2780250040994962	-0.15943930201129763	-0.18499754030228838	-0.5223097409683858	-0.07811660663496389	0.035052106010144135	-0.01424362881747912	-0.02880956285234463	0.14287168294213773	-0.2284578543519686	0.13894747555852102	0.16199512584039671	-0.10035001215712662	-0.0759565962307253	-0.38265545572261395	-0.35904235769093756	0.12200666097449266	-0.10937455824394547	-0.16501461682433236	-0.04138512080791174	-0.18623021639685386	-0.053564865338618387	-0.4197601370645346	-0.04900735647522491	0.06989499635286202	0.0022335186117126847	-0.326121989697542	0.23555987808946513	-0.006734482700126095	-0.24512725401609264	0.09311228095967793	-0.01842794216600415	0.1369344815692306	-0.38389944077217547	-0.0363526358346857	-0.10352782851100643	-0.13348525029544644	-0.3129809839921742	0.026118031563293394	0.14158246207259217	-0.100655353942019	-0.0034435767962861393	-0.2566284612470385	0.04723185054085077	-0.3076770840990438
AgaR	-0.0970930331182747	1.0	0.25529400455750884	0.08425736919779928	-0.03403430006050291	0.026626934538114006	0.004427455880939322	0.06392386811496684	0.1322073383808969	-0.03621692837473353	-0.047141378900882665	-0.07690654845039044	0.12422321615371132	-0.012943098992937557	-0.053723190708562574	-0.053101198183781825	0.31934792565492987	-0.04256125212749716	-0.03914594771870105	0.014831694477271827	0.12528625792333659	0.19016573273546658	-0.033649795590638444	0.13908318301847317	0.165557446664141	-0.025767453958416973	0.015069182532188113	0.13355310402542253	-0.06236323232551696	0.14462457096651984	0.07344600822161028	0.11804852672588789	0.01920826006072909	0.19466669682388	0.033728958275610545	-0.018755901860888543	-0.10845853288926836	0.15879469157652487	0.019310040655693212	0.08896189447614093	0.11076555970845514	0.0736269515015465	0.04628189832118563	0.0115634064834239	0.12772899220247552	0.06583508150929314	0.04751457441575111	-0.029997003126926058	0.2963455111930382	-0.177194361355039	0.15695133191217467	0.1770473449400908	0.18338035973785843	-0.05987526222639397	0.20753628760934345	0.23896387354326523	0.1305449219964829	-0.02752034198279908	0.11277855369774556	-0.037890653714143546	0.1354416995097568	0.18198935827334875	0.19696241468807074	0.19008657005049448	0.16019700199603057	-0.017059558611486506	-0.2285257080819447	0.19090081481020746	-0.17718305240004298	0.17039767940243483	-0.0663100576191257	-0.2076493771593036	0.059739554766441806	-0.16495807204935228	-0.08778576315655552	0.09903817337758905	-0.037110335819418604	-0.042018422287688505	0.05992049804637802	0.051370928069391746	0.16085292138579935	0.029080977772248957	0.029454173287117403	0.11777711180598356	-0.0024710066666289703	0.08208604983856467	-0.05379104443853866	0.05341784892367021
AmtR	-0.0025162424866130243	0.25529400455750884	1.0	0.1205478057800069	0.018201763066083877	-0.19680408931812657	0.08098908120395135	0.11052807165353885	0.1595637005162538	-0.09095227055543932	-0.04397487150199886	-0.06419528303487117	0.009346851304205235	0.024546086818847505	0.16805672571826	0.1135588715924705	0.18064359262882312	-0.1125636835528213	0.008035012524667658	-0.23386353484006311	0.13997659046315825	0.048249656490491996	-0.14065512776291908	0.07291448733679765	-0.020961148085111195	-0.008476061769512188	0.018133909336107798	-0.0292845389621772	-0.09940005993746148	0.04344335061718622	-0.030969573256583227	-0.10071189871699905	-0.024150273393987027	0.2441886107514235	0.22281468580895783	0.06434229944981934	-0.07864812751977654	-0.1463322231709179	0.16479974667940808	-0.058484260761884295	0.13605238307954154	-0.10140174497175589	0.13501195921990827	0.0188011376808726	0.020463554065286597	0.22609428275780177	0.0451736207315763	-0.1561710140174497	-0.024048492799022905	-0.11990319534523412	-0.04006197307337815	0.02211466149470458	0.17137024953209198	0.10497537475049618	0.19248406850964936	0.10126603751180373	-0.03686153880950631	0.11271069996776947	0.06471549496468779	-0.050986423599527285	0.15826317069171222	0.16716331827357492	0.13299896523061785	0.1762104822703858	0.011540788573431871	-0.017127412341462585	-0.17838180162962042	-0.12297923110414982	-0.17726221508501508	-0.007356475224906843	-0.22507647680816054	-0.05830331748194808	0.01244550497311296	0.038942386528772806	-0.04378261926706663	0.12451724898360766	0.09078263623049912	-0.006542230465193864	0.12455117584859571	0.2569903478069109	-0.02573352709342893	0.08949341536095357	0.08667748556694618	-0.01641494817671373	-0.014922166117239937	0.0036358290312183705	-0.09643711372850591	0.08045756031913871
AraR	-0.39881595241191736	0.08425736919779928	0.1205478057800069	1.0	0.3781884184991886	-0.13189068764100853	0.34396752068125147	-0.052264335514076825	-0.061684695025756145	0.029680352387037676	-0.10343735687103833	-0.22218138432918105	0.22907984687674934	-0.022691418199501275	0.1169741760012666	0.3792966960887979	-0.07416978134135516	-0.055430842912960625	-0.18574393133202527	-0.1626397362751695	0.04290052077737757	-0.21060101441326315	-0.28234502490797336	0.01829223470605199	-0.20072829670174328	0.29955725441190606	-0.07605837682568942	0.18863902381100475	0.03440749557537136	-0.2031710309808822	0.31652068690592644	-0.15084449621432733	0.06436491735981137	0.31260778847730575	0.37874255729399325	0.24237917795206135	0.05419816681839515	-0.2973293902776914	0.2607901566855715	-0.20519533392516864	-0.028583383752424356	-0.28175695924818067	0.22537050963805688	0.2810897309034159	-0.08698282735183856	0.15047130069945885	0.40427817767499197	-0.0021543559267405894	0.06344889200513426	0.16337481834991038	-0.007593963279823128	-0.0018263962318561954	0.29114339189487193	-0.023765768924122566	-0.04912044602518504	0.08588585871722523	-0.01789642128119151	0.31311669145212634	0.22549490814301304	-0.012592521388061136	-0.09353071229453043	0.13479708907498403	0.11124053581828772	0.20833922341406041	0.011676496033384035	0.30227140361094934	0.19166982374993638	-0.06667194417899815	0.004755415575823716	0.27327524300117045	-0.22984885581647826	-0.03380812096058264	0.011269373653527546	0.10368615388095064	0.00857784236447631	-0.0979977495179558	0.41476157895629656	-0.0409327626080712	0.26468043720420015	0.10476050460557192	0.28438063680725584	-0.06796116504854369	-0.04390701777202278	0.05272800266891338	0.1753849285556768	0.07459952163120367	0.17349633307134255	0.2706854923070834
ArgR	-0.3306229537859554	-0.03403430006050291	0.018201763066083877	0.3781884184991886	1.0	-0.27742562948470745	0.507483700968612	-0.09112190488037952	-0.14698814256068668	0.10804010155441586	-0.13970517554325393	-0.24624684056069798	0.5348287541489729	-0.11357018054746651	0.2898315531153344	0.5316283198851011	0.06744095311872707	-0.32084070771440365	-0.21823455903557232	-0.3013440693012762	-0.0638899412499788	-0.32591842850761377	-0.3265178031224025	-0.12176917291957637	-0.1465018574958581	0.3474167519550356	0.022691418199501275	0.41597163714087	0.05037574002974255	-0.1238839475038309	0.31195186908753697	-0.16327303775494625	0.27230267287151333	0.4728330628608263	0.5403475241870275	0.18422853136255946	0.17331538979140632	-0.2256984693329413	0.16102255571073956	-0.1632278019349622	-0.07414716343136313	-0.20577209062996535	0.4352760233190652	0.6270080463214797	0.2019948996612968	0.30733781544916344	0.5088181576581416	0.11803721777089188	-0.09168735263018021	0.2467444345805226	0.09911733606256114	-0.13384713685531888	0.17989720159908623	-0.21284018750247383	-0.19364889087423875	0.031444549366415796	0.006791027475106163	0.5366155690383431	0.6212970240484929	-0.013180587047853843	-0.0022109007017206573	0.0701437933627743	0.11050545374354682	0.3605577576604034	-0.06854923070833639	0.528269560251285	0.32340784049849874	0.14097177850280745	-0.18730456712147514	0.23090058863110755	-0.19671361767815845	0.1633974362599024	0.3135690496519669	-0.006847572250086231	0.2560403955872458	0.10094938677191534	0.6604938620646759	0.02268010924450526	0.32633685984246624	0.053564865338618387	0.5259286065671102	0.26734935058325937	0.0380150522190997	0.21869822619040888	0.017579770541303132	0.1493290962448615	0.05261491311895324	0.5738220309752278
BioQ	0.14442100977659159	0.026626934538114006	-0.19680408931812657	-0.13189068764100853	-0.27742562948470745	1.0	-0.270391459477187	0.07419239925134719	-0.0010460783371312574	-0.12855454591718452	0.20002714149199044	0.17731875985999515	-0.2850139382870326	0.19273286551956167	-0.16518425114927254	-0.43171370249532093	-0.016403639221717718	0.12873548919712074	0.11087864925841527	0.14481682320145206	0.07821838722992802	0.2585736015063528	0.10646815680996997	0.014062685537542903	0.16683535857869053	-0.35367060406783113	0.1003387032021306	-0.30734912440415946	-0.05987526222639397	0.21010342039343854	-0.2326874035204777	-0.006236888680301497	0.004099496186054928	-0.24995617779939044	-0.19719990274298704	-0.1575620154819594	-0.14257765011224138	0.30437486924020785	-0.17925259116431347	0.08305861996822184	0.09979587336232196	0.045264092371544405	-0.2869251516813589	-0.42938405776614214	-0.12349944303396644	-0.1268808205777745	-0.49716993401224757	0.03447534930534744	-0.08602156617717739	0.07574172608580104	-0.06355067260009839	0.1274575772825712	-0.2178839814306959	0.18401366121763518	0.15684955131721054	-0.0642179009448632	-0.2341801855799515	-0.41211528348722937	-0.3712334111766402	0.1337792831253428	0.1756902703405692	-0.24906277035470537	0.0787838349797287	-0.14696552465069465	0.09982980022731	-0.3564073711768664	-0.24580579131585345	0.0052869364606363545	0.21146049499296019	-0.051303074339415666	0.143912106801771	-0.12014068340015041	-0.14171816953254435	0.041419047672899785	-0.13763563677898344	-0.057907504057087604	-0.3179343062804282	0.055362989182984546	-0.18434162091251957	-0.1293687906768975	-0.24797711067508807	-0.283656863687511	0.18533680895216878	-0.041226795437967555	0.034113462745475005	-0.041826170052756274	0.1903353670604068	-0.3406766147774115
BirA	-0.2942646634737717	0.004427455880939322	0.08098908120395135	0.34396752068125147	0.507483700968612	-0.270391459477187	1.0	0.07705356486533863	-0.03438487766537933	0.26824275802794445	-0.02852683897744429	-0.2601455462507987	0.5178653216549525	-0.16559137352912903	0.17867583445951676	0.536559024263363	0.07049437096765074	-0.4235260190782071	-0.20587387122492945	-0.33573460144415357	-0.040220298443322346	-0.3766051647997467	-0.2774708653046915	-0.05275062057890541	-0.1879378686012519	0.31209888550248516	-0.1271974713176629	0.18658079400173028	0.1284527653222204	-0.08789885270651565	0.3706453455168475	-0.019773707810529766	0.23008634387139457	0.5544384821120605	0.5197426081842907	0.1807906090437713	0.0912576123403317	-0.28490084873707244	0.3060033587596338	-0.21869822619040888	-0.18875211336096487	-0.2637983387145111	0.3499951936941267	0.5539295791372398	0.3203431136945791	0.39843144794205293	0.6354897625684899	0.1541580200281593	0.04097799842805525	0.21304374869240209	0.22212483955420098	-0.14405912321671915	0.2247032812932921	-0.18611712684689372	-0.12007282967017432	0.2431821137567783	0.3135690496519669	0.6701517096312716	0.5164856291454388	-0.03167072846633607	-0.14256634115724537	0.10944241197392154	0.009629575179105575	0.4022651836857015	-0.14469242469649593	0.49488552510305284	0.22426223204844756	-0.040559567093202756	-0.09337238692458623	0.3620618486748732	-0.18162747171347632	0.10535987922036064	0.28323843235265844	0.07292579629179366	0.18583440297199338	0.011054503508603288	0.5140089680013118	0.17064647641234712	0.27026706097223085	0.18429638509253551	0.5123578605718938	0.2847764502321163	-0.012909172127949517	0.40751253880385185	0.004540545430899458	0.2708098908120395	0.05828069957195605	0.5190414529745379
CadR-PbrR	-0.07671429621545821	0.06392386811496684	0.11052807165353885	-0.052264335514076825	-0.09112190488037952	0.07419239925134719	0.07705356486533863	1.0	-0.008080248344651712	0.17256899876166942	0.20016284895194258	-0.06392386811496684	-0.07752854097517119	0.14785893209537973	0.11744915211109917	0.12297923110414982	-0.057884886147095575	0.07556078280586483	-0.06977059784790586	-0.16105648257572758	0.16978699583265008	-0.05698016974741449	-0.013779961662642564	0.00910936324928895	0.04870201469033254	0.04690389084596638	-0.07890823348468484	-0.05744383690225105	0.13634641590943788	-0.03515388660510826	-0.14777976941040763	-0.03925903726866119	-0.043873090907034736	-0.02148136001492782	0.1100757134536983	0.17544147333065688	-0.0753685305709326	0.07226987690202487	0.0071189871699905575	0.161384442270612	0.05456005337826758	0.03748353133428706	0.10823235378934809	0.03202130607121249	0.12947057127186162	-0.013304985552809992	0.06752011580369915	-0.22141237538945213	0.13743207558905518	-0.05650519363758192	0.1315288010811361	0.06651361880905395	-0.032383192631084926	-0.08954996013593364	-0.05729682048730287	-0.0395983059185416	0.12424583406370335	0.11557186558176091	-0.018608885445940367	0.022827125659453436	0.15144387082911603	0.020203448100378284	0.27268717734137776	0.1138076686023828	-0.015261434767120344	-0.051054277329503364	0.06690943223391442	-0.043104081967305814	0.053587483248610415	0.07034735455270255	-0.033389689625730135	0.09545323464385273	0.16973045105767	-0.0016002171319359235	0.09604130030364544	0.07224725899203284	-0.03465629258528366	0.18489575970732425	-0.06429706362983528	-0.007503491639855019	0.01848448694098422	0.09578119433873714	0.05789619510209159	-0.019287422745701183	0.0395983059185416	0.2045733414003879	-0.030404125506782547	-0.07497271714607212
CblR	0.006542230465193864	0.1322073383808969	0.1595637005162538	-0.061684695025756145	-0.14698814256068668	-0.0010460783371312574	-0.03438487766537933	-0.008080248344651712	1.0	-0.019321349610689223	-0.044087961051958995	-0.020587952570242745	-0.014662060152331624	-0.14720301270561092	-0.020678424210210856	-0.060915686086027224	0.02827804196753199	0.09216232874001277	-0.0033757230663100574	-0.10325641359110212	0.004325675285975199	0.05494455784813204	0.07206631571209662	0.2215480828494043	0.11855742970070851	-0.13417509655020327	0.015046564622196086	-0.06775760385861544	0.1568156244522225	0.14340320382695038	-0.10576700160021713	0.1625492646352014	-0.06545057703942868	0.01632447653674562	-0.25101921956901574	-0.17211664056182888	0.018224380976075906	-0.0007068096872508496	-0.14297346353710186	0.08979875714584594	0.1406890546279071	0.12793255339240378	0.027181073332918672	-0.12683558475779044	0.053824971303526696	0.138924857648529	-0.1920995640397849	-0.004427455880939322	0.04734494009081091	-0.09445804660420354	0.06426313676484724	0.10525809862539652	0.04706221621591057	0.029714279252025716	0.0911784496553596	0.1798745836890942	0.14279252025716563	-0.12899559516202905	-0.08663224974696213	-0.01994334213546997	0.08503768709252421	-0.11757355061605532	-0.02439907040389933	0.05742121899225902	0.015453687002052576	0.05460528919825164	-0.11142147909822393	-0.019524910800617468	0.02012428541540619	0.030777321021650993	0.09865366890772458	-0.035651480624932855	-0.11523259693188051	0.030845174751627076	-0.027226309152902726	0.03888584175379274	-0.02435383458391527	-0.13763563677898344	-0.1742992688760595	0.0996714748573658	-0.19366019982923477	0.004393529015951281	-0.056301632447653675	0.0015323634019598418	0.10360699119597853	-0.006496994645209809	0.09604130030364544	-0.0727109261468694
CcpA	-0.09198138546007656	-0.03621692837473353	-0.09095227055543932	0.029680352387037676	0.10804010155441586	-0.12855454591718452	0.26824275802794445	0.17256899876166942	-0.019321349610689223	1.0	0.0920153123250646	-0.11249582982284521	0.10903528959406505	-0.027972700182639622	0.11067508806848703	0.2924439217194135	-0.1574036901120152	-0.09446935555919955	0.19932598628223758	0.02960118970206558	-0.052411351929025	-0.24023047650281876	-0.02894527031229679	-0.04140773871790377	-0.13947899644333364	0.2771994503847872	-0.13159665481111218	0.1793769896692696	0.19094605063019152	-0.14012360687810643	-0.015906045201893117	0.1523259693188051	0.07582088877077314	-0.03657881493460597	0.16735557050850716	0.07217940526205675	0.003092999191409718	-0.023121158489349793	-0.009018891609320841	-0.036183001509745495	-0.3258618837326337	0.02663824349311002	0.18842415366608048	0.1470786142006548	0.31329763473206257	0.11920204013548127	0.2648953073491244	-0.06688681432392239	-0.12321671915906611	-0.0006841917772588224	0.05584927424781313	-0.2605639775856512	0.17452544797597977	-0.15898694381145712	-0.34604836840051795	0.18682959101164257	0.25851705673137276	0.2138806113621071	0.16531995860922472	0.003907243951122697	0.017930348146179553	0.1311103697462836	0.0034096499312980984	-0.04838536395044416	-0.22638831558769812	0.22149153807442423	0.07310673957172988	-0.12456248480359172	-0.11777711180598356	-0.03717818954939469	0.05471837874821177	0.2786243787142849	-0.04604441026626935	0.0416791536378081	0.036183001509745495	-0.07167050228723615	0.16086423034079536	0.051925066864196415	0.023946712204058782	0.16404204669467518	0.16277544373512165	0.029963076261938015	0.03671452239455813	0.01821307202107989	-0.029929149396949975	0.06833436056341213	0.03237188367608891	0.18981515513059016
CsoR	-0.03513126869511623	-0.047141378900882665	-0.04397487150199886	-0.10343735687103833	-0.13970517554325393	0.20002714149199044	-0.02852683897744429	0.20016284895194258	-0.044087961051958995	0.0920153123250646	1.0	0.040163753668342274	-0.04527540132654042	0.16002736767109035	-0.11703072077624667	-0.12070613114995109	0.022193824179676677	0.09686685401835443	0.13970517554325393	0.09891377487263289	0.14003313523813832	-0.11138755223323589	0.022125970449700594	-0.036703213439562114	-0.01920826006072909	-0.04291182973237358	0.03229272099111682	-0.030030929991914097	0.023064613714369724	0.08465318262265975	-0.13446912938009964	0.06283820843534953	-0.08267411549835738	-0.032326647856104854	-0.04691519980096239	-0.026660861403102046	-0.09708172416327869	0.024681794278799667	0.04218805661262871	0.05434518323334332	0.08731078704672295	-0.08667748556694618	0.09830309130284816	-0.1140564656122951	-0.05014956092982228	0.1260552668630655	-0.11592244318663734	-0.0281197165975878	-0.01528405267711237	0.13607500098953357	-0.11304996861764989	-0.005128611090692165	0.01920826006072909	-0.12331849975403023	0.007763597604763332	-0.0052190827306602735	-0.025360331578560484	-0.1418312590825045	-0.14124319342271177	0.24997879570938247	0.002663258901561201	0.04414450582693906	0.16092077511577543	0.03362717768064642	-0.03271115232596932	-0.22011184556491056	-0.16245879299523328	-0.09355333020452244	0.05003647137986214	0.08746911241666713	0.10206897331652069	0.018631503355932395	-0.12089838338488332	0.17460461066095187	-0.15696264086717066	-0.03234926576609688	-0.04857761618537639	-0.03124098817648755	0.11708726555122674	-0.04433675806187129	-0.007989776704683604	-0.1333608517904903	-0.05043228480472262	0.12616835641302565	-0.1059931807001374	0.03846741041894024	-0.1894193417057297	-0.2591390492561535
CueR	0.21068017709823525	-0.07690654845039044	-0.06419528303487117	-0.22218138432918105	-0.24624684056069798	0.17731875985999515	-0.2601455462507987	-0.06392386811496684	-0.020587952570242745	-0.11249582982284521	0.040163753668342274	1.0	-0.35663355027678667	-0.005049448405720069	-0.1668127406686985	-0.3880159003907244	0.062340614415524936	0.07993734838932208	0.16959474359771784	0.0211307824100514	0.1490011365499771	0.1485940141701206	0.13122345929624374	-0.020305228695342407	0.08529779305743253	-0.12492437136346415	0.1291199936669852	-0.14403650530672713	0.04638367891614975	0.267880871468072	-0.11167027610813622	0.14509954707635242	0.07713272755031071	-0.2875358352511436	-0.2182232500805763	-0.05319166982374993	0.019830252585509835	-0.052377425064036955	-0.18240778960820125	0.15109329322423962	0.0856144437973209	0.1587494557565408	-0.33277165523519797	-0.21695664712102278	-0.17647058823529413	-0.26269006112490173	-0.2899333337102985	0.03998281038840606	-0.10520155385041645	0.12208582365946474	-0.0554082250029686	0.0542434026383792	-0.3063991721844943	0.14281513816715766	0.1312008413862517	-0.15993689603112224	-0.13756778304900735	-0.3033570632905666	-0.31021029001815087	0.1896002849856659	0.1088995821341129	-0.09097488846543135	0.08847560941131234	-0.2543892881578278	-0.08520732141746441	-0.3498594862341745	0.003907243951122697	0.046202735636213535	0.023663988329158444	-0.19963132806712997	0.09927566143250532	0.0024031529366528885	-0.09970540172235384	0.12414405346873922	0.061537678610807965	0.04247078048752905	-0.2376972705837117	0.00016397984744219711	-0.1670389197686188	-0.12831705786226824	-0.3064104811394903	-0.10220468077647285	0.16604373172896958	-0.021209945095023493	0.03579849703988103	-0.22955482298658192	0.05414162204341508	-0.2715110460217924
CzrA	-0.2709003624520076	0.12422321615371132	0.009346851304205235	0.22907984687674934	0.5348287541489729	-0.2850139382870326	0.5178653216549525	-0.07752854097517119	-0.014662060152331624	0.10903528959406505	-0.04527540132654042	-0.35663355027678667	1.0	-0.24254881227700154	0.24119173767747992	0.5151737903659013	0.1670502287236148	-0.3465911982403266	-0.10737287320965107	-0.17440104947102364	-0.02342650027424216	-0.20231155040118518	-0.26625238194864603	-0.053101198183781825	-0.06375423379002663	0.14132235610768387	0.13574704129464918	0.30394512895035936	0.05554393246292076	0.039971501433410044	0.4114028193224805	0.20110149221661172	0.10603841652012146	0.46644350328807865	0.4237069623581433	0.10831151647432019	0.021232563005015522	-0.1525860752837134	0.11373981487240671	-0.14125450237770779	-0.10681873441484639	-0.17531707482570072	0.42040474749930734	0.4904297968346235	0.407682173128792	0.34402406545623154	0.48916319387506996	0.054854086208163934	0.08309254683320988	0.16433607952457152	0.2781494026044523	-0.020802822715167004	0.19680408931812657	-0.1602535467710106	-0.12859978173716857	0.30776755573901193	0.14620782466596174	0.5104014113575835	0.5790128413183979	-0.17399392709116715	-0.04499267745164008	0.1123940492278811	0.0011365499770993662	0.4103850133728393	0.011258064698531533	0.4040859254400597	0.1205478057800069	0.03865966265387247	-0.15297057975357786	0.2843580188972638	-0.13172105331606832	0.07622801115062963	0.14604949929601754	-0.12081922069991123	0.24071676156764735	0.20034379223187881	0.4649846480935929	0.18932887006576157	0.35752695772147175	0.1792752090743055	0.4566047124415468	0.2971823738627432	0.016833379511566233	0.19601246246840562	0.10224991659645691	0.41013621636292696	-0.12310362960910597	0.5809014368027322
DasR	-0.03936081786362531	-0.012943098992937557	0.024546086818847505	-0.022691418199501275	-0.11357018054746651	0.19273286551956167	-0.16559137352912903	0.14785893209537973	-0.14720301270561092	-0.027972700182639622	0.16002736767109035	-0.005049448405720069	-0.24254881227700154	1.0	0.018122600381111784	-0.13833679198873627	-0.0005937201372907137	0.17252376294168537	0.11133100745825582	-0.006847572250086231	0.09021718848069844	-0.023200321174321886	-0.11379635964738678	-0.021549213744903904	0.054503508603287516	-0.08121526030387162	0.16493545413936025	-0.15131947232415988	-0.07265438137188933	-0.08071766628404703	-0.32566963149770145	-0.12891643247705695	-0.161384442270612	-0.22992801850145037	-0.10230646137143697	0.13772610841895155	0.12697129221774262	0.13537384577978073	0.009346851304205235	-0.14711254106564284	0.1437650903868228	0.09440150182922347	-0.12314886542909002	-0.18030432397894272	-0.14928386042487743	-0.14229492623734105	-0.07311804852672589	-0.22654664095764232	-0.06577853673431307	0.05143878179936783	-0.17884546878445698	-0.06500952779458415	-0.09806560324793187	-0.10679611650485436	0.1866712656416984	-0.1064116120349899	-0.04722054158585476	-0.17066909432233915	-0.22971314835652612	0.128124805627336	-0.006022018535377239	0.05797535778706368	0.13211686674092882	-0.2499109419794064	0.14937433206484554	-0.0947520794340999	-0.40136046728602043	0.13213948465092082	0.01634709444673765	0.06733917252376294	0.0397679402434818	0.010737852768714907	0.05039835793973458	0.08406511696286705	-0.03540268361502055	0.036567505979609956	-0.20102232953163962	0.10561998518526895	0.1454953605012129	-0.10379924343091076	-0.11682715958631842	-0.0866887945219422	0.04326240733725	-0.0267060972230861	-0.03620561941973752	0.02893396135730078	0.2543214344278517	-0.18230600901323712
ExuR_UxuR	-0.2472533375553432	-0.053723190708562574	0.16805672571826	0.1169741760012666	0.2898315531153344	-0.16518425114927254	0.17867583445951676	0.11744915211109917	-0.020678424210210856	0.11067508806848703	-0.11703072077624667	-0.1668127406686985	0.24119173767747992	0.018122600381111784	1.0	0.38000916025354675	0.07035866350769857	-0.048996047520228896	-0.0711276724474275	-0.35216651305336133	0.2322689721856252	-0.08399726323289096	-0.15786735726685175	0.06361852633007448	0.10342604791604232	0.1340959338652312	0.19959740120214192	0.11393206710733894	-0.03220224935114871	0.0037941544011625607	0.08841906463633228	-0.12219891320942489	0.10659255531492612	0.21817801426059225	0.2606431402706233	0.22262243357402559	0.07402276492640697	-0.12135074158472386	-0.02752034198279908	-0.13855166213366055	-0.07198715302712452	-0.23248384233054945	0.2178048187457238	0.2949205828635405	0.26352692379460674	0.11550401185178484	0.31434936754669185	-0.06278166366036947	0.004065569321066886	0.03594551345482921	0.04768420874069132	-0.062498939785469124	0.0856144437973209	-0.030607686696710792	-0.15913396022640527	-0.07749461411018314	0.13079371900639522	0.3382338804982726	0.29904835143708547	-0.15714358414710689	0.055837965292817114	0.1112292268632917	0.05107689523949539	0.13514766667986045	0.06385601438499075	0.22490684248322035	0.09795251369797174	0.048125257985535845	-0.05946813984653748	-0.021978954034752418	-0.0455920520664288	0.1349327965349362	0.14770060672543553	0.03366110454563446	0.10379924343091076	0.15093496785429542	0.27525431012547286	0.048679396780340514	0.06126626369090364	0.2517316837337646	0.24096555857755964	0.1502564305545346	0.05746645481224307	-0.011224137833543492	5.654477498006797e-06	-0.1024082419664011	0.006395214050245687	0.3106400303079994
FUR	-0.5478001255294005	-0.053101198183781825	0.1135588715924705	0.3792966960887979	0.5316283198851011	-0.43171370249532093	0.536559024263363	0.12297923110414982	-0.060915686086027224	0.2924439217194135	-0.12070613114995109	-0.3880159003907244	0.5151737903659013	-0.13833679198873627	0.38000916025354675	1.0	-0.09056776608557486	-0.2987769365171811	-0.15093496785429542	-0.3403486550825271	0.024082419664010948	-0.3881968436706606	-0.1562388677474258	0.11432788053219942	-0.20387218619063505	0.3847702303068685	-0.043703456582094534	0.3192913808799498	0.10048571961707878	-0.26341383424464665	0.306139066219586	-0.11666883421637424	0.09540799882386868	0.44003709337238694	0.5861374829658865	0.3116578362576406	0.07098065603247931	-0.34573171766062955	0.1923370520947012	-0.09263730484984535	-0.19023358646544267	-0.34110635506726	0.6091398974277782	0.6511413562829726	0.39851061062702503	0.27223481914153724	0.7003579284256238	0.007085060305002516	-0.05069239076963093	0.11666883421637424	0.24920978676965355	-0.1972338296079751	0.256266574687166	-0.2448332211861963	-0.37599448122996193	0.17856274490955662	0.20111280117160774	0.6612289441394168	0.6324363447195662	-0.36184697852994896	0.06791592922855963	0.12931224590191742	-0.07457690372121165	0.31895211223006936	-0.1925066864196414	0.5862166456508586	0.2276888454122397	-0.1757920509355333	-0.13924150838841737	0.2713753385618402	-0.3470774833051552	0.1885146253060486	0.31351250487698684	-0.13208293987594077	0.2238777275785831	0.03734782387433489	0.6395270595020667	0.20487868318528027	0.2333659408202385	0.2399251347179264	0.5580912745757728	0.21155096663292827	-0.03286947769591351	-0.015408451182068522	0.03271115232596932	0.37398148724067154	-0.037019864179450496	0.6063918213637469
FabR	0.009629575179105575	0.31934792565492987	0.18064359262882312	-0.07416978134135516	0.06744095311872707	-0.016403639221717718	0.07049437096765074	-0.057884886147095575	0.02827804196753199	-0.1574036901120152	0.022193824179676677	0.062340614415524936	0.1670502287236148	-0.0005937201372907137	0.07035866350769857	-0.09056776608557486	1.0	-0.2617174909952446	-0.06623089493415361	-0.11230357758791298	0.016358403401733664	0.04818180276051592	-0.05172150567426817	0.03363848663564244	0.18046264934888692	-0.11030189255361858	0.17747708522993932	-0.060870450266043166	-0.011439007978467749	0.05785095928210754	0.02503237188367609	0.016810761601574208	0.0799486573443181	0.12988900260671413	0.01666374518662603	-0.12415536242373523	-0.03660143284459799	-0.04482304312669988	0.10692051500981052	-0.14007837105812238	0.3012535976613081	-0.1282944399522762	-0.1704768420874069	-0.030438052371770587	0.059140180151653086	0.053508320563638315	0.006576157330181904	0.1057330747352291	0.30452188565515603	-0.08882618701618877	0.11644265511645396	0.11102566567336346	0.09487647793905604	0.03712164477441462	0.17747708522993932	0.0010686962471232846	0.07150086796229595	0.04729970427082685	0.04621404459120955	-0.014164466132507025	0.04984421914492991	-0.0514161638893758	0.27562750564034133	0.18420591345256743	0.011540788573431871	-0.0893577079010014	-0.20431323543547958	0.02173015702484012	-0.17381298381123092	0.021085546590067346	-0.08779707211155154	0.03142193145642377	0.12349944303396644	-0.12893905038704898	-0.04691519980096239	-0.06385601438499075	-0.06019191296628235	-0.08803456016646782	0.06419528303487117	-0.05726289362231483	0.10330164941108617	0.021142091365047414	-0.022125970449700594	0.06798378295853572	-0.10589140010517328	0.08424606024280326	-0.1277176832474795	0.02072366003019491
FadP	0.08657570497198207	-0.04256125212749716	-0.1125636835528213	-0.055430842912960625	-0.32084070771440365	0.12873548919712074	-0.4235260190782071	0.07556078280586483	0.09216232874001277	-0.09446935555919955	0.09686685401835443	0.07993734838932208	-0.3465911982403266	0.17252376294168537	-0.048996047520228896	-0.2987769365171811	-0.2617174909952446	1.0	-0.07008724858779425	0.12155430277465211	-0.05674268169249821	0.15314021407851808	0.10321117777111806	0.00766181700979921	0.15793521099682784	-0.15718881996709094	-0.0397679402434818	-0.31169176312262864	-0.13796359647386783	-0.045942629671305225	-0.2768827996448988	-0.18781347009629576	-0.2299506364114424	-0.2742251952208356	-0.24422253761641155	0.027938773317651582	-0.07894216034967289	0.13164189063109624	-0.28837269792084863	-0.11784496553595965	0.03400037319551487	0.18143521947854407	-0.22859356181192078	-0.363532012824355	-0.24236786899706533	-0.4030115747154384	-0.28678944422140673	-0.1265528608828901	-0.1049979926604882	-0.1877682342763117	-0.3384713685531888	0.05212862805412466	-0.06706775760385862	0.09869890472770863	0.016086988481829337	-0.3183188107502926	-0.26252042679996157	-0.37875386624898927	-0.40138308519601246	0.14777976941040763	-0.07406800074639103	-0.06649100089906192	0.006666628970150013	-0.22393427235356317	0.1871123148865429	-0.20885943534387705	-0.23372782738011094	-0.0071868408999666384	0.22333489773877443	-0.12208582365946474	0.16472058399443598	-0.19302689834945802	-0.3363339760589423	0.015182272082148248	-0.013802579572634591	-0.003217397696365867	-0.3065461885994425	-0.14387817993678295	-0.2773803936647234	0.08250448117341717	-0.33090567766085577	-0.16631514664887392	0.06509999943455225	-0.19872661166744887	0.14003313523813832	-0.11087864925841527	0.10030477633714256	-0.4015753374309447
FadR	0.10092676886192331	-0.03914594771870105	0.008035012524667658	-0.18574393133202527	-0.21823455903557232	0.11087864925841527	-0.20587387122492945	-0.06977059784790586	-0.0033757230663100574	0.19932598628223758	0.13970517554325393	0.16959474359771784	-0.10737287320965107	0.11133100745825582	-0.0711276724474275	-0.15093496785429542	-0.06623089493415361	-0.07008724858779425	1.0	0.05193637581919243	-0.03895369548376882	0.27819463842443637	0.0286173106174124	0.08355621398804644	0.13803145020384391	-0.11819554314083607	0.008023703569671645	-0.07383051269147474	0.15596745282752147	0.1331912174655501	-0.017692860091263266	0.2316243617508524	0.08330741697813414	-0.3499499578741426	-0.18265658661811354	-0.1119756178930286	-0.02094983913011518	0.07675953203544227	-0.14256634115724537	0.25350718966813873	0.014639442242339597	0.04743541173077902	0.0027989663615133643	-0.20153123250646024	0.1069092060548145	-0.09751146445312721	-0.2291250826967334	-0.04162260886282803	-0.13446912938009964	-0.11727951778615897	0.05669744587251415	-0.16369146908979876	-0.20899514280382922	0.05990918909138201	-0.003782845446166547	0.14930647833486946	0.06517916211952435	-0.2049013010952723	-0.1728856495015578	-0.0157251019219569	0.04213151183764864	0.046677711746046104	0.13712673380416282	-0.10554082250029687	-0.016765525781590154	-0.013056188542897694	-0.1376017099139954	0.012377651243136879	0.006055945400365279	-0.2049917727352404	0.19518690875369663	-0.02324555699430594	-0.14794940373534785	0.26717971625831916	0.02226167790965276	0.12313755647409401	-0.1637253959547868	-0.08209735879356068	-0.24727595546533523	0.02400325697903885	-0.17103098088221158	-0.0982578554828641	0.12690343848776653	-0.011325918428507614	-0.013983522852570809	-0.23290227366540195	-0.026943585278002388	-0.11293687906768975
FixJ	0.2570242746718989	0.014831694477271827	-0.23386353484006311	-0.1626397362751695	-0.3013440693012762	0.14481682320145206	-0.33573460144415357	-0.16105648257572758	-0.10325641359110212	0.02960118970206558	0.09891377487263289	0.0211307824100514	-0.17440104947102364	-0.006847572250086231	-0.35216651305336133	-0.3403486550825271	-0.11230357758791298	0.12155430277465211	0.05193637581919243	1.0	-0.14621913362095776	0.28326105026265047	0.1608981572057834	-0.12299054005914584	0.039473907413585446	-0.08841906463633228	-0.024704412188791696	-0.04328502524724203	-0.11811638045586398	0.12625882805299377	-0.04852107141039632	0.15940537514630962	-0.00013005298245415633	-0.23291358262039796	-0.3030064856856902	-0.13308943687058597	0.014967401937223991	0.2768714906899028	-0.17181129877693652	0.10862816721420857	-0.21479663671678417	0.2086445651989528	-0.2079094831242119	-0.34748460568501166	-0.11515343424690841	-0.011913984088300321	-0.4557452318618498	-0.04119286857297951	-0.05738729212727098	-0.0017019977269000458	-0.19194123866984072	0.013553782562722291	0.02100638390509525	0.0725412918219292	0.09364380184449056	-0.0999994345522502	-0.052863710128865544	-0.34559601020067743	-0.2926474829093418	0.16559137352912903	0.033457543355706214	-0.1286223996471606	-0.17384691067621896	-0.26105026265047976	-0.09285217499476961	-0.20747974283436338	-0.0353574477950365	0.07225856794702885	0.050726317634618975	-0.10386709716088685	0.11494987305698016	-0.0016002171319359235	-0.3112167870127961	0.00910936324928895	-0.07493879028108408	-0.0629739158953017	-0.30911332138353753	-0.08954996013593364	-0.019660618260569633	-0.1891818536508134	-0.1659871869539895	-0.11354756263747448	0.017410136216362927	-0.18413805972259134	0.0012383305720634885	-0.005750603615472912	0.003839390221146615	-0.2159727680363696
FnrN_FixK	-0.2252008753131167	0.12528625792333659	0.13997659046315825	0.04290052077737757	-0.0638899412499788	0.07821838722992802	-0.040220298443322346	0.16978699583265008	0.004325675285975199	-0.052411351929025	0.14003313523813832	0.1490011365499771	-0.02342650027424216	0.09021718848069844	0.2322689721856252	0.024082419664010948	0.016358403401733664	-0.05674268169249821	-0.03895369548376882	-0.14621913362095776	1.0	0.13590536666459335	-0.002810275316509378	0.06754273371369118	0.06499821883958813	0.13809930393382	0.3071342542592352	0.008645696094452392	0.006881499115074271	0.14945349474981764	-0.012049691548252483	-0.06001096968634613	-0.18748551040141137	0.034158698565459056	0.12068351323995906	0.29938762008696584	-0.07273354405686143	0.06333580245517413	0.05902709060169295	0.021820628664808227	0.022725345064489314	-0.07341208135662224	0.046677711746046104	-0.001611526086931937	0.02208073462971654	-0.03561755375994481	0.05780572346212348	-0.18455649105744384	0.09258076007486528	-0.010466437848810581	0.10046310170708676	0.13008125484164637	0.02723761810789874	-0.01244550497311296	0.11585458945666126	-0.08883749597118479	-0.011552097528427886	0.04433675806187129	0.017658933226275226	0.1471690858406229	0.11020011195865446	0.14554059632119695	0.2629954029097941	0.03803767012909172	0.08994577356079411	-0.12338635348400631	-0.14777976941040763	0.012377651243136879	-0.05673137273750219	0.09522705554393246	-0.11404515665729908	-0.016064370571837308	0.08283244086830156	0.09556632419381288	0.011235446788539504	0.18805095815121203	-0.11040367314858271	0.10206897331652069	0.06353936364510238	0.14490729484142018	0.01795296605617158	0.03803767012909172	0.1486618679000967	0.08853215418629241	-0.072382966451985	-0.14047418448298285	-0.06500952779458415	-0.060938303996019245
FruR	0.2103295994933588	0.19016573273546658	0.048249656490491996	-0.21060101441326315	-0.32591842850761377	0.2585736015063528	-0.3766051647997467	-0.05698016974741449	0.05494455784813204	-0.24023047650281876	-0.11138755223323589	0.1485940141701206	-0.20231155040118518	-0.023200321174321886	-0.08399726323289096	-0.3881968436706606	0.04818180276051592	0.15314021407851808	0.27819463842443637	0.28326105026265047	0.13590536666459335	1.0	0.12045733414003879	0.10267965688630543	0.10461348819062374	-0.24813543604503227	0.1601404572210505	-0.15691740504718663	0.13289718463565375	0.2901482038552228	-0.059784790586425864	0.059422904026553425	-0.17117799729715977	-0.32101034203934387	-0.26020209102577874	-0.1060723433851095	-0.15675907967724242	0.16820374213320818	-0.21070279500822728	0.21053316068328706	0.04464209984676366	0.16183680047045254	-0.2156561172964812	-0.3217228062040927	-0.05453743546827555	-0.19566188486352917	-0.42124161016901235	-0.20664288016465837	0.06511130838954826	-0.16554613770914497	-0.06267988306540534	0.13342870552046637	-0.055510005597932725	0.24780747635014785	0.13925281734341338	-0.004710179755839662	-0.05089595195955918	-0.4119230312522971	-0.2626561342599137	0.26301802081978615	0.042289837207592836	0.021933718214768364	0.015363215362084466	-0.09435626600923942	0.10312070613114994	-0.22425092309345154	-0.19647612962324215	0.10007859723722229	-0.10059880916703892	-0.12723139818265095	0.2169001023460427	-0.2518221553737327	-0.2822206264030172	0.020667115255214842	-0.03784541789415949	0.1976522609428276	-0.28708347705130305	-0.07765293948012734	-0.2181440873956042	0.07810529767996788	-0.23399924230001526	0.12077398487992717	-0.05814499211200389	-0.2435892361366348	0.01509180044218014	-0.1432674963669982	-0.061345426375875735	-0.2665464147785424
