	AcnR	AgaR	AmtR	AraR	ArgR	BioQ	BirA	CadR-PbrR	CblR	CcpA	CsoR	CueR	CzrA	DasR	ExuR_UxuR	FUR	FabR	FadP	FadR	FixJ	FnrN_FixK	FruR	GguR	GlcC	GntR	GulR	HcpR	HexR	HisR	HrcA	HutC	HypR	Irr	IscR	KdgR	LexA	LiuQ	LiuR	LldR	LtbR	MerR	MetJ	MetR	MntR	ModE	NadQ	NagC	NagQ	NagR	NarP	NiaR	NifA	NikR	NmlR	NnrR	NorR	NrdR	NrtR	NsrR	NtrC	PaaR	PdhR	PdxR	PhnF	PhnR	Phr	PhrR	PhsR	PrpR	PsrA	PurR	QorR	RbkR	RbsR	Rex	RutR	SahR_SamR	SdaR	SiaR	SoxR	ThiR	TrpR	TtrR	TyrR	VanR	XylR	ZntR	Zur
AcnR	1.0	0.035053104403677426	-0.017715461147726794	0.12140548255740732	0.1082238361109945	0.09848453045632005	0.08162965450652786	-0.04873850803912514	0.10772007892195962	-0.0458209143192981	0.25546786448931613	0.11063767264178666	0.14147181058729694	-0.02483103144284455	-0.11223290374039713	0.06899374501490281	0.1099869862726166	0.1212375634943957	-0.1277024474203434	-0.0849040762352546	0.013790353049829982	-0.019772469669619243	0.19934091767767936	-0.044036774274799545	0.09378279669199446	0.10488644473363838	-0.12558246924982158	0.12106964443138407	0.20345493472146425	0.24186642038537426	0.04594685361655682	0.07543763905797406	-0.21426472440283784	0.23792032240460098	0.13876411569623442	0.14829352252214434	0.021388690651106167	0.025628646992149784	0.1599219176356996	0.08908106292766886	0.07854414172368918	-0.036375467024894	0.0798455144620293	0.09451744259267034	0.08731791276604677	-0.06435498089920658	0.0688678057176441	0.14841946181940305	-0.04239956341043617	0.14751689685571553	-0.06139540741362663	0.031442844548927415	0.034990134755048065	-0.10723731161580119	0.17553839049578104	0.13030519289702364	0.08374963267704966	0.06280172956634902	0.18607531169976071	0.1764199655765921	0.02690902984761345	0.009298518114268923	0.22297552579656604	0.06769237227656269	-0.027748625162671594	0.16735233617396414	0.10713236220141892	0.03450736744888964	-0.06555140422316444	0.0854078334242895	0.12373535955669368	0.24763863817639897	0.1170815666848579	0.0653415053943999	-0.10931531002057009	0.09237647453927207	0.09590277486251626	0.11349229671298434	-0.12377733932244658	0.08026531211955837	0.1715293228663784	0.17333445279375342	-0.049892951597330086	-0.17753242936904412	0.15112715671046556	0.08259518911884471	-0.04980899206582427	0.162440703580874
AgaR	0.035053104403677426	1.0	0.0845472482263549	0.3775030435330171	0.6031232945720163	0.26732714831451243	0.6416817094160615	0.1652533478863188	0.3355022878972335	0.5130137273834012	-0.06254985097183158	0.4419000041979766	0.5928592418454305	-0.24304185382645566	0.23118257000125939	0.6032702237521514	0.342974686201251	0.2739599513034717	0.2704756307459804	0.04395281474329373	0.42915914529196925	0.07613030519289703	0.17954745812518366	0.23487678938751522	0.3690021409680534	-0.03165274337769195	0.2719869023130851	0.17574828932454556	0.43751311867679776	0.4004659753998573	0.5795936358675119	0.16485454011166617	0.2315393980101591	0.5448553797069813	0.5660761512950758	0.531652743377692	0.16949330422736242	0.34494773519163763	0.45732756811216996	0.23598925317996725	0.20152386549683052	0.21760211578019395	0.5894169010536922	0.5841274505688259	0.597141177952227	0.4025859535703791	0.6648545401116662	0.31218252802149365	0.43535116074052305	0.2991897905209689	0.41599848872843287	0.141891608244826	0.2677679358549179	0.2605893959111708	0.1732085134964947	0.2689433692959993	0.42535997649133117	0.6357205826791487	0.5835187439654087	0.3300029385836027	0.4603291213635028	0.31982284538852274	0.4900298056336846	0.38321229167541243	0.4138785105579111	0.5007976155493052	0.27954326014860836	0.21193484740355148	0.11028084463288695	0.37899332521724527	0.2232693841568364	-0.10853868435414131	0.42527601695982536	0.271567104655556	0.46270097812854205	0.4829981948700726	0.5953990176734814	0.3651400025187859	0.32229965156794427	0.6075101800931951	0.5128877880861424	0.2821040258595357	0.21556609714117794	0.39782125015742414	0.112967549641073	0.4329583140926074	0.07235212627513539	0.6368960161202301
AmtR	-0.017715461147726794	0.0845472482263549	1.0	-0.044078754040552455	-0.02388648671340414	0.11023886486713404	-0.004512824818437513	0.2258511397506402	-0.15429662902481003	-0.008962679988245665	0.0023508668821627977	-0.115003568280089	-0.045023298769992864	-0.10169598253641744	0.03874732378993325	-0.08085302884009907	0.10984005709248143	0.05037571890348852	-0.1511061668275891	-0.038537424961168715	-0.1256664287813274	0.15265941816044667	-0.07327568112169934	-0.07430418538264556	0.006192015448553797	-0.2353385668107972	0.1613072499055455	-0.016099240166239873	-0.07113471306830108	-0.05419587758700307	-0.06343142605264263	-0.224591746778053	0.027118928676377985	-0.05944334830611645	-0.07214222744637085	-0.11703958691910499	0.06710465555602199	0.02378153729902187	-0.06328449687250745	0.018429117165526216	-0.18578145333949037	0.04808782166995508	-0.010788799798497124	-0.06521556609714117	0.04546408631039839	-0.057638218378741446	-0.05646278493766005	-0.2919692708114689	0.07904789891272407	-0.03215650056672684	0.16456068175139582	-0.030267411107846018	-0.0007136560177994207	0.028399311531841654	-0.22692162377733932	-0.0647537886738592	-0.1703119096595441	-0.06958146173544352	-0.11859283825196255	-0.07449309432853364	0.07927878762436505	0.03650140632215272	-0.07401032702237521	-0.05625288610889551	0.03589269971873557	-0.04074136266319634	0.014755887662146845	-0.23206414508207043	-0.14785273498173881	-0.1406322152722388	-0.2595189118844717	-0.07726375886822552	-0.008291003736199152	-0.03484320557491289	0.03389866084547248	-0.055686159271231266	-0.04630368162545653	-0.09783384408715	0.08536585365853659	0.09688929935770958	-0.11745938457663406	-0.13059905125729399	-0.21690944964527098	0.029994542630452124	0.09655346123168633	0.02046513580454221	0.07440913479702783	-0.0890180932790395
AraR	0.12140548255740732	0.3775030435330171	-0.044078754040552455	1.0	0.5386213844926745	0.2657948868645313	0.5383695058981571	0.1636161370219554	0.3626212165736115	0.22364720204861258	0.07545862894085051	0.3011208597456026	0.5382435666008983	-0.11013391545275178	0.2988329625120692	0.5194156416607195	0.32677049662062885	0.16945132446160951	0.1277864069518492	0.1282901641408841	0.14111498257839722	0.15356198312413416	0.1792116199991604	0.07948868645312959	0.08939591117081566	0.26589983627891356	0.17129843415473742	0.2388648671340414	0.29494983417992526	0.3494815498929516	0.502686705008186	0.25947693211871875	0.09527307837622266	0.5535032114520801	0.4867763737878343	0.5153016246169346	0.23792032240460098	0.24562360942025943	0.49248562193022966	0.22392007052600646	0.20964695017001805	0.03133789513454515	0.5150917257881701	0.4339448385878007	0.5138323328155829	0.5054993493136308	0.5175475420847152	0.4119474413332774	0.2886528693169892	0.05463666512740859	0.2685445615213467	0.06166827589102053	0.3885857016917846	0.032681247638638174	0.092187565593384	0.39488266655472065	0.390411821502036	0.626296125267621	0.48297720498719615	0.22219890013013727	0.2755132026363293	0.2694471264850342	0.45008605851979344	0.3900130137273834	0.3915242852944881	0.5325972881071324	-0.046933378111750135	0.1437387179379539	0.0130137273834012	0.36364972083455777	0.05390201922673271	0.20301414718105873	0.2970068427018177	0.2788505940136854	0.4399899248562193	0.3936652533478863	0.5329121363502791	0.306599219176357	0.2384450694765123	0.4741404642962092	0.5240963855421686	0.43946517778430794	0.13349565509424458	0.23838209982788297	0.11011292556987531	0.39022291255614794	0.10650266571512532	0.5456529952562865
ArgR	0.1082238361109945	0.6031232945720163	-0.02388648671340414	0.5386213844926745	1.0	0.19256118550858486	0.8930775366273456	0.5019100793417572	0.5816506443894043	0.3861718651609924	0.1566684857898493	0.5241383653079216	0.8205784811720751	-0.13670710717434198	0.36364972083455777	0.8862768145753747	0.4000461777423282	0.28667982032660255	0.29085680701901684	0.12493178288065153	0.39431593971705636	0.046345661391209436	0.2235842323999832	0.23260988203685823	0.3571218672599807	0.30615843163595147	0.41037320011754336	0.3200957138659166	0.6205029175937198	0.6166407791444524	0.6993199277948029	0.5233617396414928	0.26514420049536125	0.790353049829982	0.8243776499727131	0.7404600982326519	0.18764955291549473	0.23959951303471727	0.6556189916460267	0.43014566978716257	0.19640233407497587	0.3577725536291507	0.8051719071407581	0.8213551068385039	0.8186054321816885	0.7126485034213509	0.8164644641282902	0.6193484740355149	0.5264052726585786	0.3675118592838252	0.49555014483019183	0.2533268964359179	0.4738675958188153	0.26508123084673185	0.13255111036480416	0.565950211997817	0.5337937114310902	0.7983292053230343	0.7987909827463163	0.3526090424415432	0.4539481969690609	0.37683136728097055	0.7280760673355443	0.5951051593132111	0.5276226858654128	0.7760799294739935	0.28800218294781915	0.2224087989589018	0.23137147894714746	0.5564417950547836	0.0845892279921078	0.10820284622811804	0.7300281264430545	0.2991058309894631	0.6667646194534235	0.7158809453843248	0.8421980605348223	0.3933504051047395	0.37834263884807523	0.6069434532555308	0.7047982872255573	0.38461861382813484	0.22093950715755006	0.5619411443684145	0.23546450610805592	0.5477519835439318	0.1930019730489904	0.852462113261408
BioQ	0.09848453045632005	0.26732714831451243	0.11023886486713404	0.2657948868645313	0.19256118550858486	1.0	0.22041476008563873	0.21243860459258637	0.14793669451324462	0.2522144326434658	0.0002938583602703497	0.15467444691658622	0.295999328323748	-0.15219764073716469	0.08589060073044792	0.22054069938289744	0.22219890013013727	0.004093027160908442	-0.021871457957264598	-0.0319466017379623	0.08270013853322698	-0.0245371730825742	0.05329331262331556	-0.2066034171529323	0.29595734855799505	-0.03595566936736493	0.23481381973888585	0.091725788170102	0.1746987951807229	0.08410646068594937	0.2527391797153772	0.10862264388564712	-0.05453171571302632	0.25299105830989466	0.2500314848243147	0.29203224046009824	0.2497586163469208	0.2624155157214223	0.22876873347046722	0.03920910121321523	-0.031442844548927415	-0.05931740900885773	0.16940934469585658	0.31090214516603	0.37779690189328746	0.29075185760463457	0.27906049284244994	0.09630158263716888	0.0642080517190714	0.019793459552495698	0.02164056924562361	0.024201334956550944	0.05100541538978212	0.10662860501238403	-0.09013055707149153	0.11559128500062969	0.2359262835313379	0.3401830317786827	0.22862180429033205	0.15771797993367198	0.25082910037361994	0.141429830821544	0.25257126065236557	0.17958943789093657	0.2656269678015197	0.3731581377775912	0.07394735737374586	0.2568531967591621	0.13792452038117628	0.11038579404726921	0.10994500650686369	-0.04265144200495361	0.21483145124050207	0.20376978296461107	0.23917971537718818	0.20756895176524914	0.25252928088661264	0.15217665085428822	0.25828050879476094	0.3722555728139037	0.2841400444985517	0.12415515721422274	0.13116577809495822	-0.06903572478065573	0.15421266949330423	0.11678770832458756	-0.0013643423869694807	0.2958314092607363
BirA	0.08162965450652786	0.6416817094160615	-0.004512824818437513	0.5383695058981571	0.8930775366273456	0.22041476008563873	1.0	0.4696276394777717	0.550165820074724	0.36788967717560134	0.1043826875446035	0.5477519835439318	0.83487259141094	-0.15570295117753244	0.36969480710297636	0.8849124721884052	0.3566600898366987	0.2750514252130473	0.3767683976323412	0.10119222534738256	0.38031568783846187	0.12258091599848873	0.13681205658872422	0.2729944166911549	0.4182024264304605	0.1981025145879686	0.4538642374375551	0.31539398010159103	0.6185508584862096	0.6029763653918812	0.6809537802779061	0.4990974350363125	0.4123672389908064	0.7579866504344905	0.7990218714579572	0.7428949246463205	0.25645438898450945	0.32158599555014483	0.661097351076781	0.4675916208387557	0.2528651190126359	0.3343478443390286	0.8683094748331305	0.8573947357373746	0.8033247974476302	0.6659879937869947	0.8250283363418832	0.5912430208639435	0.5982956215104319	0.2603165274337769	0.5322824398639856	0.17755341925192059	0.49636875026237354	0.3181856345241594	0.16773015406574032	0.5507955165610176	0.5161412199319928	0.8044372612400823	0.7847487511019688	0.39257377943831073	0.4628059275429243	0.4421728726753705	0.7158179757356954	0.6299483648881239	0.5674614835649217	0.7701817723857101	0.34442298811972627	0.3144284454892742	0.22811804710129718	0.5342554888543722	0.08773771042357584	-0.017967339742244237	0.7106544645480878	0.35294488056756645	0.7200789219596154	0.7646824230720792	0.8430796356156333	0.440808530288401	0.35722681667436296	0.628982830275807	0.7357583644683263	0.3997942991478107	0.27385500188908946	0.5877796901893287	0.2504302925989673	0.6331808068510978	0.2270265731917216	0.8619915200873179
CadR-PbrR	-0.04873850803912514	0.1652533478863188	0.2258511397506402	0.1636161370219554	0.5019100793417572	0.21243860459258637	0.4696276394777717	1.0	0.37030351370639353	0.3390495781033542	-0.020507115570295116	0.1795264682423072	0.44899458461021785	-0.04506527853574577	0.05591704798287225	0.442613660215776	0.11439486167667184	-0.019415641660719532	0.10765710927333025	-0.12512069182653962	-0.05169808152470509	0.08885017421602788	0.040489484068678895	0.03650140632215272	0.19971873556945552	0.11544435582049452	0.36232735821334117	0.17725956089165024	0.22622895764241635	0.21212375634943956	0.3010369002140968	0.3300449183493556	0.09474833130431132	0.35993451156542544	0.352693001973049	0.23470887032450358	0.26604676545904876	0.07138659166281852	0.31837454347004746	0.28214600562528863	-0.2028462281180471	0.11582217371227069	0.36268418622224086	0.4163553167373326	0.34028798119306497	0.4610427773813022	0.3234540951261492	0.274064900717854	0.26506024096385544	0.2276142899122623	0.15755006087066034	0.09017253683724445	0.34268082784098064	-0.015721422274463707	-0.10595692876033752	0.4156416607195332	0.15647957684396122	0.30991562067083667	0.2967549641073003	0.0816086646236514	0.1492590571344612	0.15830569665421268	0.2405440577641577	0.17106754544309644	0.34349943327316235	0.35808740187229754	0.08761177112631711	-0.03287015658452626	0.10513832332815583	0.17253683724444818	-0.2589941648125603	-0.01708576466143319	0.32849166701649807	0.21084337349397592	0.42294613996053904	0.23974644221485245	0.39748541203140086	-0.03087611771126317	0.40762352546072794	0.3565971201880693	0.14117795222702656	-0.08393854162293775	-0.039586919104991396	0.22845388522732044	0.02791654422568322	0.225935099282146	0.19537382981402965	0.3718567650392511
CblR	0.10772007892195962	0.3355022878972335	-0.15429662902481003	0.3626212165736115	0.5816506443894043	0.14793669451324462	0.550165820074724	0.37030351370639353	1.0	0.23762646404433063	0.10969312791234626	0.41100289660383693	0.5136644137525712	-0.06364132488140717	0.20039041182150202	0.5359766592502414	0.34811720750598213	0.2270265731917216	0.021514629948364887	0.07434616514839847	0.25443936022836994	-0.12144746232316024	0.15188279249401787	0.11651483984719366	0.21000377817891777	0.17299861466773014	0.239494563620335	0.03175769279207422	0.3285546366651274	0.31587674740774946	0.511754334410814	0.41045715964904916	0.06767138239368624	0.5484866294446077	0.4667520255236976	0.45117753242936903	0.08471516728936652	0.191595650896268	0.4002140968053398	0.4504638764115696	0.16607195331850047	0.30324083791612444	0.4895470383275261	0.4263465009865245	0.43350405104739514	0.3502581755593804	0.49821585995550144	0.44095545946853615	0.32416775114394863	0.14659334200915158	0.13278199907644514	0.042420553293312624	0.2008102094790311	0.18078586121489443	0.22836992569581463	0.39274169850132234	0.24669409344695856	0.5352210234666891	0.39675076613072496	0.19000041979765753	0.3134629108769573	0.2834473783636287	0.4768691490701482	0.45424205532933126	0.391755174006129	0.46171445363334873	0.14722303849544519	0.16370009655346124	0.28651190126359094	0.2891146467402712	0.006947651232106125	-0.07778850594013685	0.4894420889131439	0.09892531799672558	0.5012384030897108	0.5735695394819696	0.47407749464757987	0.12684186222240879	0.11773225305402796	0.41196843121615384	0.3697367868687293	0.15072834893581294	0.11722849586499308	0.1851307669703203	0.08605851979345955	0.3860879056294866	0.14411653582973008	0.5755635783552328
CcpA	-0.0458209143192981	0.5130137273834012	-0.008962679988245665	0.22364720204861258	0.3861718651609924	0.2522144326434658	0.36788967717560134	0.3390495781033542	0.23762646404433063	1.0	-0.01886990470593174	0.18525670626757904	0.4200495361235884	-0.18221317325049327	0.17197011040678392	0.3540783342428949	0.166512740858906	0.10780403845346542	0.19050417698669242	0.05870870240544058	0.235653415053944	-0.07245707568951765	0.2728055077452668	0.11575920406364132	0.08595357037907729	0.023340749758616348	0.08534486377566013	0.2579026909029848	0.1303261827799001	0.1886150875278116	0.5716804500230889	0.21833676168086982	-0.1803870534402418	0.41047814953192563	0.3815540909281726	0.4191469711599009	0.01886990470593174	0.334179925276017	0.2939003400361026	0.27620586877125225	0.021619579362747155	0.06605516141219932	0.36400654884345746	0.30494101842911714	0.3699466856974938	0.4754208471516729	0.4258427437974896	0.33713949876159693	0.2656059779186432	0.3349985307081986	0.10664959489526049	0.20173376432559506	0.3437932916334327	-0.003736199152008732	0.27517736451030606	0.24593845766340625	0.5039460979807733	0.4114436841442425	0.3926367490869401	0.14042231644347425	0.23195919566768816	0.13951975147978674	0.3362369337979094	0.12402921791696403	0.30231728306956046	0.3650770328701566	-0.03270223752151463	0.17182318122664875	-0.024285294488056757	0.35009025649636877	0.13049410184291171	-0.16852776961504554	0.28439192309306915	0.24371353007850216	0.2949288442970488	0.2592460434070778	0.43816380504596786	0.189559632257252	0.2043784895680282	0.45115654254649257	0.3487469039922757	0.19925695814617356	0.24852021325721002	0.17232693841568364	-0.0337097518995844	0.1650224591746778	0.05262163637126905	0.42636749086940096
CsoR	0.25546786448931613	-0.06254985097183158	0.0023508668821627977	0.07545862894085051	0.1566684857898493	0.0002938583602703497	0.1043826875446035	-0.020507115570295116	0.10969312791234626	-0.01886990470593174	1.0	0.05971621678351035	0.07382141807648714	0.039251080978968136	-0.09122203098106713	0.11334536753284917	-0.04006968641114982	-0.05747029931572982	-0.11040678393014566	-0.07432517526552201	-0.027811594811300952	-0.158830443726124	0.2953906217203308	-0.0910541119180555	0.19648629360648168	0.1691364762184627	-0.07974056504764704	0.09745602619537383	0.19757776751605727	0.21535619831241343	-0.05201292976785189	0.10154905335628227	-0.1310818185634524	0.2047982872255573	0.11336635741572562	0.17562235002728685	-0.19948784685781454	0.24285294488056758	0.06620209059233449	0.08112589731749296	0.04590487385080391	0.10098232651861802	0.06964443138407288	0.03316401494479661	0.18267495067377523	0.09055035472902061	0.10024768061794215	0.019898408966877966	0.007997145375928803	-0.012677889257377943	-0.08626841862222409	0.14797867427899752	0.28705763821837876	0.17757440913479702	0.15723521262751353	0.28991226228957645	0.0037991688006380926	0.07524873011208598	0.2763108181856345	0.27855673565341504	0.0964275219344276	-0.1542336593761807	0.22874774358759078	0.05799504638764116	0.10369002140968053	0.16806599219176357	0.02287897233533437	0.02797951387431258	-0.08255320935309181	-0.11724948574786953	-0.011145627807396835	0.22895764241635533	0.08414844045170228	-0.016686956886780572	0.029931572981822762	0.21999496242810965	0.08475714705511943	0.09716216783510348	-0.1277444271860963	0.05224381847949289	0.02854624071197683	-0.03192561185508585	-0.045967843499433274	-0.18597036228537844	0.16657571050753536	0.03702615339406406	0.0866252466311238	0.11334536753284917
CueR	0.11063767264178666	0.4419000041979766	-0.115003568280089	0.3011208597456026	0.5241383653079216	0.15467444691658622	0.5477519835439318	0.1795264682423072	0.41100289660383693	0.18525670626757904	0.05971621678351035	1.0	0.5247890516770917	0.08228034087569791	0.2543134209311112	0.5388522732043155	0.39272070861844594	0.14323496074891903	0.21756013601444105	0.01884891482305529	0.08941690105369213	0.0848201167037488	0.09233449477351917	0.12638008479912682	0.5205910751018009	-0.025880525586667227	0.20832458754880148	-0.010117123546450611	0.4446076990890391	0.5633474665211368	0.45776835565257545	0.3073968347256622	0.25888921539817805	0.48272532639267873	0.5135174845724361	0.4800596112673691	0.12608622643885647	0.25225641240921876	0.514902816842282	0.21934427605893958	0.3056546744469166	0.4876159691028924	0.624218126862852	0.5053524201334957	0.5324293690441207	0.3757608832542714	0.5604508626841862	0.2406280172956635	0.446685697493808	-0.04449855169808153	0.5089626799882456	-0.12293774400738844	0.11172914655136225	0.34461189706561435	0.14535493891944082	0.3573527559716217	0.34394022081356784	0.45113555266361616	0.44078754040552454	0.13525880525586667	0.3390285882204777	0.4671928130641031	0.6496368750262373	0.41014231140590235	0.3353553587170984	0.38854372192603165	0.17083665673145543	0.2457285588346417	0.11424793249653667	0.24308383359220856	0.15364594265564	-0.004827673061584316	0.4572016288149112	0.29853910415179885	0.35812938163805047	0.5348432055749129	0.517589521850468	0.35993451156542544	0.06588724234918769	0.2915074933881869	0.44320137693631667	0.33888165904034256	0.04720624658914403	0.2496116871667856	0.05415389782125016	0.6478527349817388	-0.10847571470551194	0.6013811342932707
CzrA	0.14147181058729694	0.5928592418454305	-0.045023298769992864	0.5382435666008983	0.8205784811720751	0.295999328323748	0.83487259141094	0.44899458461021785	0.5136644137525712	0.4200495361235884	0.07382141807648714	0.5247890516770917	1.0	-0.09739305654674447	0.38822887368288483	0.8444229881197263	0.35529574744972925	0.33386507703287016	0.3602703496914487	0.22925150077662568	0.35697493807984554	0.0905083749632677	0.2337643255950632	0.30985265102220727	0.3704924226522816	0.24264304605180304	0.4395911170815667	0.33323538054657653	0.5991142269426136	0.5673565341505394	0.6982074640023509	0.5086268418622224	0.2933965828470677	0.7471978506359934	0.7592460434070778	0.7249065950211998	0.20649846773855002	0.3685613534276479	0.6636161370219554	0.4074975861634692	0.2314974182444062	0.23966248268334664	0.7668863607741069	0.813819738885857	0.7643885647118089	0.6638680156164729	0.7758490407623525	0.634020402166156	0.5742202258511397	0.18899290541958777	0.46423323957852314	0.11403803366777214	0.43581293816380506	0.29010117123546453	0.15284832710633475	0.4876999286343982	0.5841694303345787	0.839364426346501	0.7603165274337769	0.37353595566936737	0.4702993157298182	0.45676084127450567	0.6958565971201881	0.6580748079425717	0.5204231560387893	0.7522774022920952	0.29578942949498344	0.2791864321397087	0.21266949330422735	0.5413290793837371	0.19046219722093952	0.12085974560261954	0.7905209688929936	0.34679484488476553	0.6644977121027664	0.6816044666470761	0.8701355946433819	0.4552285798245246	0.2762478485370052	0.6128206204609379	0.7227446370849251	0.42714411653582973	0.26825070316107635	0.5012384030897108	0.1627765417068973	0.5796566055161412	0.13089290961756433	0.8343898241047815
DasR	-0.02483103144284455	-0.24304185382645566	-0.10169598253641744	-0.11013391545275178	-0.13670710717434198	-0.15219764073716469	-0.15570295117753244	-0.04506527853574577	-0.06364132488140717	-0.18221317325049327	0.039251080978968136	0.08228034087569791	-0.09739305654674447	1.0	0.010494941438226775	-0.15876747407749464	-0.11282062046093783	-0.08307795642500315	-0.007010620880735486	0.01460895848201167	-0.022186306200411402	-0.15652155660971412	-0.23302967969438731	-0.04710129717476177	-0.08001343352504094	-0.014713907896393938	0.18024012426010663	-0.230238025271819	-0.20685529574744974	-0.1874816338524831	-0.04682842869736787	-0.07711682968809035	0.005373410016372109	-0.22717350237185677	-0.02821040258595357	-0.24234918769153269	0.21143109021451661	-0.13729482389488268	-0.20494521640569247	-0.10196885101381134	0.21015070735905295	0.005415389782125015	-0.05518240208219638	-0.08933294152218631	-0.15530414340287982	-0.004743713530078502	-0.15925024138365307	-0.03287015658452626	-0.16097141177952226	-0.2226816674362957	-0.0718903488518534	-0.19375760883254273	-0.13309684731959195	0.02164056924562361	0.06066076151295076	-0.08507199529826624	-0.13024222324839427	-0.1047395155535032	-0.14543889845094665	-0.00023088871164098903	-0.061521346710885355	0.0156794425087108	-0.1641198942109903	-0.057932076739011795	-0.25116493849964316	-0.18212921371898744	-0.010683850384114856	-0.09961798413164855	0.06685277696150456	-0.26867050081860544	-0.19262415515721423	-0.057680198144494356	-0.08188153310104529	-0.08859829562151043	-0.01968851013811343	-0.08228034087569791	-0.18832122916754124	-0.07950967633600604	-0.07365349901347551	-0.18149951723269384	-0.18464799966416187	-0.18756559338398893	-0.24589647789765334	-0.01395827211284161	-0.056630704000671675	-0.04842365979597834	0.053671130515091724	-0.20960497040426515
ExuR_UxuR	-0.11223290374039713	0.23118257000125939	0.03874732378993325	0.2988329625120692	0.36364972083455777	0.08589060073044792	0.36969480710297636	0.05591704798287225	0.20039041182150202	0.17197011040678392	-0.09122203098106713	0.2543134209311112	0.38822887368288483	0.010494941438226775	1.0	0.41910499139414803	0.18750262373535956	0.09560891650224591	0.29570546996347763	0.04095126149196088	0.23189622601905882	-0.0162671592292515	-0.014336090004617774	0.25175265522018386	0.053482221569203646	0.2958523991436128	0.20549095336048026	0.028651190126359093	0.20267830905503548	0.3000923554846564	0.4093446958565971	0.2428319549976911	0.0538180596952269	0.41314386465723524	0.36843541413038916	0.4658284706771336	-0.09355190798035347	0.05870870240544058	0.38755719743083833	0.37956005205490956	0.19333781117501364	0.17312455396498888	0.3971495739053776	0.4456362033499853	0.39211200201502877	0.3095378027790605	0.4336929599932832	0.2563494395701272	0.14770580580160364	0.01584736157172243	0.3361949540321565	0.09785483397002645	0.14524998950505857	0.09059233449477352	0.30187649552915496	0.28615507325469125	0.39908064313001135	0.5242643046051803	0.3873053188363209	0.1957516477058058	0.25177364510306033	0.43029259896729777	0.34561941144368413	0.2523193820578481	0.2638428277570211	0.39775828050879475	0.07436715503127493	0.16015280634734058	-0.030078502161957937	0.3530078502161958	0.033373913773561144	-0.04844464967885479	0.36669325385164353	0.03482221569203644	0.32477645774736574	0.5222282859661643	0.44886864531295917	0.20297216741530583	0.25861634692078417	0.1783930145669787	0.4406616011082658	0.3658956383023383	0.23164434742454137	0.3508249023970446	0.26273036396456906	0.2789135636623148	0.16602997355274757	0.4230510893749213
FUR	0.06899374501490281	0.6032702237521514	-0.08085302884009907	0.5194156416607195	0.8862768145753747	0.22054069938289744	0.8849124721884052	0.442613660215776	0.5359766592502414	0.3540783342428949	0.11334536753284917	0.5388522732043155	0.8444229881197263	-0.15876747407749464	0.41910499139414803	1.0	0.34561941144368413	0.3259728810713236	0.3690441207338063	0.20952101087275932	0.4539481969690609	0.1346081188866966	0.13259309013055706	0.31293816380504597	0.3252172452877713	0.3005331430250619	0.4443348306116452	0.3906007304479241	0.5744930943285337	0.6312077578607111	0.6896226019058813	0.560303933504051	0.29329163343268544	0.7736660929432013	0.8232651861802611	0.7658998362789136	0.22669073506569834	0.37156290667898073	0.7151672893665253	0.4935561059569288	0.2692372276562697	0.3018555056462785	0.8253851643507829	0.8690231308509299	0.7940262793333613	0.7337433357121868	0.8483061164518702	0.63985558960581	0.5568406028294363	0.26048444649678854	0.5009235548465639	0.20288820788380002	0.49878258679316567	0.3053608160866462	0.21415977498845556	0.5179463498593678	0.5951681289618403	0.8225935099282146	0.8274211829897989	0.4759665841064607	0.5057932076739012	0.42227446370849253	0.7299861466773016	0.5886822551530162	0.5674404936820453	0.7682507031610764	0.3523361739641493	0.26121909239746444	0.16080349271651065	0.592607363250913	0.14325595063179547	0.07751563746274295	0.7708534486377566	0.3437303219848033	0.6992149783804207	0.7381092313504891	0.8722135930481508	0.502036018639016	0.33974224423827715	0.5736534990134755	0.7507241509592376	0.42905419587758703	0.26356995927962723	0.5119642332395785	0.27517736451030606	0.610469753578775	0.17856093362999034	0.8731371478947147
FabR	0.1099869862726166	0.342974686201251	0.10984005709248143	0.32677049662062885	0.4000461777423282	0.22219890013013727	0.3566600898366987	0.11439486167667184	0.34811720750598213	0.166512740858906	-0.04006968641114982	0.39272070861844594	0.35529574744972925	-0.11282062046093783	0.18750262373535956	0.34561941144368413	1.0	0.1103018345157634	0.08742286218042904	-0.015826371688845976	0.2371436967381722	0.05925443936022837	0.0049746022417194915	0.2988749422778221	0.05316737332605684	0.061479366945132445	0.2956634901977247	-0.051886990470593176	0.2970698123504471	0.34274379748961	0.36979975651735864	0.17006003106502665	-0.08710801393728224	0.3660635573653499	0.4207422022585114	0.43190881994878466	0.06105956928760337	0.1397086604256748	0.47059317409008855	0.26424163553167374	0.11867679778346837	0.15272238780907602	0.2842659837958104	0.339595315058142	0.5019100793417572	0.1857604634566139	0.41316485454011165	0.235422526342303	0.3571218672599807	0.13286595860795097	0.4226732714831451	-0.13672809705721842	-0.04030057512279082	-0.004995592124595945	0.01725368372444482	0.23311363922589312	0.16892657738969816	0.4605809999580202	0.3098946307879602	-0.010012174132068343	0.19657025313798748	0.40195625708408544	0.39935351160740523	0.3964778976533311	0.47258721296335165	0.4373242097309097	0.05230678812812224	0.22788715838965617	0.08767474077494647	0.2868477393896142	0.11515049746022417	0.004281936106796524	0.39618403929306073	0.04233659376180681	0.2608202846228118	0.2406699970614164	0.37532009571386593	0.2952436925401956	0.09376180680911801	0.3190252298392175	0.44057764157676	0.282208975273918	-0.1505604298728013	0.33680366063557365	0.1454598883338231	0.3843247554678645	-0.22375215146299485	0.4229881197262919
FadP	0.1212375634943957	0.2739599513034717	0.05037571890348852	0.16945132446160951	0.28667982032660255	0.004093027160908442	0.2750514252130473	-0.019415641660719532	0.2270265731917216	0.10780403845346542	-0.05747029931572982	0.14323496074891903	0.33386507703287016	-0.08307795642500315	0.09560891650224591	0.3259728810713236	0.1103018345157634	1.0	0.10184291171655262	0.27385500188908946	0.24593845766340625	0.03801267788925738	0.23195919566768816	0.09363586751185929	0.06851097770874438	0.08968976953108601	0.06758742286218043	0.17621006674782755	0.24679904286134083	0.31222450778724653	0.34507367448889636	0.07455606397716301	0.07825028336341883	0.27643675748289326	0.28533646782250954	0.3799798497124386	-0.08358171361403803	0.12646404433063263	0.2537257042105705	0.20528105453171572	0.0526426262541455	0.1738382099827883	0.2072750934049788	0.271797993367197	0.21959615465345703	0.19598253641744678	0.3135678602913396	0.3002812644305445	0.23657696990050794	0.13733680366063558	0.11901263590949163	0.2535367952646824	0.09103312203517905	0.06888879560052055	-0.010956718861508752	0.009592376474539272	0.29167541245119855	0.27228076067335544	0.3037865748709122	0.29461399605390204	0.16577809495823012	0.040468494185802444	0.3661685067797322	0.23571638470257336	0.16766718441711095	0.3268754460350111	-0.05029175937198271	0.2047982872255573	0.09220855547626045	0.37095420007556357	0.18412325259225054	0.05171907140758154	0.27536627345619413	0.17969438730531884	0.24159355190798035	0.22591410939926956	0.33441081398765793	0.1951639309852651	-0.012509970194366315	0.25032534318458505	0.3361529742664036	0.2530960077242769	0.2452667814113597	0.037634859997481215	-0.017127744427186096	0.1838713739977331	-0.08647831745098862	0.39246883002392846
FadR	-0.1277024474203434	0.2704756307459804	-0.1511061668275891	0.1277864069518492	0.29085680701901684	-0.021871457957264598	0.3767683976323412	0.10765710927333025	0.021514629948364887	0.19050417698669242	-0.11040678393014566	0.21756013601444105	0.3602703496914487	-0.007010620880735486	0.29570546996347763	0.3690441207338063	0.08742286218042904	0.10184291171655262	1.0	0.04006968641114982	0.024705092145585826	0.20057932076739013	0.02140968053398262	0.33128332143906636	0.12375634943957013	0.12008311993619075	0.10608286805759624	0.023340749758616348	0.2985810839175517	0.20624658914403257	0.2626883841988162	0.30196045506066077	0.11863481801771546	0.22190504176986692	0.34060282943621173	0.27284748751101967	0.25420847151672893	-0.01135552663616137	0.2176231056630704	0.08179757356953948	0.12159439150329542	0.07917383820998279	0.39763234121153607	0.33369715796985855	0.26799882456655894	0.3269803954493934	0.30317786826749504	0.19736786868729272	0.22511649384996432	-0.033415893539314054	0.4510515931321103	-0.024516183199697745	0.35588346417026995	0.044729440409722515	-0.018764955291549472	0.28275471222870574	0.21831577179799336	0.2654800386213845	0.3175979178036187	0.08903908316191596	0.24598043742915915	0.12936064816758322	0.19012635909491626	0.145732756811217	0.26911128835901094	0.3366147516896856	0.06802821040258596	0.17801519667520255	0.09235548465639562	0.18141555770118803	0.19631837454347004	0.07778850594013685	0.2670542798371185	0.12631711515049746	0.28884177826287727	0.2688594097644935	0.30827840980647325	0.02501994038873263	0.2485831829058394	0.1634901977246967	0.26233155618991644	0.1044246673103564	0.18762856303261827	0.2614919608748583	0.10450862684186223	0.22251374837328408	0.11613702195541749	0.29066789807312876
FixJ	-0.0849040762352546	0.04395281474329373	-0.038537424961168715	0.1282901641408841	0.12493178288065153	-0.0319466017379623	0.10119222534738256	-0.12512069182653962	0.07434616514839847	0.05870870240544058	-0.07432517526552201	0.01884891482305529	0.22925150077662568	0.01460895848201167	0.04095126149196088	0.20952101087275932	-0.015826371688845976	0.27385500188908946	0.04006968641114982	1.0	0.20330800554132908	-0.12971747617648294	0.10977708744385206	0.180303093908736	-0.03738298140296377	0.0337097518995844	0.07281390369841736	0.13318080685109776	0.10362705176105118	0.164938499643172	0.17841400444985517	0.18005121531421855	0.13796650014692918	0.1788967717560136	0.15272238780907602	0.17660887452248017	0.04426766298644053	0.08257419923596826	0.19495403215650056	0.1008144074556064	0.057617228495864994	-0.0987783888165904	0.17255782712732462	0.12575038831283322	0.14117795222702656	0.22496956466982915	0.13513286595860796	0.25777675160572605	0.1114352881910919	0.03161076361193905	0.11838293942319802	0.06853196759162083	0.05860375299105831	0.2597498005961127	-0.16147516896855715	0.019205742831955	0.2635279795138743	0.20584778136937995	0.19224633726543805	0.21453759288023172	0.18359850552033918	-0.018471096931279123	0.12591830737584483	0.12961252676210067	0.10782502833634189	0.17627303639645692	-0.007577347718399731	0.058288904747911506	0.019121783300449183	0.13960371101129257	0.09525208849334621	-0.019835439318248604	0.19539481969690609	0.025271818983250073	0.0985055203391965	0.1312287477435876	0.282439863985559	0.17186516099240165	-0.1901053692120398	0.17314554384786532	0.20171277444271862	0.15857856513160656	0.15179883296251206	0.013643423869694807	0.08274211829897989	0.12698879140254396	-0.09241845430502497	0.18997942991478106
FnrN_FixK	0.013790353049829982	0.42915914529196925	-0.1256664287813274	0.14111498257839722	0.39431593971705636	0.08270013853322698	0.38031568783846187	-0.05169808152470509	0.25443936022836994	0.235653415053944	-0.027811594811300952	0.08941690105369213	0.35697493807984554	-0.022186306200411402	0.23189622601905882	0.4539481969690609	0.2371436967381722	0.24593845766340625	0.024705092145585826	0.20330800554132908	1.0	0.09225053524201335	-0.015385584148440452	0.25026237353595565	0.032723227404391084	0.16388900549934932	0.2806137441753075	0.35745770538600397	0.15641660719533185	0.28640695184920867	0.49040762352546075	0.24358759078124345	0.06223500272868478	0.4049158305696654	0.38392594769321187	0.4490155744930943	0.10576801981444943	0.1203769782964611	0.29043700936148775	0.23286176063137567	0.17679778346836825	0.12575038831283322	0.30357667604214766	0.4564879727971118	0.444649678854792	0.3256580328281768	0.4299567608412745	0.4924646320473532	0.23294572016288148	0.2361991520087318	0.10440367742747995	0.15637462742957894	0.16271357205826792	0.10417278871583896	0.2190714075815457	0.14592166575710508	0.4146761261072163	0.48732211074262205	0.43824776457747366	0.35263003232441964	0.4112967549641073	0.24425926703328996	0.28019394651777846	0.40737164686621047	0.18836320893329414	0.41064606859493724	0.27702447420343396	0.058267914865035055	0.12090172536837245	0.40653205155115235	0.1312707275093405	0.0629906385122371	0.5026237353595567	-0.04298728013097687	0.23519163763066203	0.360375299105831	0.37655849880357667	0.467696570253138	0.21313127072750934	0.26107216321732923	0.48194870072624996	0.40865202972167414	0.15962805927542925	0.3701775744091348	0.25244532135510683	0.2624574954871752	0.0360606187817472	0.4751899584400319
FruR	-0.019772469669619243	0.07613030519289703	0.15265941816044667	0.15356198312413416	0.046345661391209436	-0.0245371730825742	0.12258091599848873	0.08885017421602788	-0.12144746232316024	-0.07245707568951765	-0.158830443726124	0.0848201167037488	0.0905083749632677	-0.15652155660971412	-0.0162671592292515	0.1346081188866966	0.05925443936022837	0.03801267788925738	0.20057932076739013	-0.12971747617648294	0.09225053524201335	1.0	-0.1655262163637127	0.0633474665211368	-0.11374417530750179	0.10772007892195962	0.1855925443936023	0.19988665463246716	0.0037152092691322782	0.1730196045506066	0.02046513580454221	6.296964862936064e-05	0.13332773603123294	0.020738004281936107	0.09426556399815289	0.06045086268418622	0.21340413920490323	-0.0065068636917006	0.05919146971159901	0.009256538348516015	0.05830989463078796	0.09216657571050754	0.12799630578061374	0.09712018806935058	0.1327190294278158	0.00751437806977037	0.051740061290458	-0.047269216237773394	0.1297804458251123	-0.10788799798497124	0.19917299861466772	0.029826623567440494	0.07048402669913102	0.05239074765962806	-0.11034381428151631	0.10175895218504681	0.029532765207170145	0.008060115024558162	-0.0033793711431090215	0.03773980941186348	0.08775870030645229	0.04458251122958734	0.0981067125645439	-0.010914739095755846	0.08971075941396248	0.025943495235296588	0.11653582973007011	-0.06807019016833886	-0.23792032240460098	0.17497166365811678	-0.21193484740355148	0.13639225893119516	0.058561773225305404	0.08530288400990722	0.11156122748835061	-0.04636665127408589	0.07768355652575458	0.12235002728684774	0.13007430418538266	-0.04086730196045506	0.026825070316107636	0.13215230259015154	-0.10274547668024013	0.1566684857898493	-0.06657990848411066	0.22622895764241635	-0.07300281264430544	0.1132823978842198
