	AcnR	AgaR	AmtR	AraR	ArgR	BioQ	BirA	CadR-PbrR	CblR	CcpA	CsoR	CueR	CzrA	DasR	ExuR_UxuR	FUR	FabR	FadP	FadR	FixJ	FnrN_FixK	FruR	GguR	GlcC	GntR	GulR	HcpR	HexR	HisR	HrcA	HutC	HypR	Irr	IscR	KdgR	LexA	LiuQ	LiuR	LldR	LtbR	MerR	MetJ	MetR	MntR	ModE	NadQ	NagC	NagQ	NagR	NarP	NiaR	NifA	NikR	NmlR	NnrR	NorR	NrdR	NrtR	NsrR	NtrC	PaaR	PdhR	PdxR	PhnF	PhnR	Phr	PhrR	PhsR	PrpR	PsrA	PurR	QorR	RbkR	RbsR	Rex	RutR	SahR_SamR	SdaR	SiaR	SoxR	ThiR	TrpR	TtrR	TyrR	VanR	XylR	ZntR	Zur
AcnR	1.0	-0.04660225270912294	0.09030053915550099	-0.44206480542358406	-0.5055517002081887	0.10959269737895692	-0.4640687556718091	-0.07937863663054502	0.1662734212352533	-0.23344899375433725	0.14101318528799445	0.2890140393957188	-0.4611754657556184	0.06934820904286552	-0.1386376981796829	-0.5980729194469653	-0.0842523888325415	0.34984252388832543	0.15968611541130626	0.4262584743500774	0.01933486360967277	0.21339347675225537	0.16914002028505845	0.022575134788875247	0.23821064431751454	-0.2631078844819303	-0.013612341856616667	-0.1896225911493087	-0.23926760262638125	0.28648908343564833	-0.23987081620669407	0.20797523087599423	-0.1283563764479795	-0.27481983665189774	-0.6652111247531095	-0.33005925372337586	-0.004046335344045268	0.24509154967170235	-0.2018736988202637	0.28841082581540595	0.2837506005444937	0.14015373939038062	-0.6075908824000427	-0.4990925105428922	-0.0926439972241499	-0.3942134201676186	-0.6493567501201088	-0.03820530614423744	-0.08542144878022741	0.09183259488603	-0.0707041050552501	0.36444776597448353	-0.3667325041370843	0.15147600491111943	0.3028132173170341	-0.27353867506539264	-0.19527037847648535	-0.5400629904446699	-0.41032936529119735	0.29796081780814604	0.09903379063684407	-0.3057492126194416	0.2381519244114664	-0.35325361661239524	0.09853200234879624	-0.5435167885549564	-0.24896172529760316	0.07959750173490632	-0.1556451182405381	-0.42136870762824963	0.2618961191480275	-0.0028826135696364704	-0.47162227085891206	0.2056104201142369	-0.08675599209950355	0.23563230662467305	-0.50597341589708	-0.025665937116318795	-0.25894944749906584	-0.2163294720546629	-0.4620882933860033	0.047039982917845516	0.08449260663001121	-0.0870549298030214	-0.054812363209309774	-0.43552554315913095	0.10644317514546522	-0.3201889713340095
AgaR	-0.04660225270912294	1.0	0.22841509635402765	0.11780280787914375	0.043201836331607325	-0.06817914909517964	0.03654513425505792	-0.01355896012384562	0.11032936529119736	-0.016212032242566593	-0.009021512838306732	-0.061613195964341005	0.151251801633481	-0.11078844819302834	-0.03461271552874606	0.012235093151123685	0.17836972188117226	-0.09664762718197832	-0.09622591149308707	0.04123205039235574	-0.006987668819729889	0.08886990871723696	-0.028473816260075804	0.12215341909998398	0.1371163187957081	0.04750440399295361	-0.019228100144130678	0.11070837559387178	0.04199007099770458	0.1314845459883628	0.0956920941653766	0.17331980996103133	0.010185234612715529	0.1643036352960017	0.04262531361768003	-0.02830833288848556	-0.03778359045534618	0.049004430683819995	-0.024261997544440292	0.01734906315058987	0.01042011423690813	-0.011722628516521645	0.09495008807985907	0.04036192814818769	0.13152191320130252	0.08709229701596113	0.05300272246837132	-0.028126834997064004	0.23601665510062456	-0.14462179042331713	0.07611701275823413	0.05715582127795868	0.1297656541931351	-0.09454972508407623	0.08905674478193562	0.2079432018363316	0.13111621203224258	0.033091336144771256	0.11007313297389633	-0.05268243207174505	0.06349223295788181	0.1559013505578391	0.1024555597074681	0.17288741792558587	0.1628836812042919	0.05419847328244275	-0.12489190199113863	0.06610259969038595	-0.17125927507606897	0.21930817274328726	-0.10416377515614157	-0.10453210911226178	0.07991779213153259	-0.1634602039182192	-0.02787594085304009	0.05565045641381519	0.028217583942774783	0.02390967810815139	0.08675065392622644	0.02944002562323173	0.13261090054983185	0.09647680563711097	-0.07659744835317354	0.13479955159344473	-0.009154967170234346	0.08308866705813271	-0.04934607377355469	0.12325842096834463
AmtR	0.09030053915550099	0.22841509635402765	1.0	0.08731650029359952	-0.10361928148187691	-0.09655154006299045	-0.03483158063310735	0.08492499866545668	0.12563924624993328	-0.04283350237548711	-0.012395238349436823	0.0788875246890514	-0.12205733198099611	0.06939091442908236	0.07895692094165377	-0.061575828751401274	0.06612395238349437	-0.043201836331607325	0.034420541290770296	-0.09828644637804942	0.15617893556824855	0.07345860246623605	-0.17137671488816528	0.10374739764052741	0.10959269737895692	-0.07558319543052368	0.00011743981209630065	-0.016537660812469972	-0.06840869054609512	0.13958255484973042	-0.14122671221907862	-0.1398921688998025	-0.06147440345913628	0.1388352105909358	0.04219825975551166	0.04666097261517109	-0.043420701435968614	-0.03387604761650563	0.0873858965462019	-0.0013345433192761436	0.16082314631932954	-0.13620882933860032	0.02301286499759782	-0.09547322906101532	-0.07480916030534351	0.07291410879197138	-0.07974697058666524	-0.0801580099290023	-0.13320877595686756	-0.06076976458655848	-0.08606202957347996	0.062034911653232265	0.07966689798750867	0.17407783056638018	0.20174024448833608	0.044536379650883466	-0.05604548123632093	-0.05616292104841723	-0.10313884588693749	0.025820744141354827	0.17938931297709923	0.048758874713073184	0.1442267656008114	0.023397213473549353	0.05210057118454065	-0.12787594085304008	-0.1956920941653766	-0.09371163187957081	-0.13122297549778467	-0.015293866438904607	-0.1141248064912187	-0.09938611007313297	-0.10497517749426147	0.09465115037634121	-0.08877915977152619	0.11145038167938931	-0.015966476271819782	-0.027758501040943788	0.04449367426466663	0.24429082368013666	-0.08212245769497678	-0.0074253990284524635	0.011989537180376875	0.015982490791651097	0.009880958735920568	-0.076773608071318	-0.06550472428335023	0.06036406341749853
AraR	-0.44206480542358406	0.11780280787914375	0.08731650029359952	1.0	0.4483264826776277	-0.16175198846954572	0.4619388245342444	-0.06010783110019751	-0.22995249025783376	0.12394170714781402	-0.11311589174184594	-0.26273421235253297	0.4021886510436129	-0.11310521539529172	0.09916190679549458	0.49296428762077615	-0.07867399775796723	-0.29364223562696845	-0.19210484172316233	-0.24589227566326802	-0.18971334009501947	-0.24156835530881332	-0.28222388298724177	-0.06534991725831421	-0.2763305396893183	0.2988309400523141	-0.1475898147653873	0.26890514066086585	0.1457428068115091	-0.16717023434580686	0.32819623124966635	-0.20846634281748785	0.08188757807078417	0.3112048257086425	0.483254150429723	0.2899855869321518	0.057342657342657345	-0.25208455666470936	0.29752842577270056	-0.23466075908824	-0.26724496877168635	-0.20411573159664761	0.36155447605829283	0.4448086264880158	-0.01747717930924038	0.28644637804943146	0.5088133240804996	-0.053082795067527895	0.018662253776757592	0.06923610740404633	-0.012715528746063097	-0.24336198152992047	0.4030160679015641	-0.025190839694656488	-0.21518710297336252	0.09545721454118401	0.038477552981369775	0.4792024769124006	0.33913948646773073	-0.15640313884588694	-0.17371483478353708	0.15362728874179254	-0.1586985533550419	0.29224897240164416	-0.05715582127795868	0.45281054823039557	0.3476325201516041	-0.06191213366785886	0.03615544760582928	0.37044253456467197	-0.29469919393583516	-0.07260449474189933	0.1939465115037634	-0.010334703464474456	0.061591843271232585	-0.2120108898734853	0.5347248171675653	-0.028916884642075483	0.3254310574921262	0.07685368067047456	0.3813537607430737	-0.061351625473762876	-0.11877969358885389	0.07904766988736454	0.08942507873805584	0.27650669940746275	0.04687983771953238	0.35734799551593444
ArgR	-0.5055517002081887	0.043201836331607325	-0.10361928148187691	0.4483264826776277	1.0	-0.2160038434847595	0.6192868200501789	-0.05312550045374473	-0.2805210057118454	0.1415416644424278	-0.22326909731489883	-0.37472908770618696	0.6937810281321731	-0.2372230822612502	0.2833502375487108	0.6443708962792932	0.0747984839587893	-0.5158597128062777	-0.23318742326375913	-0.41800032029039663	-0.31794693855762557	-0.33389206213633693	-0.24804355949394116	-0.16764533176746918	-0.3145038167938931	0.3917525222868734	-0.04510756419153366	0.37240164415736937	0.1967116852613036	-0.23179416003843484	0.37335183900069396	-0.17487321838466877	0.23618747664549192	0.4430096620936316	0.6913041157315967	0.2551753589921529	0.127411519777932	-0.3412320503923557	0.19367426466663107	-0.3591202690439332	-0.3781828858164736	-0.15661666577697111	0.5685688357444083	0.7250733998825601	0.18218651577430203	0.4752201996476806	0.682085090482037	0.018069716542998986	0.09985586932151817	0.066155981423157	0.13554155767896225	-0.4114236908130038	0.35142796135162546	-0.17042652004484066	-0.42327977366145303	0.18555490311215503	0.15991565686222176	0.6594886030000534	0.6698179682912507	-0.2162066940692895	-0.19680777238029146	0.24534778198900337	-0.23916617733411627	0.5199701062296482	-0.13653445790850371	0.6568622217477179	0.4692040783643837	0.032909838253349706	-0.05196177867933593	0.4125874125874126	-0.3001174398120963	0.22583675866118613	0.5100784711471734	-0.1883254150429723	0.2913521592910906	-0.11289168846420755	0.7189291624406128	-0.005348849623658784	0.4484279079698927	0.018341963380131318	0.5869054609512625	0.20769764586558478	-0.04180857310628303	0.23610740404633535	0.04280147333582448	0.43249346073773554	-0.07849249986654566	0.5468371323333155
BioQ	0.10959269737895692	-0.06817914909517964	-0.09655154006299045	-0.16175198846954572	-0.2160038434847595	1.0	-0.21415683553088133	0.1391982063737789	-0.014215555436929483	-0.026167725404366626	0.1771259275076069	0.1309293759675439	-0.23586184807558852	0.121592910905888	-0.1160999306037474	-0.3539849463513586	0.020242353066780547	0.12291143970533283	0.13085464154166443	0.07266321464794748	0.12385095820210323	0.24146159184327123	0.042080819943415365	-0.07123258420968345	0.1572999519564405	-0.28758874713073185	0.09808893396679656	-0.1626541397533764	-0.041600384348475954	0.16584102919980784	-0.23158063310735066	-0.06660972615171089	-0.026098329151764268	-0.1989643943842417	-0.17728073453264293	-0.11077243367319703	-0.17253509848929696	0.24260929909784873	-0.23179949821171195	0.03604334596701009	0.13134041530988097	0.08363316073239738	-0.2267228954251855	-0.3430256766134629	-0.18108685207921849	-0.1234559333795975	-0.4109859606042812	-0.00445737468638232	-0.09335931244328191	0.09091976725564511	-0.017039449100517804	0.07447285538888593	-0.18440185768430042	0.16292638659050873	0.1289382373351839	-0.07629851064965569	-0.13713233331553942	-0.31585971280627767	-0.34160572252175303	0.07156888912614104	0.1131852879944483	-0.13460203918219185	0.08585917898894999	-0.11066033203437783	0.04683179416003844	-0.279325254897774	-0.1819196071104468	-0.05347781989003363	0.25396893183152724	-0.1418939838787167	0.20131852879944484	-0.06250467090161747	-0.1449047136070037	0.0681364437089628	-0.19803021406074842	-0.049714407729674906	-0.25846367373084933	0.030117973629424012	-0.12165163081193615	-0.08788768483424972	-0.18498371857150483	-0.21770672076015588	0.12934927667752094	-0.036438370789515825	0.037180376875033366	-0.05151871029733625	0.11000373672129397	-0.33623552020498587
BirA	-0.4640687556718091	0.03654513425505792	-0.03483158063310735	0.4619388245342444	0.6192868200501789	-0.21415683553088133	1.0	0.04613783163401484	-0.22178508514386377	0.2895158276837666	-0.11344152031174932	-0.39096247264186196	0.6392142208936102	-0.25175892809480593	0.1451395932311963	0.6412160358725244	0.035360059787540706	-0.526391928682005	-0.21359632733678535	-0.42410185234612713	-0.2658036619868681	-0.3593711631879571	-0.21441840602145945	-0.07956013452196659	-0.3171355362195057	0.3445577323439919	-0.18171141835263974	0.24204879090375273	0.17754764319649816	-0.17352799871883842	0.39303902204665564	-0.15442801473335824	0.21894517696044413	0.4585864517162227	0.6455452944002562	0.307809747504404	0.08948379864410398	-0.30508727913308065	0.2888752468905141	-0.32139006032135803	-0.3901617466502963	-0.2122457694976779	0.4758501040943789	0.6484973042224951	0.26077510275983556	0.505717183579779	0.7150856776810975	0.07792665349917258	0.11468531468531469	0.09805690492713394	0.20332568195163614	-0.3646079111727967	0.36378049431484544	-0.1296321998612075	-0.2959216356162921	0.29482731009448565	0.2762237762237762	0.7242246303315005	0.5681631345753483	-0.21244862008220786	-0.28092136870762824	0.16294773928361714	-0.2852826562750227	0.4756098862969092	-0.16612929055677148	0.5977579672236161	0.4032456093524796	-0.09065285859178988	0.012277798537340522	0.4541450915496717	-0.27898361180803927	0.08075054716276091	0.4144824641007847	-0.07335717717397107	0.24884428548550686	-0.14255591736507767	0.5949661025996904	0.08019003896866492	0.37322372284204347	0.09959963700421716	0.5758180750547163	0.22829231836865424	-0.05835691026530721	0.3666470933646506	-0.02385095820210324	0.4434153632626915	-0.09025249559600705	0.4972134735493514
CadR-PbrR	-0.07937863663054502	-0.01355896012384562	0.08492499866545668	-0.06010783110019751	-0.05312550045374473	0.1391982063737789	0.04613783163401484	1.0	0.07950141461591843	0.16059894304169114	0.05030160679015641	-0.05516468264559868	-0.05742272994181391	0.11591843271232584	0.05373405220733465	0.06008114023381199	0.026952436876100997	0.104542785458816	-0.025500453744728552	-0.15186035338707093	0.1296535525543159	0.04052207334650083	0.037831634014840125	-0.00816740511397	0.013820530614423744	0.06119681844872685	0.012304489403726046	-0.10231676720226339	0.10461751988469546	-0.09407996583569103	-0.1655847968825068	-0.028228260289328993	0.016121283296855814	-0.0021672983505044573	0.07870602679762985	0.07642128863502909	-0.03075855442267656	0.019537714194202745	0.019911386323600063	0.11812309827577003	0.06362568728980943	0.013879250520471894	0.06326802968024342	0.029621523514653286	0.10312283136710618	-0.02634922329578818	0.020519938077189985	-0.1433940105695831	0.13179416003843486	-0.06269684513959323	0.11693802380825281	0.01928682005017883	-0.019398921688998025	-0.008407622911439705	-0.0029413334756846206	-0.06599049805156676	0.05097421662307158	0.04012171035071799	-0.01763198633427641	0.018304596167191586	0.1337372551113009	-0.015843698286446377	0.24066620402498265	0.05182832434740832	0.026680190038968665	-0.059162974430150006	0.07271125820744141	-0.133027278065446	0.11372444349543587	-0.001606790156408477	-0.050312283136710614	-0.015656862221747718	0.10589334329792345	0.02802540970479902	0.01103934233705226	0.09493407356002775	-0.009325788715101693	0.07612235093151123	-0.061746650296268614	-0.03631559280414242	-0.02912507339988256	0.03999893236534458	0.08369721881172262	-0.04017509208348903	0.03586718624886564	0.09803555223402552	-0.11597715261837399	-0.07737682165163082
CblR	0.1662734212352533	0.11032936529119736	0.12563924624993328	-0.22995249025783376	-0.2805210057118454	-0.014215555436929483	-0.22178508514386377	0.07950141461591843	1.0	-0.12840442000747343	0.021160518870442534	0.0429402658410292	-0.19333795975017348	-0.025105428922222815	-0.08321678321678322	-0.22234559333795975	0.00028292318368654246	0.2346660972615171	0.03637965088346768	0.03702556984999733	0.15084076229114396	0.1177227352799872	0.12829231836865423	0.1975551166390861	0.17890353920888272	-0.11811776010249293	0.03233331553942241	-0.15942988309400524	0.04726418619548391	0.09889499813163935	-0.18454598836278224	0.25804729621523514	-0.07502268723642769	-0.09586291571024395	-0.35794053274969306	-0.2517909571344686	0.0639459776864357	0.01870495916297443	-0.15598142315699567	0.14394918059040196	0.27965088346767736	0.03250947525756686	-0.12297549778465809	-0.29374366091923343	0.0073239737361874765	-0.08236801366572359	-0.3430630438264026	0.016660438797843378	0.07903699354081034	-0.03394544386910799	0.04402391501628143	0.27791063897934126	-0.08033416964714675	0.0007900496450114771	0.18112955746543533	0.07950141461591843	0.01350024021779747	-0.29307105108631826	-0.20078471147173438	0.11051086318261891	0.15905621096460792	-0.1649709069556398	0.1687236427694443	-0.13902738482891155	0.12374953290983826	-0.14209683446324667	-0.2142315699567608	-0.039203544547056	-0.0857684300432392	-0.11159985053114824	0.14092243634228366	-0.05780707841776544	-0.24181391127956015	0.07179309240377943	-0.0648748198366519	0.19373298457267923	-0.18861901457321303	-0.11511236854748305	-0.2425879464047403	0.06705279453371056	-0.2523781561949501	0.025180163348102278	0.04275342977633054	-0.04696524849196605	0.14308439651951102	-0.25566647093364653	0.11344152031174932	-0.1560081140233812
CcpA	-0.23344899375433725	-0.016212032242566593	-0.04283350237548711	0.12394170714781402	0.1415416644424278	-0.026167725404366626	0.2895158276837666	0.16059894304169114	-0.12840442000747343	1.0	0.0024288688410825814	-0.11390060321358031	0.17296215235146534	-0.03859499279346608	0.07122190786312924	0.27192654673570704	-0.060646986601185074	-0.18933966796562215	0.08862969091976726	-0.06370042171568889	-0.09775796722361609	-0.1644157369348209	-0.07878076122350931	-0.11979394651150377	-0.12633854694923397	0.2086425025356323	-0.038477552981369775	0.1892649335397427	0.21837399241979394	-0.1232157155821278	-0.05599743767682699	0.04016441573693482	0.0823840281855549	0.009758180750547163	0.2671595579992527	0.13205573052901298	-0.051027598355842634	-0.0845940319222762	-0.06119681844872685	-0.09692521219238777	-0.27849783803982275	0.12283670527945337	0.23829605508994822	0.21019057278599262	0.17297816687129663	0.1801793626221107	0.25800459082901833	-0.10316019858004591	-0.13965195110233278	0.036214167511877435	0.027630384882293278	-0.2765227139272941	0.17476645491912668	-0.1644264132813751	-0.30026690866385525	0.19249986654566809	0.2488869908717237	0.2884535312016228	0.10587732877809214	-0.1027918646239257	-0.05800459082901831	0.15964874819836652	-0.10121176533390273	0.07826295841563018	-0.2955159344472322	0.2854054342603961	0.08870976351892382	-0.10953931564618588	0.08627021833128704	0.03519457641595046	0.016430897346927882	0.20350717984305772	0.09269737895692094	0.00867986974857204	0.012245769497677894	-0.1835424117866866	0.1995088880585064	0.04895104895104895	0.08244274809160305	0.2027865264506486	0.21310521539529173	0.0469065285859179	-0.03107350664602573	-0.004024982650936849	-0.054823039555863984	0.174221961244862	-0.008183419633801313	0.1785512197725938
CsoR	0.14101318528799445	-0.009021512838306732	-0.012395238349436823	-0.11311589174184594	-0.22326909731489883	0.1771259275076069	-0.11344152031174932	0.05030160679015641	0.021160518870442534	0.0024288688410825814	1.0	0.05200982223882987	-0.11874766454919126	0.12458228794106657	-0.05817007420060855	-0.14335130518336625	-0.04618587519350878	0.10974750440399296	0.16094592430470292	0.17121656968985213	0.14888165269844658	-0.10974216623071585	0.030390220466556345	-0.1148134308439652	0.0035872524422142743	-0.09868147120055518	-0.05629103720706774	0.07064004697592484	0.007953878182885817	0.14482464100784712	-0.10085944589761384	0.11605722521753056	-0.13665189772060002	-0.05579992526557412	-0.17372551113009127	-0.0208882720333102	-0.12691506966316127	0.08971867826829659	-0.033331553942240966	0.09197138739123471	0.13064111461058026	-0.08461538461538462	-0.019671168526130357	-0.1842310361394331	-0.04460577590348583	-0.027566326802968024	-0.20884535312016228	-0.05119308172743287	-0.06338546949233972	0.19141621737041584	-0.13259488603000052	0.08568835744408264	-0.01729568141781882	-0.14589761383654515	0.022831367106176267	-0.06692467837506005	-0.06891047883414296	-0.14953290983825335	-0.163807185181231	0.24534244381572626	0.05010409437890354	-0.0018149789142155553	0.18067047456360433	-0.06806704745636043	0.013051833662520685	-0.23016601718891797	-0.17055997437676826	0.0029947152084556666	-0.09304436021993275	-0.00872791330806598	0.17763839214220895	0.04419473656114877	-0.1834356483211445	0.1701489350344312	-0.14589761383654515	-0.0065072332247904765	-0.10832221213900603	0.030662467303688677	0.0704745636043346	-0.034441893983878716	-0.06257940532749694	-0.05850104094378904	-0.058244808626488016	0.10461751988469546	-0.14839054075695296	-0.052805210057118454	-0.10511930817274329	-0.26667378423103616
CueR	0.2890140393957188	-0.061613195964341005	0.0788875246890514	-0.26273421235253297	-0.37472908770618696	0.1309293759675439	-0.39096247264186196	-0.05516468264559868	0.0429402658410292	-0.11390060321358031	0.05200982223882987	1.0	-0.46829658890727593	0.049426146372711255	-0.1844872684567341	-0.44571611594512356	0.11008914749372764	0.1775850104094379	0.17348529333262158	0.13470880264773394	0.242470506592644	0.16070570650723323	0.01078311001975124	0.04328190893076389	0.24361287567394438	-0.20624566273421235	0.21707147814018043	-0.10765494047936797	0.01222975497784658	0.29641274755778574	-0.17729674905247425	0.13131906261677254	0.03818929162440613	-0.22747557785725725	-0.35922169433619816	-0.10737735546895852	-0.016270752148614745	0.10936315592804143	-0.18751935087812951	0.2525169487001548	0.20003736721293974	0.10783110019751241	-0.31513372124059147	-0.3263759141621737	-0.1729141087919714	-0.35096887844979446	-0.37894624459509957	0.10035765760956601	-0.1763305396893183	0.10429189131479208	-0.06199754444029253	0.18967063470880266	-0.3618747664549191	0.1735119841990071	0.22877275396359364	-0.21094859339134148	-0.09221160518870443	-0.4001334543319276	-0.37814018043025677	0.25168419366892647	0.20871723696151176	-0.10660332034377835	0.21316393530133987	-0.29433619815299206	-0.10238616345486574	-0.41358565099023115	-0.16603854161106069	0.12916244061282228	-0.02774782469438958	-0.2256819516361501	0.17972561789355682	-0.026194416270752148	-0.21946297976832327	0.22594886030000533	-0.05071798430577056	0.06713286713286713	-0.35187636790690224	0.00897346927881279	-0.2198366518977206	0.018907809747504403	-0.358143383334223	-0.12723002188651045	0.12402177974697058	-0.04285485506859553	0.014498478620616026	-0.29445897613836547	0.033731916938023805	-0.2611380985426787
CzrA	-0.4611754657556184	0.151251801633481	-0.12205733198099611	0.4021886510436129	0.6937810281321731	-0.23586184807558852	0.6392142208936102	-0.05742272994181391	-0.19333795975017348	0.17296215235146534	-0.11874766454919126	-0.46829658890727593	1.0	-0.31137564725350986	0.2584583355575722	0.6650456413815192	0.13588853894197406	-0.5384134949020445	-0.16218971867826829	-0.36527518283243476	-0.30152137938397483	-0.2485186569156035	-0.2026851011583836	-0.11532589547856724	-0.2948646773074254	0.2958469011904126	0.020776170394491006	0.32736347621843803	0.18779693588853894	-0.12587946404740297	0.4681097528425773	0.06804035658997491	0.1290343244541718	0.4477232690973149	0.6216623071584904	0.2255591736507767	0.013260022420327764	-0.25910425452410185	0.13537073613409492	-0.29892168899802485	-0.3897560454812363	-0.12011957508140714	0.5598355842630652	0.6507233224790476	0.3094539048737522	0.5071798430577057	0.6762824961298244	-0.02901830993434047	0.2006085517535899	-0.004067688037153686	0.2843698286446378	-0.3423744194736561	0.3503923557358672	-0.1720012811615865	-0.39945550632573534	0.3157369348209043	0.249260663001121	0.665131052153953	0.6605188704425345	-0.34320183633160734	-0.21897720600010676	0.2674104521432766	-0.3088346767736081	0.5251748251748252	-0.0924251321197886	0.5918112421929216	0.37556718091069236	-0.060049111194149365	-0.05267709389846795	0.3901617466502963	-0.26016121283296856	0.1486414349009769	0.39424011103400414	-0.22848983077990712	0.2726578764746704	-0.032819089307638924	0.6102973362515347	0.13110019751241125	0.4660171889179523	0.09644477659744835	0.5459883627822559	0.2716115945123579	-0.08502108578444456	0.20204452036513104	0.06754390647520418	0.5497357604227833	-0.18233598462606096	0.5366839267602627
DasR	0.06934820904286552	-0.11078844819302834	0.06939091442908236	-0.11310521539529172	-0.2372230822612502	0.121592910905888	-0.25175892809480593	0.11591843271232584	-0.025105428922222815	-0.03859499279346608	0.12458228794106657	0.049426146372711255	-0.31137564725350986	1.0	-0.004975177494261464	-0.23635829819035925	-0.030614423744194735	0.2916137297816687	0.05410238616345486	0.09420808199434154	0.2178294987455293	0.0754924464848129	-0.05606149575615225	0.05428388405487642	0.11056958308866706	-0.13389206213633695	0.16562750226872364	-0.23517322372284205	-0.1759622057331981	0.00269577750493781	-0.3523087599423477	-0.07678962259114931	-0.1502962686168793	-0.24629797683232799	-0.18277371483478352	0.04873218384668766	0.04963967330379544	0.1281428495168953	-0.010532215875727327	0.0066139966903325685	0.27310628302994716	0.058677200661933486	-0.24102386163454867	-0.2649762451289169	-0.13332087759568675	-0.23332621576896387	-0.17856189611914802	-0.15386750653926226	-0.12979768323279775	0.10930443602199327	-0.17519884695457213	0.1061869428281642	-0.160438797843378	-0.08058506379117066	0.28009929002295414	-0.10458015267175573	-0.1459670100891475	-0.25981423156995676	-0.2571344685848503	0.2461912133667859	0.09336465061655902	-0.10581860887204399	0.2290556771472802	-0.32363743127101907	0.178508514386377	-0.22033844018576842	-0.4588640367266322	0.1518229861741312	-0.033972134735493514	-0.06916137297816687	0.13690813003790103	-0.025649922596487483	-0.11195750814071424	0.1384028185554903	-0.015272513745796188	0.11315325895478567	-0.3015694229434687	0.04259862275129451	0.01716756525916831	-0.09979181124219293	-0.1862435274649015	-0.14324987989110127	0.08866705813270699	-0.05923770885602947	-0.04031388458869375	-0.14534778198900336	0.2507179843057706	-0.22246837132333316
ExuR_UxuR	-0.1386376981796829	-0.03461271552874606	0.07895692094165377	0.09916190679549458	0.2833502375487108	-0.1160999306037474	0.1451395932311963	0.05373405220733465	-0.08321678321678322	0.07122190786312924	-0.05817007420060855	-0.1844872684567341	0.2584583355575722	-0.004975177494261464	1.0	0.30887204398654783	0.05952063203971601	-0.0830833288848556	-0.02792398441253403	-0.29002829231836863	0.11880104628196231	-0.14558266161319597	-0.10388619014573212	0.028986280894677842	0.03142582608231463	0.1472588480222068	0.12848449260663	0.0988362782255912	0.01828324347408317	0.00683819996797096	0.10691827256712753	-0.07209736828057439	-0.04087439278278973	0.2541023861634549	0.24106656702076548	0.1861367639993594	0.05196177867933593	-0.1406234986387658	-0.00213526931084183	-0.12491325468424705	-0.08778092136870763	-0.18707628249612981	0.17882880478300325	0.25036032669620456	0.17812416591042546	0.12690439331660705	0.2764106122884749	-0.11951102332781723	0.0327870602679763	0.049917258314204876	0.09259061549137886	-0.13355041904660225	0.11028665990498052	-0.025094752575668604	-0.20779373298457268	-0.03265894410932579	0.15902952009822238	0.3113382800405701	0.25898147653872844	-0.14207548177013826	-0.00407302621043079	0.12504137084289757	-0.05007206533924091	0.20004270538621682	0.0172689905514333	0.23000587199060482	0.07042652004484065	0.07842844178722042	-0.0716489617252976	-0.0024715742272994183	-0.033294186729301234	0.2213633694549725	0.11153579245182299	0.0024822505738536275	0.19155500987562057	0.03321945230342177	0.2569583088667058	0.09750707307959217	0.07032509475257567	0.07306357764373031	0.17222014626594778	0.21135429456040142	-0.08161533123365185	0.004884428548550686	-0.005818608872043987	-0.0015000266908663856	0.009261730635776438	0.2711685261303582
FUR	-0.5980729194469653	0.012235093151123685	-0.061575828751401274	0.49296428762077615	0.6443708962792932	-0.3539849463513586	0.6412160358725244	0.06008114023381199	-0.22234559333795975	0.27192654673570704	-0.14335130518336625	-0.44571611594512356	0.6650456413815192	-0.23635829819035925	0.30887204398654783	1.0	-0.017471841135963274	-0.47856723429242515	-0.1918379330593071	-0.452372818021673	-0.2285805797256179	-0.4315112368547483	-0.16409544653819463	-0.021923877649068488	-0.3612662147013292	0.37802807879143757	-0.11067100838093205	0.3663001121016388	0.22201462659477927	-0.26071638285378745	0.3966049217957615	-0.1423477286072706	0.148646773074254	0.4472374953290984	0.682747023968398	0.3591522980835958	0.018534137618107085	-0.34277478246943893	0.24040463353440453	-0.22167298350504458	-0.40705706507233225	-0.2429509421875834	0.6584316446911866	0.7427000480435595	0.3816473602733145	0.4523888325415043	0.7900176159718144	-0.028607270592003416	0.055282122457694975	-0.019318849089841456	0.24321251267816155	-0.4067527891955373	0.40159611380985427	-0.20379544120002135	-0.4798163668392676	0.22952543639566542	0.2532642929589494	0.7635989964234239	0.7247370949661026	-0.4285592270325095	-0.12791864623925692	0.2209950354988523	-0.32021566220039505	0.45537820957668285	-0.23100411039342336	0.7016121283296856	0.4046548870976352	-0.15372337586078044	-0.06107404046335344	0.3803822132066407	-0.403726044947419	0.17753696684994394	0.4620669406928949	-0.2773608071317995	0.2799177921315326	-0.15836758661186143	0.7187957081086852	0.1421235253296322	0.3460203918219185	0.1427160625633908	0.6149041797896759	0.1771099129877756	-0.07781455186035338	0.06368974536913469	-0.04401323866972722	0.5251054289222228	-0.12483318208509048	0.5613729781668713
FabR	-0.0842523888325415	0.17836972188117226	0.06612395238349437	-0.07867399775796723	0.0747984839587893	0.020242353066780547	0.035360059787540706	0.026952436876100997	0.00028292318368654246	-0.060646986601185074	-0.04618587519350878	0.11008914749372764	0.13588853894197406	-0.030614423744194735	0.05952063203971601	-0.017471841135963274	1.0	-0.22231890247157424	-0.054823039555863984	-0.17368280574387446	0.026600117439812096	0.03753803448459937	-0.07290877061869429	0.018736988202637056	0.12327443548817595	-0.0812256445844232	0.2669940746276624	-0.09197138739123471	-0.012405914695991033	-0.03424438157262585	0.055767896225911495	0.03799177921315326	0.12652004484065552	0.19852666417551915	0.08235733731916937	-0.08717770778839481	-0.022970159611380984	-0.03268563497571131	0.08410825815405969	-0.13787433940105695	0.17331447178775422	-0.0452677093898468	-0.015843698286446377	0.023162333849356752	-0.00045374472855388883	0.10518870442534564	0.06670047509742166	0.11070303742059467	0.32807879143757007	-0.07358138045160946	0.19109058880051247	0.005722521753056104	0.04149362088293386	0.03490097688570971	0.0757326642822826	0.022959483264826778	0.17417925585864516	0.05922169433619815	0.01915870389152832	-0.05992099503549885	0.027422196124486202	0.08131639353013399	0.188106549938611	0.21872097368280574	-0.10902685101158384	-0.03257353333689211	-0.14740831687396572	0.04575882133134042	-0.04708802647733946	0.046959910318688944	-0.08077189985586933	0.003224256659371163	0.16035338707094432	-0.08919553728714034	-0.059979714941547004	-0.08796775743340629	-0.027101905727859928	-0.026354561469065285	0.04804355949394117	0.05112902364810762	0.08582181177601025	-0.0008434313777825228	-0.042934927667752094	-0.041408210110500186	-0.11415149735760423	0.10535952597021299	-0.15748144984786205	0.03210377408850691
FadP	0.34984252388832543	-0.09664762718197832	-0.043201836331607325	-0.29364223562696845	-0.5158597128062777	0.12291143970533283	-0.526391928682005	0.104542785458816	0.2346660972615171	-0.18933966796562215	0.10974750440399296	0.1775850104094379	-0.5384134949020445	0.2916137297816687	-0.0830833288848556	-0.47856723429242515	-0.22231890247157424	1.0	-0.025617893556824853	0.3269577750493781	0.2214701329205146	0.26139966903325684	0.1693108418299258	0.10246623605402232	0.28934500613889924	-0.24473923023541344	0.015624833182085091	-0.416793893129771	-0.2704799017776117	0.10252495596007047	-0.3352479581487215	-0.02862328511183473	-0.22704318582181177	-0.31861421021726366	-0.47132867132867134	-0.17906368440719586	-0.06043345967010089	0.1652484919660492	-0.26831794160038436	0.13295254363956654	0.351812309827577	0.13963059840922437	-0.5005765227139273	-0.5506432498798911	-0.11931884908984146	-0.5293172476378584	-0.511028665990498	-0.06735173223722841	-0.14882827096567555	-0.01380451609459243	-0.2710137191053222	0.3470399829178455	-0.2860193241872631	0.0808626488015801	0.32411252869268137	-0.34870015480702504	-0.37930924037794267	-0.5659958362248438	-0.45910959269737894	0.359467250306945	0.15603480488976673	-0.2956920941653766	0.338386804035659	-0.3934233705226072	0.2812736881439172	-0.4610259969038595	-0.3922756632680297	-0.006704745636043346	0.09000693962526024	-0.3077670421181872	0.2569956760796455	-0.19899642342390433	-0.5039609245716116	0.14126941760529546	-0.11060161212832968	0.2102706453851492	-0.5149415470026157	-0.11755191373511985	-0.4205519671168526	-0.08154593498104948	-0.48743927827897293	-0.1384028185554903	0.10778305663801847	-0.23485827149949287	0.05447072011957508	-0.3527251374579619	0.11885442801473335	-0.4033897400309614
FadR	0.15968611541130626	-0.09622591149308707	0.034420541290770296	-0.19210484172316233	-0.23318742326375913	0.13085464154166443	-0.21359632733678535	-0.025500453744728552	0.03637965088346768	0.08862969091976726	0.16094592430470292	0.17348529333262158	-0.16218971867826829	0.05410238616345486	-0.02792398441253403	-0.1918379330593071	-0.054823039555863984	-0.025617893556824853	1.0	0.047029306571291306	-0.0024395451876367906	0.21165857043719638	0.04217156888912614	0.08848556024128543	0.09728286980195378	-0.15487108311535794	0.003779426680190039	-0.041861954839054076	0.1422409651417285	0.1185448139646613	-0.048614744034591366	0.1527625046709016	0.006870229007633588	-0.282287941066567	-0.23614477125927508	-0.0726845673410559	-0.000715315219132013	0.16954038328084128	-0.08712432605562377	0.2388352105909358	0.048534671435434794	0.0612608765280521	-0.05293332621576896	-0.18945710777771846	0.004601505364864144	-0.13788501574761117	-0.23458068648908342	0.0449260663001121	-0.14618587519350879	-0.07542305023221053	-0.00012277798537340523	-0.000891474937276464	-0.2133027278065446	0.13620882933860032	0.029295894944749906	0.04245449207281268	0.028036086051353225	-0.1995515934447232	-0.1869428281642022	-0.027918646239256925	0.03434046869161373	0.015582127795868254	0.12119788608338226	-0.16075375006672715	0.008332888485560241	-0.08067581273688144	-0.11242192921582235	0.11714087439278278	-0.007494795281054823	-0.21479207815085677	0.10590935781775476	-0.06863823199701062	-0.20515667538568302	0.27022900763358776	0.012768910478834142	0.07520952330112636	-0.1331607323973736	-0.07555650456413815	-0.22029039662627448	0.023119628463139915	-0.15583195430523675	-0.049191266748518654	0.1474990658196765	0.04042598622751294	0.010089147493727647	-0.2692307692307692	0.045609352479581484	-0.16202957347995517
FixJ	0.4262584743500774	0.04123205039235574	-0.09828644637804942	-0.24589227566326802	-0.41800032029039663	0.07266321464794748	-0.42410185234612713	-0.15186035338707093	0.03702556984999733	-0.06370042171568889	0.17121656968985213	0.13470880264773394	-0.36527518283243476	0.09420808199434154	-0.29002829231836863	-0.452372818021673	-0.17368280574387446	0.3269577750493781	0.047029306571291306	1.0	0.047418993220519935	0.27321838466876636	0.11138098542678695	-0.04449367426466663	0.17966689798750868	-0.1364116799231303	-0.0019324187263118561	-0.1312763572305557	-0.16247264186195484	0.21837933059307105	-0.11356429829712272	0.21059093578177548	-0.06988202637057599	-0.25632306624673035	-0.4651951102332782	-0.23703624619655153	-0.0012864997597822026	0.26830726525383014	-0.17193188490898414	0.25102759835584265	0.07055463620349116	0.1395558639833449	-0.3775102759835584	-0.45675545828217584	-0.05795654726952437	-0.21723162333849358	-0.5503443121763733	-0.08757273261090055	-0.16669513692414456	0.12563390807665617	-0.2165750280254097	0.23588320076869695	-0.13633694549725084	0.029690919767255644	0.25458282175839425	-0.17409918325948862	-0.17283937436609192	-0.45563978006726097	-0.36693535472161426	0.3136390327230022	0.17769177387497997	-0.23955586398334489	0.11666577697112049	-0.37006352426199757	0.06594779266534992	-0.3439171515507393	-0.2124913254684247	0.050360326696204556	-0.04254524101852346	-0.20271713019804624	0.1897293546148508	-0.020076869695190305	-0.41172262851652164	0.11191480275449742	-0.12856990337906368	0.09246783750600544	-0.4097955479634869	-0.03301126354561469	-0.16326802968024343	-0.2447018630224737	-0.3016441573693482	-0.08409224363422836	-0.0009555330166017189	-0.16509368494101317	0.010137191053221587	-0.20542358404953825	0.07182512144344205	-0.2671168526130358
FnrN_FixK	0.01933486360967277	-0.006987668819729889	0.15617893556824855	-0.18971334009501947	-0.31794693855762557	0.12385095820210323	-0.2658036619868681	0.1296535525543159	0.15084076229114396	-0.09775796722361609	0.14888165269844658	0.242470506592644	-0.30152137938397483	0.2178294987455293	0.11880104628196231	-0.2285805797256179	0.026600117439812096	0.2214701329205146	-0.0024395451876367906	0.047418993220519935	1.0	0.16894250787380558	0.0058346233918753	0.08373992419793946	0.2655741205359526	-0.017850851438637697	0.2820103560561576	-0.09244114663961993	-0.10854641541664442	0.20538621683659852	-0.14113596327336786	-0.007206533924091176	-0.15338707094432286	-0.07332514813430845	-0.1594992793466076	0.10798056904927134	-0.10600544493674265	0.14890834356483212	-0.0050926173063577645	0.15637644797950143	0.2656702076549405	-0.06058826669513692	-0.1968291250733999	-0.25477499599637005	-0.035562910372070676	-0.22371750387017564	-0.2287994448299792	-0.10096620936315592	0.0016761864090108366	0.07022900763358779	0.05163081193615545	0.28583248812256445	-0.12219078631292372	-0.007702984038861901	0.30225804729621525	-0.1403992953611274	-0.04652218010996637	-0.21932952543639567	-0.18769017242299685	0.2937596754390647	0.21987401911066035	0.013537607430737201	0.436395665403299	-0.16743180483638498	0.143185821811776	-0.31875834089574545	-0.35257566860620293	0.03773554689585224	-0.07278065446004377	-0.1136497090695564	0.10388619014573212	-0.060935247958148725	-0.16506699407462766	0.15458815993167138	-0.09284150963540276	0.2691346821117814	-0.3071531521913201	0.028890193775689958	-0.11664442427801207	0.12386163454865745	-0.12282069075962206	-0.04595633374259329	0.1892542571931885	0.021939892168899803	-0.004313244007900496	-0.35084076229114397	0.07370949661025997	-0.1834249719745903
FruR	0.21339347675225537	0.08886990871723696	0.07345860246623605	-0.24156835530881332	-0.33389206213633693	0.24146159184327123	-0.3593711631879571	0.04052207334650083	0.1177227352799872	-0.1644157369348209	-0.10974216623071585	0.16070570650723323	-0.2485186569156035	0.0754924464848129	-0.14558266161319597	-0.4315112368547483	0.03753803448459937	0.26139966903325684	0.21165857043719638	0.27321838466876636	0.16894250787380558	1.0	0.12506806170928308	0.11615331233651845	0.11585437463300059	-0.2320877595686756	0.15188170608017937	-0.23451129023648107	-0.031265680884001494	0.22895425185501522	-0.14286019324187263	0.03619815299204612	-0.11630811936155448	-0.2985907222548444	-0.27706186942828165	-0.16787487321838468	-0.10146799765120376	0.14343137778252282	-0.25992099503549887	0.20064058079325256	0.16844071958575776	0.15318955853306998	-0.2870442534564672	-0.3722148080926707	-0.08814925532482784	-0.2966529653552554	-0.42470506592644	-0.16947098702823893	0.02159824907916511	-0.06529119735226606	-0.06572892756098862	0.25757219879357285	-0.1813003790103027	0.15520738803181552	0.18966529653552555	-0.05585864517162227	-0.14801686862755564	-0.41017455826616134	-0.28118293919820636	0.2853360380077937	0.10159611380985427	-0.05917898894998132	0.13987615437997117	-0.15234078898201037	0.1251961778679336	-0.2742433139379704	-0.21211765333902738	0.07338386804035658	-0.008204772326909731	-0.19530774568942508	0.2042011423690813	-0.25163081193615544	-0.2825068061709283	0.13881919607110446	-0.09188063844552394	0.26224843858431646	-0.38977739817434476	-0.09472588480222068	-0.21764800085410774	0.05765227139272941	-0.2725831420487909	0.07137671488816527	0.032610900549831845	-0.2820156942294347	-0.016217370415843698	-0.20987028238936636	0.0028505845299738428	-0.30300005338173275
