	CzrA	MetR	SahR_SamR	NagC	FUR	KdgR	NsrR	RbkR	NrtR	ArgR	MntR	ThiR	Zur	IscR	BirA	Phr	ModE	AraR	NadQ	XylR	SiaR	GulR	PhnF	AgaR	Irr	HutC	PhrR	Rex	NnrR	LiuR	NtrC	GntR	NifA	CueR	FadP	MerR	AcnR	FruR	HrcA	CsoR	FabR	PurR	PaaR	FixJ	NmlR	PdxR	RbsR	SdaR	MetJ	NorR	PhsR	PrpR	QorR	GlcC	PhnR	FadR	BioQ	ZntR	LiuQ	LexA	SoxR	NikR	PdhR	HypR	NagQ	HexR	HisR	PsrA	CcpA	TyrR	LldR	NrdR	CadR-PbrR	TrpR	NarP	NiaR	GguR	DasR	FnrN_FixK	HcpR	AmtR	RutR	TtrR	VanR	ExuR_UxuR	NagR	CblR	LtbR
CzrA	1.0	0.699093504906545	0.7859674060773825	0.7775682988565942	0.7499120936670033	0.7304305539969327	0.8714298183269118	0.7547650220077557	0.7586752952031821	0.7963715258294991	0.7613735832117607	0.7547700096011172	0.7747153954538086	0.6445441963116747	0.7315078741630194	0.7865010785670644	0.69795633362012	0.6740458110450255	0.5600793027344481	0.6369081908751979	0.4909861718974052	0.5330016583747927	0.62903776855073	0.6029975436102695	0.5716405441464357	0.43788326537737376	0.40686043466876143	0.49312086185613285	-0.7583361388545992	-0.6481402511253258	-0.6672177957331139	-0.558164066883627	-0.6278058329904362	-0.6592226835746081	-0.6353321113729598	-0.6500554869761468	-0.5287821543909526	-0.41345902068604345	-0.4277684260402249	-0.4378134390703126	-0.37242110250751254	-0.5487873913639821	-0.44671629322061374	-0.48196361550642774	-0.48703599795508673	-0.5075599446377137	-0.6043641441913241	-0.07689622065113032	-0.2641653885958678	-0.09326550206361675	-0.30868464694073494	-0.30419082532201147	-0.1842840933178718	-0.2832179952368483	-0.3361413483958653	-0.38636142595294204	-0.46970411102382825	-0.31235052806144714	-0.21125699821693536	-0.22322722228456715	-0.10084165637975535	0.10584421252135313	0.0093642065362411	0.107116048828539	0.09710096135862044	0.15423883090811605	0.029558972057008193	-0.01300016209678425	0.2356762553149042	0.12011371712864251	0.24146685120762104	0.2633823364381102	0.11304130974201673	0.23574608162196536	0.20405491340291027	0.21981072083193057	0.3283906283120737	-0.20325191087170663	-0.06149951994413896	-0.21283806531253507	-0.0651703886582127	-0.0490055985735483	-0.06394344069128044	0.12193917629895634	0.10953503160887293	0.13610394144565394	0.027633761019464083	-0.015030112594920136
MetR	0.699093504906545	1.0	0.8940934425616279	0.87056696467537	0.8468758962081822	0.8324517762066859	0.7826506564919762	0.7577924911781942	0.7977730395640843	0.7999675806431502	0.7940572825097569	0.8395541091534807	0.8289006097332885	0.6746742478085762	0.637122657389743	0.7150388408833028	0.607900347884637	0.640893277971047	0.5904138455591715	0.7163954662776344	0.588513572488435	0.6104091073454782	0.6697115924138705	0.6850334792204391	0.6304841706255689	0.34763276350079175	0.45240214965273884	0.4025960423446676	-0.742784822753401	-0.7606204566141722	-0.7460666591852766	-0.7446551702639683	-0.6882504769386152	-0.5774860035661292	-0.5982443671367473	-0.5910771954762528	-0.514657289991147	-0.5277696729385654	-0.528203593561017	-0.3939675058292497	-0.5340191274205414	-0.46137981770346265	-0.3692290427561441	-0.392561004501303	-0.4083118243369618	-0.49591391413858027	-0.4940186286612053	-0.10139527924288333	-0.3012182196785496	-0.33513385453683964	-0.36529881918727164	-0.5094602177084502	-0.2510829312086186	-0.2990735545330989	-0.2982007256948341	-0.42384319006471405	-0.3107046222521478	-0.24210526315789474	0.016690981184304045	-0.3476477262808763	-0.14960036908190874	0.017234628860708985	-0.046132744797316674	-0.10092145787353957	-0.028701105998827917	-0.01347897105948952	-0.09122557637875783	0.04392822853152782	0.3654584221748401	0.09224304542450654	0.05331487923789573	0.10363969625556428	0.10163967131759748	0.10856743849673936	0.14221374331350764	0.09485155675257796	0.3380416214666018	-0.1293457524408035	-0.028456713924113766	-0.054676492225588846	-0.01941420715969027	-0.034007905335478	-0.028651230065212783	-0.02730457985760421	0.11915111160987045	0.16805446451950773	0.11665731492911383	0.07687627027768426
SahR_SamR	0.7859674060773825	0.8940934425616279	1.0	0.8836992979962344	0.8695844087831519	0.8207109814336837	0.8580082045910797	0.8029850746268656	0.8108155962044414	0.8298731904387835	0.8188256711430317	0.8511353009389144	0.823494058529408	0.7088392623349419	0.6919662339929425	0.7582214242072843	0.6479357597975037	0.7134029102607264	0.5889973690445018	0.7173231586428759	0.5453509395378995	0.6379256599209466	0.7176623149914587	0.7470442274841332	0.6289928802104764	0.3540567837504208	0.4551104128480405	0.5040337161311238	-0.7992094664522001	-0.7690694397685757	-0.7568248980660607	-0.7015573760271325	-0.7152632825845708	-0.5840247384630731	-0.6326936744847192	-0.6716866793850297	-0.5480542151398397	-0.49564957169042007	-0.5218743375852567	-0.44152420853127844	-0.5547076646840983	-0.5299642140176312	-0.4592800408982656	-0.4497337872043292	-0.5156697714435342	-0.4613498921432936	-0.5002182072095662	-0.1373259018192247	-0.2680956121647402	-0.28289878926171147	-0.3454781231686181	-0.4553647801094777	-0.2326687365179117	-0.23184079601990049	-0.2913727103829225	-0.3668798862828714	-0.39238145114028855	-0.31449519320689784	-0.0696592226835746	-0.3615531365727752	-0.09637277272783949	-0.030466714048803602	-0.0703375353807404	-0.049449494382722975	-0.055629122557637876	0.027359443384580854	-0.11850771206623524	0.055314904175862545	0.32961258868564447	0.13828850733799675	0.07061185301562363	0.16094215638598985	0.09328545243706281	0.16712677215426627	0.16708687140737416	0.1962243918253345	0.30869462212745796	-0.08440753625356924	0.01035175002182072	-0.09581416227135002	-0.0508909088642003	-0.03163879848875921	-0.014900435167520792	0.03516003940198756	0.17227895609670943	0.14099178293993692	0.11973964762652901	0.03276100699509969
NagC	0.7775682988565942	0.87056696467537	0.8836992979962344	1.0	0.898273045798576	0.9068167932268482	0.8667315053803664	0.8256237608947743	0.8917243357149092	0.880517213431589	0.883529719821943	0.8839835908178406	0.8594795446327261	0.7323807030012843	0.7822466614296937	0.830042768613075	0.6502300527437997	0.646364667888627	0.6517063803788077	0.7414381725457924	0.5015848077906209	0.6031371962243919	0.6891033554034339	0.7186099577301462	0.6854923378096984	0.38462574346313544	0.5276250327310814	0.5453509395378995	-0.7513535081484807	-0.7141610244516765	-0.7621715981496029	-0.7302510006359182	-0.7422212247035499	-0.5754859786281624	-0.6360303744435716	-0.6777316425391838	-0.5424930485417524	-0.5561839923191062	-0.5272010872953528	-0.46771904886594595	-0.4835945585356426	-0.4333295926383122	-0.47605830496639606	-0.5071409867953466	-0.4649509345503061	-0.4998740632676218	-0.5066522026459183	-0.11875210414094939	-0.3076572027082632	-0.27507824287085875	-0.342066609309343	-0.4490355241337174	-0.29761218967817554	-0.3078567064427237	-0.3180663100537413	-0.5042830957991995	-0.4301524956670283	-0.3196773027095101	-0.009189640768588136	-0.28747739996758065	-0.05008790633299667	0.025279616952829837	0.055858551852267485	0.00965847454457038	0.02967867429768451	0.08521053878477287	0.058312447786131996	0.13170488410079925	0.402725719772067	0.15566528260950885	0.11809374181722965	0.1374156784997319	0.046028005336724895	0.2519358096734373	0.1198892754273744	0.18537138867068167	0.2702851656504445	-0.21106248207583636	-0.13185451190164466	-0.16573024601304256	-0.15484232970485917	-0.09392885198069802	-0.040910734547812314	-0.02639185027244729	0.07809324305789349	0.12481701766854948	0.08124041446900834	-0.001768101846656442
FUR	0.7499120936670033	0.8468758962081822	0.8695844087831519	0.898273045798576	1.0	0.9067719048865946	0.8317385503559894	0.8346163917255827	0.8739734909412835	0.8859337398221923	0.8673000910235789	0.8799436401950149	0.8544869636778514	0.7323009015075	0.7102657140363346	0.7692140799760595	0.6023092557263806	0.6237060312472724	0.6517412935323383	0.739268569433534	0.5108567438496739	0.6158605468896121	0.6183044676367536	0.7075275252808638	0.6419306973902418	0.33206149702614746	0.5067120537662564	0.5459943390815347	-0.7634534096435117	-0.6874674247808576	-0.7427149964463398	-0.7151735059040636	-0.7583810271948528	-0.5516153567999601	-0.6673973490941284	-0.6871033304654671	-0.5547126522774598	-0.5769922318233395	-0.5060187782890061	-0.4359730171199142	-0.5292559757602963	-0.470362473347548	-0.44642701280564595	-0.5011309367947231	-0.44905547450716343	-0.4231549021808252	-0.477145600319206	-0.1017992743051659	-0.2567338744872131	-0.16361051883439942	-0.39570817591241786	-0.4400778064564396	-0.25095325378121924	-0.2911183431214853	-0.31747278644372123	-0.40375815159790024	-0.43296549832292175	-0.2786842728712328	0.04518510205862916	-0.2436464295066023	-0.03823738450604122	-0.007379144378358833	0.005548697614683475	0.07897105948951982	-0.002291799149615332	0.08336014164765147	0.0051895908926545215	0.1521041409493884	0.4010050000623449	0.17157570543273606	0.157231386925024	0.15902193294180725	0.005104801805508797	0.14916146086609558	0.14165513285701817	0.1314954051796157	0.23525230987917556	-0.17860322447910823	-0.11203381588299106	-0.09355478247858452	-0.06270152994426365	-0.08155463285078368	-0.06565418521427947	0.050312348034264764	0.06652202645918279	0.10357485754186462	0.08941009239516702	0.04004289330290901
KdgR	0.7304305539969327	0.8324517762066859	0.8207109814336837	0.9068167932268482	0.9067719048865946	1.0	0.80517462811257	0.8072145537974289	0.8558386014788214	0.8590306612301899	0.8374094440080301	0.8655594209404107	0.8393496178256586	0.670075686729261	0.7150338532899413	0.7292634571503386	0.622593797927655	0.6116360553124104	0.6276711679696755	0.759967081883814	0.5222184815272011	0.5795408920310727	0.6161398521178568	0.6939612713375478	0.6785246698836643	0.30865970897392736	0.5162084315265777	0.4899288021047644	-0.695701941420716	-0.6818364318757092	-0.7389842766119278	-0.723408022543922	-0.6917218419182284	-0.5497898976296463	-0.626384368882405	-0.6502350403371613	-0.5368969687901345	-0.5487225526502825	-0.5357847354705171	-0.46620780807740747	-0.5038741131435555	-0.3920522699784287	-0.4774947318545119	-0.4803177096971284	-0.422521477823913	-0.4484669384905049	-0.43699048616566294	-0.14188456215164777	-0.31242035436850835	-0.21438421925460419	-0.3694584720507737	-0.5166024514021372	-0.2704946445716281	-0.31038541627701094	-0.34151298644621503	-0.4754198930161224	-0.42771356251324827	-0.26609059963341186	0.09160962106759436	-0.2536116410429058	-0.07080636915672266	-0.016621154877242857	0.07741493036072769	0.013179715457798726	0.03292559757602963	0.08116560056858564	0.008466439731168719	0.1471265227745982	0.40907991371463487	0.17533635082731705	0.1715058791256749	0.1326924275863789	-0.04115512662252647	0.10589408845496827	0.08730034040324693	0.0696542350902131	0.28335764785097073	-0.15252808638511703	-0.044531727328270924	-0.06593349044252422	-0.1201486302821731	-0.04500056110425317	0.006695844087831519	0.017249591640793527	0.06738986770408609	0.09610344268631778	-0.001937680020947892	0.03342934450554246
NsrR	0.8714298183269118	0.7826506564919762	0.8580082045910797	0.8667315053803664	0.8317385503559894	0.80517462811257	1.0	0.845514283220489	0.8583922492799162	0.8676242845920772	0.818371800147134	0.8163717752091671	0.8283769124303295	0.748480654372249	0.7722914250801132	0.8497238120176062	0.6720507737004202	0.6771181685557176	0.6278257833638824	0.687452462000773	0.48931034052793676	0.5676554570505866	0.6542500529931795	0.625995336600207	0.6096659559346127	0.39854112894175736	0.4767465928502849	0.5415603685831494	-0.7995785483609521	-0.713961520717216	-0.7130737290988666	-0.6482150650257484	-0.7136473023354406	-0.6590331550268707	-0.6754722627464183	-0.6547937006695844	-0.5864287584633224	-0.5021234678736642	-0.4155089215576254	-0.41676080749136524	-0.41725457923415504	-0.4681130687415055	-0.44385840222446665	-0.5433160014464021	-0.5182832703649671	-0.4972356263793813	-0.5640893277971047	-0.11966982131946782	-0.26408059950872204	-0.14112644796069776	-0.3416725894337835	-0.38315440342148904	-0.20422947917056322	-0.3103205775633113	-0.3391887679397499	-0.4638586516041347	-0.48174416139852116	-0.3231137545355927	-0.13159016945348445	-0.1983790321575082	-0.07000835421888053	0.02539433160014464	-0.027130014089951245	0.0808813077469794	0.1248569184154416	0.12872729086397586	0.044741206249454483	0.04155413409144752	0.32007132258506965	0.2012867990872704	0.2071222833202409	0.22655893465005797	0.08540505492587189	0.2500904001296774	0.22217484008528784	0.2730383171859998	0.2810833052781207	-0.20239903240688786	-0.10030798389007345	-0.20563598049850995	-0.11460741405753189	-0.0668312572475966	-0.03850671454756294	0.07983391314106161	0.1711018840633923	0.17778027157445853	0.07670170451003129	-0.01277073280215464
RbkR	0.7547650220077557	0.7577924911781942	0.8029850746268656	0.8256237608947743	0.8346163917255827	0.8072145537974289	0.845514283220489	1.0	0.8342473098168306	0.8481976084489832	0.7985311537550344	0.8062419730919338	0.7880372573224105	0.655586728014065	0.7049888402598536	0.778052095412661	0.6374568261449644	0.6187982393795434	0.6106385366401077	0.6726193593436327	0.4500280552126585	0.5767179141884562	0.5759448372174216	0.6153119116198457	0.6156610431551516	0.2817267048217559	0.47476651828576416	0.4972755271262734	-0.7182807765682864	-0.6224142445666405	-0.6566291350266212	-0.6938016683499795	-0.7239466826269654	-0.6182047157695233	-0.6527737253581716	-0.6225489095874014	-0.5345228743500542	-0.5612314368009577	-0.4466714048803601	-0.3315178493497425	-0.43360391027319545	-0.44159403483833964	-0.43134951807379146	-0.539310963977107	-0.48121547650220076	-0.4376937368296363	-0.4688312821855634	-0.13276724148680158	-0.2594321624957917	-0.12212371725333233	-0.2686941233681218	-0.3794336587738002	-0.21519719697253084	-0.32895422636192473	-0.3154528111323084	-0.4845471888676916	-0.44706542475591965	-0.280639409468946	-0.030825820770832554	-0.23696305440217458	-0.08463696554819886	0.056601703263132956	-0.011673462262621729	0.07122532699908976	0.11050761231436801	0.1429868202845422	0.0024713525106298084	0.0834848314816893	0.33044052918365563	0.22330702377835135	0.23097295477499719	0.2515118642377087	0.0652501901519969	0.1935510417835634	0.2010573697926408	0.20872828838264817	0.23758650357236374	-0.15509170937293482	-0.106173393683213	-0.1588174416139852	-0.10160475816406689	-0.09066696592226836	-0.02456140350877193	0.02695046072893677	0.10232297160812479	0.1321388047232509	0.10027307073654285	-0.00871581939924438
NrtR	0.7586752952031821	0.7977730395640843	0.8108155962044414	0.8917243357149092	0.8739734909412835	0.8558386014788214	0.8583922492799162	0.8342473098168306	1.0	0.9102582326462924	0.9043728724797068	0.8430753500667091	0.8511203381588299	0.7110786917542613	0.786895098442624	0.8384319006471402	0.7096123393059763	0.587386376388733	0.6368383645681368	0.7022157383508523	0.4669659222683575	0.5860995773014626	0.620339405728251	0.5829573934837092	0.5906382872604397	0.3910747016795721	0.5923240938166311	0.5931919350615344	-0.697422661130438	-0.6180251624085088	-0.6732078953602912	-0.6904749435778501	-0.7062906021272086	-0.589097120911732	-0.7576079502238182	-0.6816768288881407	-0.5654758787516054	-0.5806231997905211	-0.4558336138854599	-0.35799199491265477	-0.3685956183992319	-0.3449644010523822	-0.4236087731767229	-0.5228369431040287	-0.47266175388720555	-0.42042170101871595	-0.5248070424818264	-0.11533560268831282	-0.32086933752291175	-0.20339655107919052	-0.30226062669110587	-0.4229354480729186	-0.1996957568049477	-0.3650743774860036	-0.31050511851768725	-0.5757702714497687	-0.5362236436863302	-0.32238556590481177	-0.019264579358844874	-0.10431800895273008	-0.046122769610593646	0.10988915073754037	0.05446202571104378	0.09390391401389045	0.12773475978503473	0.24247933266000823	0.169106846718787	0.22409506352947045	0.3764610531303383	0.20915722141173831	0.23186074639334656	0.20834923128717317	0.06705071135550318	0.2708088629534034	0.2325490342772354	0.1578648112819362	0.17164553173979724	-0.319258344867143	-0.1569969700370329	-0.19062831207371664	-0.11797902716991483	-0.15415902941433185	-0.05984363894811656	-0.03763887330265964	0.05461165351188917	0.12267734011646031	0.039908228282148156	-0.07771917355578
ArgR	0.7963715258294991	0.7999675806431502	0.8298731904387835	0.880517213431589	0.8859337398221923	0.8590306612301899	0.8676242845920772	0.8481976084489832	0.9102582326462924	1.0	0.896183244180102	0.8811456501951396	0.85978877542114	0.7403309268195364	0.7574084464893577	0.8049651491913864	0.6897218169802616	0.5736206187109565	0.6333270988416314	0.6980860110475193	0.5049763712764498	0.5848526789610843	0.5859549370939787	0.5990723076347585	0.5716255813663512	0.41518971558248857	0.5688225538971807	0.6079252858514446	-0.7019763338694996	-0.6315116148580406	-0.7087794112146036	-0.6903751917106198	-0.7237621416725895	-0.6027830770957244	-0.7322909263207771	-0.6451476951084179	-0.5710320577563311	-0.5748625294579733	-0.48889138268556964	-0.383523485330241	-0.4256586740483048	-0.3745408296861557	-0.45561914737091486	-0.49133530343271115	-0.46846718787017294	-0.4379381289043504	-0.4774199179540892	-0.07812316861806257	-0.2549034277235377	-0.21208493871494657	-0.2719061334929363	-0.43160388533522864	-0.24449432037805957	-0.3457125400566092	-0.35458546864674123	-0.49971446028005334	-0.45854686467412314	-0.3267696604695819	-0.023863140438160076	-0.1417050087906333	-0.04210276936121398	0.0908315565031983	0.03352909637277273	0.1349617825658674	0.08611329318320678	0.22552151523086322	0.09425803314255789	0.14113642314742078	0.3768101846656442	0.16942605269392386	0.24458409705856682	0.29049489395129613	0.027100088529782167	0.25408546241224955	0.14798438883277845	0.11904138455591716	0.17917181012232072	-0.2712627339493011	-0.15904687090861483	-0.2155962044414519	-0.0942231199890273	-0.1167969675432362	-0.053609147246225015	0.017099963839948128	0.03737453085449943	0.12068230277185502	-0.028855721393034824	-0.05781867604334218
MntR	0.7613735832117607	0.7940572825097569	0.8188256711430317	0.883529719821943	0.8673000910235789	0.8374094440080301	0.818371800147134	0.7985311537550344	0.9043728724797068	0.896183244180102	1.0	0.8837142607763189	0.871684185588349	0.7128293370241524	0.7396825396825397	0.8130749759972069	0.6898115936607688	0.5710919088766693	0.5909425304554919	0.6822454145313532	0.48867192857766306	0.5700445142707515	0.6242596541104004	0.6011621092532325	0.5669372436065288	0.3619022681080811	0.5767727777154329	0.5778052095412661	-0.6725046446963179	-0.6628935522886819	-0.6926694846569159	-0.6793775483484832	-0.6758463322485317	-0.5613661018217184	-0.7124053915884238	-0.6559957106697091	-0.5185775383732965	-0.5511016346837242	-0.465833738575294	-0.3889449993142059	-0.37931894412648537	-0.3814486464918515	-0.4626865671641791	-0.4898839137645108	-0.42720482799037396	-0.497310440279804	-0.4866569408596117	-0.1260290028553972	-0.27800596017406703	-0.21313233332086434	-0.2897716929138767	-0.4219878053342311	-0.22545667651716356	-0.3485454930859487	-0.3669796381501016	-0.49465704061147897	-0.45760919712215864	-0.30767216548834775	-0.016586241723712265	-0.21938178780284043	-0.11334555293706904	0.11781942418234641	0.05826257185251686	0.07256698961333682	0.05004800558610457	0.21075823888078404	0.11120587538497986	0.19721692290427562	0.35760795022381825	0.1724934226112545	0.25009538772303896	0.2390728063940947	0.08282148156460804	0.27136747340989287	0.1767528273419868	0.12545542961882317	0.18397486252945797	-0.30810608611079937	-0.14364019501490044	-0.15891220588785396	-0.14335091459993266	-0.14493696928889388	-0.06148954475741593	-0.032302148405840475	0.051255003179590766	0.11160488285390092	0.011269467200339157	-0.07870671704135962
ThiR	0.7547700096011172	0.8395541091534807	0.8511353009389144	0.8839835908178406	0.8799436401950149	0.8655594209404107	0.8163717752091671	0.8062419730919338	0.8430753500667091	0.8811456501951396	0.8837142607763189	1.0	0.8949413334330852	0.7166298831656255	0.724370628062694	0.7833040312223345	0.622070100624696	0.6092669484656916	0.6199902741929451	0.721747153954538	0.5204778114440329	0.5620743400790533	0.6591977456078006	0.6476115662290054	0.5494956296213169	0.3691542288557214	0.5304729485405055	0.5421838177533386	-0.7256225139964338	-0.6601753139066572	-0.7443858402224467	-0.6925098816693475	-0.6976471028317062	-0.6312023840696268	-0.6924799561091785	-0.6515168518310702	-0.5386775396201947	-0.5687676903702041	-0.5029863215252061	-0.38608212072469733	-0.4192097158318682	-0.4245414531353259	-0.46893602164615517	-0.440781057120413	-0.43685083355154053	-0.5212109876681754	-0.4569209092382698	-0.05192832828339505	-0.2155962044414519	-0.2319106223269617	-0.3320365590593399	-0.41665108043741195	-0.2313869250240028	-0.26418533896931384	-0.3437923166124266	-0.46651205127245976	-0.3916532625095076	-0.3242259878552102	-0.01989301612239554	-0.24112270726567664	-0.030970460978316437	0.06812803152159004	-0.02342423222234691	0.05079614459033155	0.031788426289604606	0.14949064202795545	0.02616740857117919	0.13712639808476415	0.3652888440005486	0.14516639858352348	0.18457337373283955	0.16769037020411726	0.08647738749859724	0.22402523722240925	0.09225302061122957	0.15469768949737528	0.21343158892255515	-0.23291811618598735	-0.12809386650706367	-0.16844848439506727	-0.1120088779161835	-0.15205426501577327	-0.07623287073404905	0.014376737864561902	0.006077382511003878	0.11209366700332922	0.0337834636342099	-0.014391700644646442
Zur	0.7747153954538086	0.8289006097332885	0.823494058529408	0.8594795446327261	0.8544869636778514	0.8393496178256586	0.8283769124303295	0.7880372573224105	0.8511203381588299	0.85978877542114	0.871684185588349	0.8949413334330852	1.0	0.7431040287285378	0.6865696579757853	0.8027057693986209	0.6230775944837218	0.6100599758101722	0.5737702465118019	0.6371176697963815	0.501071085674385	0.5554458285016023	0.6718612451526828	0.6325041459369818	0.5280489781668101	0.41747902093542316	0.5156996970037033	0.5227072656766294	-0.7298270552001895	-0.6778912455267522	-0.7069788900110974	-0.679502238182521	-0.6726043965635482	-0.6505941470591903	-0.6860609234529109	-0.6175014651055499	-0.54386962430953	-0.561361114228357	-0.44587338994251796	-0.36024638711205875	-0.4013690943777354	-0.3924014015137346	-0.41368844998067306	-0.4465267646728762	-0.4170451003129715	-0.4974600680806494	-0.4618835646329755	-0.12824848190127058	-0.2848240002992556	-0.27482387560942156	-0.3858427162433447	-0.4115836855821145	-0.14410404119752115	-0.27489868950984425	-0.3126398084764149	-0.5036197458821182	-0.43708026284617013	-0.29638025411788177	-0.01594284218007706	-0.24110774448559208	-0.06255190214341824	0.12277210439032905	-0.03092557263806282	0.04768887392610881	0.07534009152233818	0.1889225551440791	0.06724023990324068	0.1209017568797616	0.3375827628773426	0.1272360004488834	0.17895235601441414	0.22371101884063394	0.12781456127881893	0.22521727203581093	0.13822366862429705	0.1522238431900647	0.2338807217047594	-0.2401650893402661	-0.09108093617127395	-0.08575917405453934	-0.04211773214129852	-0.12105138468060699	-0.11082681828950486	0.020885547201336674	-3.740695021134927e-05	0.1099789274180476	0.06390353994438834	-0.0535293457524408
IscR	0.6445441963116747	0.6746742478085762	0.7088392623349419	0.7323807030012843	0.7323009015075	0.670075686729261	0.748480654372249	0.655586728014065	0.7110786917542613	0.7403309268195364	0.7128293370241524	0.7166298831656255	0.7431040287285378	1.0	0.5972917368046983	0.7352385939974314	0.5001234429356974	0.49172433571490914	0.514472749036771	0.6175363782590806	0.412521353134079	0.4478534645070387	0.5572463497051086	0.5027319542637688	0.50995398945124	0.37746355939600246	0.48290128305839225	0.5049663960897268	-0.6681853888452475	-0.5697652090425067	-0.6206885372635569	-0.5414855546827267	-0.6630381924961658	-0.49937031633810897	-0.5673262758887267	-0.49620319455354805	-0.475629371937306	-0.4615992718113692	-0.40528934275988476	-0.2936171273956034	-0.34866519532662504	-0.3535131360740159	-0.4141522961632938	-0.4276437362061871	-0.41020212222097535	-0.3482013491440043	-0.492412623598798	-0.07083130712353022	-0.25544707539994266	-0.13412386688113317	-0.23821494033591442	-0.3074676741605257	-0.15325128742253644	-0.18484270377436127	-0.18270801381563362	-0.40964849935784736	-0.3628947991870223	-0.22305764411027568	0.021299517450342274	-0.1268220301998778	-0.038192496165787605	0.03803788077158069	-0.003294305415279492	0.11342036683749174	0.04766892355266275	0.19639396999962594	0.10527562687814063	0.12109627302086061	0.2811830571453509	0.07764934724871882	0.17210937792241798	0.3062806269404855	0.12532076459806232	0.23521739672564496	0.12593922617488995	0.17925161161610495	0.2116410429057719	-0.2706542475591965	-0.21389543510517586	-0.23337697477524658	-0.12104140949388396	-0.07287123280838913	-0.04928989139515455	0.032087681891295405	0.10232297160812479	0.22381575830122571	0.022905522512749535	-0.09552986944974376
BirA	0.7315078741630194	0.637122657389743	0.6919662339929425	0.7822466614296937	0.7102657140363346	0.7150338532899413	0.7722914250801132	0.7049888402598536	0.786895098442624	0.7574084464893577	0.7396825396825397	0.724370628062694	0.6865696579757853	0.5972917368046983	1.0	0.8018977792740558	0.569700370328807	0.5704135961795035	0.5760396014912904	0.5410466464669136	0.4069202857890996	0.4218980286537239	0.5151011858003217	0.4493846556690233	0.5096248082893802	0.3612439057843614	0.5016047581640669	0.5702639683786581	-0.6102245663911021	-0.4113791942542924	-0.5337049090387661	-0.5678399980049627	-0.5852766243968129	-0.5738949363458398	-0.6444045436975523	-0.6773675482237933	-0.5371962243918253	-0.5636155064277609	-0.363164129228544	-0.32787690619583787	-0.1974064514520131	-0.2575668025785858	-0.3918826918041372	-0.4419880547138992	-0.38941882068354966	-0.3992344044190077	-0.462073093180713	-0.12628337011683438	-0.20641404506290603	-0.16213917879275302	-0.16667788875173006	-0.26912804399057344	-0.21128193618374294	-0.293642065362411	-0.4013690943777354	-0.483764136709934	-0.5144827242234941	-0.32215613661018216	-0.12153019364331226	0.0019626179877554584	0.04789336525393085	0.10659235152558012	0.09530542774847567	0.23502288058454593	0.15313657277522164	0.24139203730719835	0.1938153842317236	0.3179067070661729	0.34338832155014404	0.28334268507088617	0.22559632913128594	0.21191037294729362	0.04649185151934563	0.3286898839137645	0.20296761805010038	0.3220414219628674	0.058013192184441204	-0.39317447848476916	-0.21460367336251077	-0.303632214865522	-0.23074352548036758	-0.15616404194566016	-0.1108068679160588	-0.07056696467537002	-0.05121011483933715	0.006501327946732503	0.03881594533597676	-0.12812379206723276
Phr	0.7865010785670644	0.7150388408833028	0.7582214242072843	0.830042768613075	0.7692140799760595	0.7292634571503386	0.8497238120176062	0.778052095412661	0.8384319006471402	0.8049651491913864	0.8130749759972069	0.7833040312223345	0.8027057693986209	0.7352385939974314	0.8018977792740558	1.0	0.6065935984239205	0.5716355565530742	0.6066384867641741	0.6280552126585119	0.46092095911420344	0.4821631192408883	0.5929924313270739	0.5516652327335753	0.5571116846843477	0.3257821169840023	0.49601366600581054	0.606977643112757	-0.7165650444519258	-0.5447723787079639	-0.6139752365989601	-0.6388334019127421	-0.6532076459806232	-0.6273768999613462	-0.6504993827853215	-0.67254454544321	-0.5344580356363545	-0.49856731380690533	-0.37244105288095863	-0.2972580705495081	-0.2238855846082869	-0.36619658599234406	-0.41677078267808826	-0.4830259728924301	-0.3903714510155987	-0.4878589508597364	-0.5448920809486403	-0.09082656890983679	-0.28842005511290664	-0.2059851120338159	-0.32208631030312096	-0.3138418184765396	-0.19684285340216212	-0.3340315964039452	-0.27787628274666765	-0.5408920310727067	-0.4751954513148543	-0.30171697901470096	-0.13132083941196274	-0.14971009613586203	-0.019808227035249815	0.1552014364268881	0.04677614434095188	0.13095175750321075	0.09320066334991708	0.23989077170538287	0.17752590431302137	0.19481789049738774	0.2291624583847679	0.20921208493871496	0.23309766954700184	0.24580605743213757	0.1660444643948179	0.3105849200114715	0.26260925946707564	0.24858913452786194	0.23790072195413908	-0.31095400192022343	-0.248988141996783	-0.3165550692652028	-0.23094801680818963	-0.13044302298033641	-0.1047369667950972	0.005927754710158481	0.035529121310739535	0.11117096223144927	0.07771418596241848	-0.12102644671379942
ModE	0.69795633362012	0.607900347884637	0.6479357597975037	0.6502300527437997	0.6023092557263806	0.622593797927655	0.6720507737004202	0.6374568261449644	0.7096123393059763	0.6897218169802616	0.6898115936607688	0.622070100624696	0.6230775944837218	0.5001234429356974	0.569700370328807	0.6065935984239205	1.0	0.473579471065724	0.5029414331849524	0.5700495018641131	0.46328507836756067	0.4409007593610893	0.48972431077694234	0.44401800521203505	0.4717989002356638	0.3519370565717777	0.42554894699435153	0.4668811331812117	-0.538777291487425	-0.5575605680868839	-0.5100986296587239	-0.5598299230663724	-0.53595930123817	-0.5364331226075139	-0.5757203955161536	-0.5499095998703226	-0.48432274716642354	-0.389733039065325	-0.37872043292310376	-0.3054776244092819	-0.32321849399618446	-0.4214242072843801	-0.365418521427948	-0.5306724522749661	-0.47804835471763985	-0.4213892941308495	-0.4616740857117919	-0.15014900435167522	-0.20791032307135998	-0.05837728649983167	-0.1701592289180663	-0.2922106260676567	-0.1550817341862118	-0.21416476514669758	-0.20669833788451228	-0.441180064589334	-0.45003304280602	-0.3521664858664073	-0.16866793850297385	-0.1755358545617776	-0.11608374169253981	-0.01803763139191262	0.007942742428209828	-0.06605319268320053	0.1938253594184466	0.1718550106609808	0.13774485966159178	0.03493061010735795	0.33179216698462577	0.13539570318831906	0.15968528285888853	0.23544183842691305	0.10676691729323308	0.22772603149665208	0.2530530305864163	0.19939151360989538	0.19753612887941246	-0.24761655382236686	-0.04778862579333907	-0.1536951832317111	-0.010855496951333558	-0.020990286661928453	0.0879337647601591	0.01984812778214192	0.13387448721305753	0.07939500492524844	-0.011872965997082258	0.09947006820533921
AraR	0.6740458110450255	0.640893277971047	0.7134029102607264	0.646364667888627	0.6237060312472724	0.6116360553124104	0.6771181685557176	0.6187982393795434	0.587386376388733	0.5736206187109565	0.5710919088766693	0.6092669484656916	0.6100599758101722	0.49172433571490914	0.5704135961795035	0.5716355565530742	0.473579471065724	1.0	0.4919238394493697	0.5228668686641978	0.4425915535106423	0.48678163069364955	0.5339393259267572	0.5506028753475729	0.4732353271237796	0.4330702377835135	0.335283482337685	0.33227596354069255	-0.6435915659796256	-0.6131722340677564	-0.559301238170052	-0.47785383857654085	-0.5339193755533111	-0.5048167682888814	-0.5300938914450305	-0.563675357548099	-0.41535929375678	-0.3950398384019751	-0.3977281512238307	-0.43320989039763586	-0.3621217222159877	-0.4995099689522313	-0.34818638636391974	-0.36534370752752526	-0.3513584957418422	-0.3865210289405105	-0.4725320764598062	-0.16677764061896033	-0.16900709485155677	-0.10373446052943304	-0.19320191024825745	-0.3563111759498248	-0.1699248120300752	-0.24311275701692042	-0.24757665307547475	-0.22069352485691843	-0.4105961420965349	-0.41870098130899386	-0.14620381800271823	-0.2415616154814898	-0.10622326961682814	0.04835721143655158	-0.007548722552650282	-0.004800558610456489	-0.00478559583037195	-0.014541328445491839	-0.13210887916308184	-0.10261723961645407	0.1449419568822554	0.15875260290028553	0.15434855796206937	0.10239279791518598	0.13123106273145552	0.18160076808937767	0.09067195351562987	0.25201561116722154	0.2440155114153543	0.009967705332984201	0.06489607102332946	0.0017431638798488759	-0.05826755944587838	-0.0023416750832304643	0.005274379979800247	0.0658137882018479	0.0711255751318595	0.08317560069327548	0.13794436339605232	0.0693549794885223
NadQ	0.5600793027344481	0.5904138455591715	0.5889973690445018	0.6517063803788077	0.6517412935323383	0.6276711679696755	0.6278257833638824	0.6106385366401077	0.6368383645681368	0.6333270988416314	0.5909425304554919	0.6199902741929451	0.5737702465118019	0.514472749036771	0.5760396014912904	0.6066384867641741	0.5029414331849524	0.4919238394493697	1.0	0.6064689085898827	0.3719772066983379	0.39627676155563035	0.46753949550493146	0.4926570156735121	0.4704522500280552	0.19462836194965025	0.340560356114166	0.4103667128019053	-0.5045075375004676	-0.46271649272434817	-0.49551989426302073	-0.5113305652190177	-0.5212109876681754	-0.4230351999401489	-0.45615281986059675	-0.6339156348582901	-0.38360827441738676	-0.34442574096933876	-0.3087195600942655	-0.4246611553760022	-0.376535867030761	-0.4270801381563361	-0.456806194590955	-0.4801231935560294	-0.435524133717378	-0.24910285664409781	-0.38089003603536203	-0.07301587301587302	-0.14904175862541927	-0.09267696604695819	-0.16684247933266	-0.3611242035436851	-0.21629945510542525	-0.19143630219828178	-0.27148717565056923	-0.2686941233681218	-0.3142508011321837	-0.3157570543273607	0.007872916121148642	-0.16711679696754322	-0.12545542961882317	-0.007783139440641404	0.08603847928278407	0.008381650644022992	0.048167682888814074	0.05432237309692141	0.08244741206249455	0.03249666454693949	0.2990735545330989	0.08206835496701954	0.16213419119939151	0.23893814137333383	0.028172421102507512	0.18080774074489706	0.1118642377086996	0.0987468671679198	0.10723575106921533	-0.0949762465866158	-0.1494357785009788	-0.07899599745632739	-0.20246387112058753	-0.022012743301038667	-0.1954463272609384	0.0808513821868103	0.11703637202458883	0.08465691592164491	0.24247434506664672	0.10633299667078143
XylR	0.6369081908751979	0.7163954662776344	0.7173231586428759	0.7414381725457924	0.739268569433534	0.759967081883814	0.687452462000773	0.6726193593436327	0.7022157383508523	0.6980860110475193	0.6822454145313532	0.721747153954538	0.6371176697963815	0.6175363782590806	0.5410466464669136	0.6280552126585119	0.5700495018641131	0.5228668686641978	0.6064689085898827	1.0	0.43628224790832804	0.4328856968291375	0.5529969201610992	0.6059851120338159	0.5594807915310664	0.19026421775832617	0.33061509495130864	0.43191810371700395	-0.632050274941084	-0.580603249417075	-0.5780845147695108	-0.5765233980473572	-0.6105038716193468	-0.507884138206212	-0.5489769199117196	-0.6144241200014963	-0.34023117495230615	-0.35318395491215604	-0.45652688936271024	-0.43121984064639207	-0.425524009027544	-0.43809773189191886	-0.4675943590319081	-0.4535293457524408	-0.43636204940211226	-0.41106996346587865	-0.41824212271973465	-0.05882616990236786	-0.15030860733924364	-0.10936046584121996	-0.3844362149153979	-0.473015873015873	-0.28397610942779833	-0.2830633798426414	-0.25924762154141573	-0.30044514270751504	-0.32146784872629336	-0.2703948927043978	0.02539433160014464	-0.2843003029962967	-0.13038317185999826	0.09265202808015062	0.08583398795496203	0.03429219815708425	-0.013638574047057943	0.014361775084477363	0.026895597201960122	0.031164977119415453	0.2962406015037594	0.1077544607788127	0.10543522986570905	0.18084265389842766	-0.011912866743974364	0.01878078280277809	0.09118567563186573	0.06457686504819263	0.31009114826868167	-0.07635257297472538	-0.041429444257409694	-0.089400117208444	-0.04638711205875385	-0.10821331936807192	-0.11782441177570793	0.1300589782914999	0.1260290028553972	0.12282198032394419	0.05794336587738002	-0.03323482836444345
SiaR	0.4909861718974052	0.588513572488435	0.5453509395378995	0.5015848077906209	0.5108567438496739	0.5222184815272011	0.48931034052793676	0.4500280552126585	0.4669659222683575	0.5049763712764498	0.48867192857766306	0.5204778114440329	0.501071085674385	0.412521353134079	0.4069202857890996	0.46092095911420344	0.46328507836756067	0.4425915535106423	0.3719772066983379	0.43628224790832804	1.0	0.4304916520156112	0.5021484058404718	0.5147819798251848	0.453045549196374	0.37780770333794683	0.27745732490430053	0.2740857117919176	-0.5696903951420841	-0.5558298731904388	-0.6214815646080375	-0.4648212571229068	-0.4458285016022644	-0.36217159814960287	-0.29931295901445154	-0.3067943490567214	-0.3957281262858639	-0.2689185650693899	-0.3853040561603013	-0.2432623848177658	-0.48621803264379854	-0.4602027456701455	-0.2101298021172334	-0.22994551054252546	-0.3351188917567551	-0.4491153256275016	-0.43064127981645656	-0.08132520355615407	-0.2227234753550543	-0.023942941931944288	-0.21897779274055787	-0.3545405803064876	-0.3240115213406651	-0.2663599296749336	-0.2745345951944538	-0.2749086646965673	-0.21791044776119403	-0.08992381451140288	-0.1345777378770309	-0.3242409506352947	-0.2677464806294343	-0.117475280240402	-0.040227434257285005	0.059494507412810635	0.027977904961408496	-0.03305527500342897	-0.23797054826120026	-0.1435853314879238	0.029733537824661156	0.11911619845633986	0.051903390316587486	0.2168480903751917	0.06501577326400579	-0.008396613424107533	0.06095587226773401	-0.09281661866108057	0.4251200139652614	0.04199304230726069	-0.03721492786693101	-0.05771393658275041	-0.0032544046683873865	0.0861232683699298	0.11698150849761219	0.15559046870908616	0.12547039239890773	0.17734136335864537	0.05833738575293956	0.013523859399743139
GulR	0.5330016583747927	0.6104091073454782	0.6379256599209466	0.6031371962243919	0.6158605468896121	0.5795408920310727	0.5676554570505866	0.5767179141884562	0.5860995773014626	0.5848526789610843	0.5700445142707515	0.5620743400790533	0.5554458285016023	0.4478534645070387	0.4218980286537239	0.4821631192408883	0.4409007593610893	0.48678163069364955	0.39627676155563035	0.4328856968291375	0.4304916520156112	1.0	0.49775932368234016	0.5677252833576478	0.451539296001197	0.3010735794710657	0.34415142333445553	0.24619010212097409	-0.5904288083392562	-0.6019551365977132	-0.6856469532039053	-0.5534458035636355	-0.5481190538535393	-0.39853115375503434	-0.44111522587563434	-0.3842317235875759	-0.34120874325116274	-0.36344842205015027	-0.4738238631404382	-0.3509594882729211	-0.489789149490642	-0.36797216922904274	-0.17421912991433808	-0.3390790408857966	-0.3972194167009564	-0.29470941034177484	-0.3954637838377037	-0.06198331650020574	-0.2226436738612701	-0.18819436651329818	-0.16221898028653725	-0.2673125600069826	-0.18464818763326227	-0.23388570929812091	-0.20645394580979812	-0.3308046234990461	-0.21577575780246636	-0.1865185351438297	0.034686218032643795	-0.20435915659796255	-0.17744111522587563	-0.1037992992431327	0.006910310602376588	0.011404132221100014	-0.000750632800907742	0.0071197895235601445	-0.286664422249654	-0.07242733699921446	0.23739697502462626	0.18980535916906693	0.03829224803301787	-0.012127333258519432	-0.07756455816157308	0.03932966745221262	0.08443247422037681	0.02130450504370379	0.23925235975510917	-0.0019476552076709186	-0.0038878290252995673	-0.07168418558834898	0.00492524844449432	0.040337161311238295	0.1305477624409282	0.018606217035125126	0.11869724061397274	0.22595044825995336	0.04190326562675345	0.07752465741468098
