	AcnR	AgaR	AmtR	AraR	ArgR	BioQ	BirA	CadR-PbrR	CblR	CcpA	CsoR	CueR	CzrA	DasR	ExuR_UxuR	FUR	FabR	FadP	FadR	FixJ	FnrN_FixK	FruR	GguR	GlcC	GntR	GulR	HcpR	HexR	HisR	HrcA	HutC	HypR	Irr	IscR	KdgR	LexA	LiuQ	LiuR	LldR	LtbR	MerR	MetJ	MetR	MntR	ModE	NadQ	NagC	NagQ	NagR	NarP	NiaR	NifA	NikR	NmlR	NnrR	NorR	NrdR	NrtR	NsrR	NtrC	PaaR	PdhR	PdxR	PhnF	PhnR	Phr	PhrR	PhsR	PrpR	PsrA	PurR	QorR	RbkR	RbsR	Rex	RutR	SahR_SamR	SdaR	SiaR	SoxR	ThiR	TrpR	TtrR	TyrR	VanR	XylR	ZntR	Zur
AcnR	1.0	-0.03534726117247869	0.07623151053858741	-0.3355706875692413	-0.42587759756363247	0.034594008278828726	-0.42272784161757004	-0.07680630043897262	0.16330754504452305	-0.18615776128604605	0.12476880930417975	0.2601457370521622	-0.3937218109590184	0.07541799741344545	-0.09766561134004849	-0.4318271365728616	-0.07461839049557087	0.2913419953553268	0.08505499904974251	0.3526938641178134	0.023197871423207606	0.18871186802082224	0.12226569199605064	0.10271356457810885	0.24466812836356389	-0.23014077717157014	-0.013479750244517478	-0.1312838674089491	-0.21507803699978215	0.2439125577687027	-0.19132159958466793	0.12854434457727448	-0.14368588659024434	-0.21098265895953758	-0.5533279871692061	-0.30326888578831973	-0.00905294093106693	0.17949668800496915	-0.11964900732857123	0.23751338472449485	0.25657415948565576	0.07522794591412453	-0.47155253533335495	-0.43756576477186865	-0.07060413199771938	-0.38609657397406955	-0.5736217789747416	-0.06918569885644622	-0.017044374707390224	0.05561555826469075	-0.045978556628393695	0.3231315851685664	-0.3210665133893599	0.09163495278842633	0.2874714343325716	-0.2581687379189824	-0.17438847453541678	-0.4611599631021967	-0.33189713114944075	0.25576064636051377	0.08094571480223056	-0.23872322475675725	0.24796389948593386	-0.2878121364106225	0.11628602287107555	-0.49393225822899817	-0.1696186454427041	0.035358849678534844	-0.10340192183784436	-0.3431889714505565	0.228511433220075	-0.00926153404007769	-0.4072548683313942	0.1734822533618256	-0.11484441271769008	0.2250487876104964	-0.41069201922764925	-0.0066633909822881275	-0.23929106155350877	-0.2360810453759543	-0.4077485386893863	0.05564568838043675	0.11186153125883623	-0.018237990831174007	-0.05925666686753411	-0.39991007319300426	0.1218624119852965	-0.2455766672383663
AgaR	-0.03534726117247869	1.0	0.29012288451821944	0.28151262451849757	0.22441837288104166	-0.0872011903713421	0.11221382184294329	0.09113201162558927	-0.006306464995758607	-0.018061845539120477	-0.03472379954665764	-0.2227496280089556	0.32766964414015604	-0.21336757350589391	-0.03919928058554403	0.2667001960775225	0.15007578882960723	-0.03365533928828031	-0.005200921518001585	0.03655941890595232	-0.03270508179167574	-0.0242408369682614	-0.12530419828397402	0.19592455419017202	0.207248842308245	0.1577242028266684	-0.04771683253681668	0.030538031159175083	0.03952839415753879	0.06120817128739031	0.18998892138821033	0.06601508359948269	0.045654078458821405	0.2882246872262215	0.16580139154780724	-0.027814732235979068	-0.16398894920062485	-0.09631902693632348	0.08447093834451237	0.08079274652228934	-0.07399956427217229	-0.08401435120589994	0.30356555154335724	0.17137082755839447	0.2976415072474517	0.1263912001520412	0.12977967932286041	-0.008788722992986636	0.3061103874732885	-0.237856404503757	0.04670631480872012	-0.04419856209816855	0.1593651352842197	-0.23872090705554602	-0.0020789779864738957	0.1519415383046479	0.12785366961632774	0.20427291395302483	0.25999276877222094	-0.1323940462891286	0.003909961943346111	0.0962147303818181	0.12798114318294543	0.3309607798601036	0.07618052111194033	0.08654296322735258	-0.17597146446268733	-0.11204231195331223	-0.20095396581854252	0.15782849938117377	-0.20836365659084694	-0.05303595681659103	0.12072673839179349	-0.24685603830696562	-0.02051165571939128	0.14540793859018872	0.24627661300415796	0.003807983090051963	0.177867344053474	0.07913327245504818	0.17198965378179307	0.1292187956297426	-0.19087891865332288	0.12977967932286041	-0.13242185870366335	0.21235010267416365	-0.04487764855305913	0.2815752024512008
AmtR	0.07623151053858741	0.29012288451821944	1.0	0.2531439616930344	0.050980155842229445	-0.10792375690095536	0.013521468866319629	0.1253482346069874	0.02030769801280298	-0.012070587908089242	-0.047788681274364836	-0.04438629589627824	0.0820373520727202	-0.05743727141671804	0.03557439589117929	0.1703579921290867	-0.005995893033453699	0.04585340076298724	0.08440140730817546	-0.007609013076470233	0.07535310177953099	-0.028173975923719816	-0.28616888625185993	0.20454176729352758	0.1573371467243929	0.08794517246014713	0.004211263100806097	-0.10037500405597712	-0.050838776068344374	0.029965558960001113	-0.06605216681886238	-0.17474076511952386	0.008967185986251396	0.2616290658273498	0.17154233744802555	0.022419123816234107	-0.20256245045913662	-0.0798216297147837	0.161126588204755	0.008295052634994507	0.07888296072423527	-0.16654305593540103	0.24409333846317868	-0.00216473293128943	0.0993598509254581	0.048794563600038934	0.02008519869652484	0.007284534906897943	0.029972512063634806	-0.20813883957335755	0.016135835832587805	-0.05174963264435802	0.21231997255841767	-0.03476783586967103	0.10598615868836653	0.036355461199364024	-0.002605096161423254	0.0696979108241282	0.08053084628542027	-0.03903704150075789	0.0727225109047842	0.04253677032971617	0.22803630447177273	0.2302265321163857	0.0010730956607997923	-0.10685993204500048	-0.152082918078533	-0.2531532324978793	-0.20767066392868896	-0.0774112204551038	-0.2553365070388586	-0.009280075649767535	-0.10038427486082205	-0.07104913063027567	-0.1445527068432446	0.20198302515632896	0.16468425956399405	-0.057330657161001435	0.17706078403196573	0.2029610950674683	0.014970032123338788	0.07861410738373252	-0.03715970351966106	0.053909730173224986	-0.1726594694318387	0.0731304263179608	-0.13015514691907978	0.2641762194584923
AraR	-0.3355706875692413	0.28151262451849757	0.2531439616930344	1.0	0.5314048514121753	-0.13811645057965707	0.46023288261770445	0.035159527374369004	-0.301231626423648	0.10956237165729543	-0.11804284038918839	-0.39807908923613206	0.5343483319504383	-0.27883567961952616	-0.017971455191882483	0.5936884360615767	-0.03309677329637373	-0.18262094923770808	-0.10099614798058694	-0.15780068696663901	-0.16154840982519897	-0.25770056227431387	-0.3926742100115422	0.03557671359239052	-0.1315782154627754	0.32868479727067507	-0.16841807621528662	0.10711256147702462	0.15567999035836297	-0.19985305774320797	0.3848079321006253	-0.24352318396521594	0.10833862541776565	0.42136735100657763	0.561154864159532	0.2351191993732936	-0.16949580727850888	-0.2578303535421428	0.30965647032647137	-0.12348943823558042	-0.27992268148759336	-0.16443626553439236	0.4987229466326119	0.49491032814013747	0.23482021591704483	0.25778399951791814	0.5485303456619587	-0.02510070411762797	0.2007685497216441	-0.11689326058841798	-0.036937204203382916	-0.3457593020938113	0.4093639764336141	-0.1739202988907482	-0.21516842734702013	0.05370577246663669	0.0884573844278291	0.5499626850104992	0.45509222133119487	-0.23054869258474675	-0.20806930853702063	0.049469014652507054	-0.004229804710495942	0.4645438068705935	-0.07772179241740872	0.43745683281494085	0.18852645192392378	-0.2015102141092379	-0.08313594244684352	0.23818551807575175	-0.37737042891378614	0.0008529140457328803	0.22955903416755125	-0.111859213557625	-0.028725588811992712	-0.007367972150502246	0.6228335287928022	-0.013141365867677803	0.37638540589901315	0.09293286546671549	0.37753266799857227	0.004584412995814232	-0.17314386898498593	0.13801215402515168	-0.1282592673282931	0.3873295910184443	-0.06598958888615915	0.5168033337814222
ArgR	-0.42587759756363247	0.22441837288104166	0.050980155842229445	0.5314048514121753	1.0	-0.2594689682984828	0.5738697730043434	0.014807793038552642	-0.2986103063537461	0.09869235297662367	-0.18918236136670205	-0.44983567498412375	0.7231088716966964	-0.3521886052537651	0.1447265344340869	0.6889042372213544	0.08061428352902457	-0.38311601021642694	-0.14067055731443326	-0.3435667567479871	-0.287485340539839	-0.36435653661272605	-0.3113344860034024	-0.06200546050405366	-0.21139520977513662	0.39679276506389904	-0.06342157594411559	0.20826631313997523	0.18180048300893242	-0.22867367230486116	0.453546314623304	-0.1491950623693396	0.20844709383445123	0.44942080646731347	0.7024349768925189	0.24499724193555864	-0.07676921721959291	-0.33554287515470654	0.21492738642105214	-0.2362154720462057	-0.36900120984003226	-0.18874431583777945	0.6179640385480065	0.7091841228196226	0.36873699190195197	0.4308003949362864	0.7042080183191104	0.03178031900839472	0.250105455405111	-0.04748274471448239	0.08443153742392145	-0.4317228400183562	0.3525663905511957	-0.2258113113089913	-0.41018444266238974	0.10077828406673126	0.16146265488038344	0.6713638744547608	0.7074643885208894	-0.31088716966963487	-0.20462983993955436	0.2124891647468375	-0.13497596543843954	0.5797034269530109	-0.13741186941144296	0.6037588478243738	0.3319643444845664	-0.13445680036712387	-0.10717050400730539	0.3221882807755955	-0.37218341360305196	0.248758871001386	0.5203123334152254	-0.2702764090464514	0.23556188030463865	0.03303883076609296	0.7479407224738216	-0.05679526818120715	0.47333716526600256	0.016103388015630576	0.5686618983827081	0.15694081981727243	-0.11274921082273757	0.28576097083868335	-0.09657629177077008	0.5253996875738767	-0.07186959685905132	0.6084151095577363
BioQ	0.034594008278828726	-0.0872011903713421	-0.10792375690095536	-0.13811645057965707	-0.2594689682984828	1.0	-0.17299090070504472	0.16974380130811056	0.03138399210127427	0.06097408346505602	0.1694448178518618	0.12412680606866885	-0.2327458733329934	0.1178087525668541	-0.09125716749099573	-0.30423304949219165	0.021241731600928935	0.10068094061585957	0.10115375166295063	0.051448331486898036	0.15044198562098168	0.28873226379148104	0.015491514895865685	-0.14446463419721783	0.13714533377215143	-0.2250163397935392	0.126921953729413	-0.12441420101886146	0.014740579703426952	0.11884708270948542	-0.2713773171217859	-0.02200657300063505	0.02133212194816693	-0.17347298255698068	-0.17545925249500535	-0.08168737918982437	-0.05837825810847769	0.25195498097167307	-0.23253728022398265	0.059258984568745336	0.1569222782075826	0.08842261890966065	-0.20548275398528723	-0.3092276956023937	-0.16051007968256764	-0.07787244299613871	-0.3378304462501912	-0.043023487584074614	-0.16345819562325303	0.06713685098571832	-0.03873805804450913	0.09966810518655177	-0.13584742109386228	0.1525163282050331	0.11969304365158462	-0.007912631935141448	-0.04122958684658209	-0.27293944773815537	-0.339837575499117	0.09426786136438435	0.11859677097867251	-0.12990483518826687	0.0899013122824258	-0.12615711232970692	0.05892755329553935	-0.21543728068752288	-0.13470479439672556	0.02860506834900872	0.2125957790025541	-0.13807009655543245	0.23347363151331982	-0.055311939406019535	-0.17535263823928873	0.12993496530401286	-0.17893116890942887	-0.08434578247910593	-0.24760002039577067	0.08644793747769212	-0.1329920132016261	0.04521371522868758	-0.147229651742216	-0.14517153306664318	0.1188679420203865	-0.10787276747430828	0.09620545957697317	-0.12379305709425163	0.01646958480700502	-0.31177716693474744
BirA	-0.42272784161757004	0.11221382184294329	0.013521468866319629	0.46023288261770445	0.5738697730043434	-0.17299090070504472	1.0	0.06484464448781121	-0.21601670599033054	0.21909229549763362	-0.12081712873903148	-0.4075955704094451	0.6426359679415569	-0.32602407628018226	0.06857382573668133	0.5915746925569343	-0.00020395770658829747	-0.4577320830107866	-0.11925268042145079	-0.3405073911491626	-0.22103684681385616	-0.3256741033972864	-0.25372106929463084	-0.05990098780425623	-0.24207462070819677	0.2827363707580274	-0.1635323620620124	0.17991387422299066	0.15844732560457236	-0.1796519739861216	0.3721185179691375	-0.1267249491264584	0.21632959565384668	0.4137189370095165	0.6308829050994063	0.2962995582461491	0.01813601197787986	-0.2850007648413997	0.2755793094177471	-0.23181879284850115	-0.3568564554931836	-0.17421696464578573	0.4708363656590847	0.6391501453198659	0.26201148652720285	0.4431792371054693	0.6872911171783378	0.028876239390722706	0.19078389290366243	0.03957706588297463	0.13596562385563501	-0.3618928202251879	0.34989408105464676	-0.12027246895439228	-0.2542495051707914	0.2535541948074222	0.28492891610385157	0.688116218809536	0.5406547969461969	-0.19716684203939164	-0.2506895161103411	0.119827470321836	-0.21344637534707575	0.4480881282708558	-0.177535912780268	0.5632709253653856	0.28341545721291794	-0.0960409027909758	-0.01192225503057048	0.3489832244786331	-0.27856219087660095	0.049754091901488426	0.40283501212157735	-0.08941227732685614	0.1802198107828731	-0.06862713286453964	0.5918064626780574	0.09768415294973833	0.3741140587120071	0.0854327843471731	0.5290547023839874	0.1647561083015422	-0.10176330708150429	0.31919381081068554	-0.0746577914161618	0.44741599491959894	-0.07607854225864619	0.47159425395515714
CadR-PbrR	-0.07680630043897262	0.09113201162558927	0.1253482346069874	0.035159527374369004	0.014807793038552642	0.16974380130811056	0.06484464448781121	1.0	0.02068780101144481	0.1709721829500628	0.010492233383241166	-0.0710213182157409	0.042652655390277704	0.030148657355688335	0.05018750202798856	0.168703153464268	-0.016963255164997148	0.0976517051327811	-0.025965206669417006	-0.16456142139979882	0.19871738414970497	0.037317307202024745	-0.06354209640709958	0.02278763830881978	0.08558343492590309	0.08960001112496581	0.03230411948213284	-0.09630975613147856	0.0925481270656512	-0.11491857915644947	-0.09256435097412982	-0.041011722932726404	0.06418873504503293	0.08733098163917101	0.08381734660294533	0.07853298784133944	-0.06561180358872856	-0.038782094367522515	0.08267703760701986	0.12076150390996195	0.038807589080846056	-0.038925791842618816	0.1601809661105729	0.07260430814301144	0.16197023144564296	-0.046537122620300284	0.05118411354881774	-0.017449972419355586	0.10890414451330592	-0.11238069633015191	0.09573728393230459	-0.026574762087970667	0.04317877356522706	-0.10650764146089342	-0.023017090728731614	0.032820966852237274	0.11186153125883623	0.07319532195187525	0.04792310794461621	-0.0006118731197648924	0.10367541058076957	-0.010380983725102095	0.21900885825402933	0.14821931015941148	-0.021661235520161682	-0.032109432580389466	0.0688287728699167	-0.15822250858708298	0.01642786618520287	-0.020462983993955436	-0.07192985709054331	0.03769045709703288	0.06779739583091907	-0.022518784968317024	-0.018805827627925518	0.14955430605708034	0.12211735911853187	0.07735559562603428	0.0075232581316547	0.13228743203341198	0.004211263100806097	0.11921791490328233	0.054614311341439105	-0.049575628908223666	-0.03645048694902448	0.11894674386156834	-0.18765731396971227	0.03189852177016748
CblR	0.16330754504452305	-0.006306464995758607	0.02030769801280298	-0.301231626423648	-0.2986103063537461	0.03138399210127427	-0.21601670599033054	0.02068780101144481	1.0	-0.13080410325822436	0.06422350056320139	0.14554700066286255	-0.28208509671767157	0.06730604317413816	-0.023149199697771763	-0.2905192114253399	0.021552303563233843	0.18918931447033574	0.017023515396489147	0.03633460188846295	0.12818741859074495	0.15245143257111865	0.16758833918166605	0.09363976433614084	0.12757322776976884	-0.13745822343566758	0.04576532811696048	-0.06383180905850341	0.05857758041264352	0.11503678191822223	-0.2373210155239627	0.21901581135766302	-0.09343117122713009	-0.15350135121980615	-0.34958119139113064	-0.18025921170346404	0.1431922162322522	0.09463637585697002	-0.2069707181628973	0.10049320681774988	0.3048101570937881	0.011118012710273443	-0.18965749011500432	-0.2837237114740116	-0.06937806805697837	-0.09969591760108654	-0.3521816521501314	0.010983586040022064	-0.0643671980382977	0.04415220807394394	0.07875316945640636	0.3028725588811993	-0.0999045107100973	0.07305857758041265	0.22379491125522064	0.09084461667539667	-0.01497466752576125	-0.32834641289383537	-0.24542601665963631	0.1253992240336345	0.14347497578002233	-0.12101181564077486	0.12813411146288664	-0.22318999123908942	0.16605170327862012	-0.1278513519151165	-0.11658964172974677	0.07679471193291645	-0.021176835967014477	-0.038784412068733745	0.18448438101153752	-0.08220886196235126	-0.22127093463619044	0.15188359577436716	-0.019999443751709305	0.09838873411795244	-0.25633080085847654	-0.04358900667961489	-0.2705892987099675	0.05359220510728639	-0.22485410070875303	0.05302436831053488	0.09603626738855334	-0.0763219008858254	0.209670840073981	-0.3079900431555965	0.12405032192869823	-0.2265599288002188
CcpA	-0.18615776128604605	-0.018061845539120477	-0.012070587908089242	0.10956237165729543	0.09869235297662367	0.06097408346505602	0.21909229549763362	0.1709721829500628	-0.13080410325822436	1.0	0.04102562913999379	-0.09946182977875224	0.12058304091669718	-0.010181661420936258	0.03691402719127061	0.21155281345750032	-0.03917610357343173	-0.1881254896143809	0.06950554162359605	-0.08954670399710751	0.008545364365807417	-0.06065887610032865	-0.14978607617820341	-0.11737302473914273	-0.0717027223718427	0.16364824712257395	0.0009039034723799547	0.13918259313682319	0.1512230509291664	-0.06426521918500355	-0.03431820183469228	0.07996764489109122	0.11241082644589791	0.02410872799922125	0.23180256894002252	0.11858750017382759	-0.019005149932091354	-0.0074421385892616265	-0.026148305065104228	-0.07568221535152574	-0.17092119352341573	0.07486638452517255	0.17975395283941575	0.14964469640431835	0.14628171194682266	0.1270030732718061	0.20871131177253152	-0.10080146107884357	-0.1319629538638397	0.03194719349560332	-0.04589048398236693	-0.19020214989964354	0.15614121289939786	-0.10358270253232034	-0.21772253408179632	0.16747245412110454	0.27121276033578856	0.25264333823140855	0.06406126147841525	-0.09019566033625209	-0.05351572096731578	0.17657174907639606	-0.0037987122852070404	0.0896741775637252	-0.214554236526044	0.2241124363211592	0.0833769833728115	-0.06693521098034126	0.06844635217006365	-0.01480083993491895	0.07473891095855487	0.2262818046548711	0.06750304777709276	0.04468064395010453	-0.0066170369580635146	-0.14426762959426323	0.15062044861424645	0.09791824077207263	0.10681126031956464	0.2161488149593707	0.19136795360889255	0.04640733135247137	0.00918968530252954	-0.01224673320014277	-0.07379792426679523	0.14630952436135744	-0.055810245166434125	0.12217530164881264
CsoR	0.12476880930417975	-0.03472379954665764	-0.047788681274364836	-0.11804284038918839	-0.18918236136670205	0.1694448178518618	-0.12081712873903148	0.010492233383241166	0.06422350056320139	0.04102562913999379	1.0	0.10706620745280002	-0.1586837311281179	0.1268825528088221	-0.01685664090928054	-0.16769495343738267	0.0048579017387394485	0.06573927715534623	0.0525422864585989	0.07888759612665773	0.0974176173104468	-0.09491218230110647	0.026252601619609607	-0.14919738007055083	-0.019366711321043336	-0.05469543088383218	-0.041829871460290824	0.04869490244795602	-0.0702727007245134	0.1363341383482207	-0.08525200365269711	0.13626924271430624	-0.07334597253060525	-0.12352652145496011	-0.2095850851291655	-0.057831280622627254	-0.01835387589173554	0.09527142598884722	-0.06426985458742601	0.12043934344160089	0.12700075557059487	-0.08258664725978186	-0.09430262688255281	-0.18238222601295132	-0.05423884374521974	-0.0549086593952654	-0.18377284673968972	-0.013405583805758096	-0.08389383074291594	0.25472231621788244	-0.10989612063171264	0.16212319972558417	-0.034663539315165644	-0.05298496738994396	0.03267958707835221	-0.07327412379305709	-0.06215379338157242	-0.1580556340998744	-0.14941756168561773	0.19926899703797785	0.025214271476978273	0.004053659418442412	0.1342783373738591	-0.10644042812576773	0.055986390458487655	-0.164060797938173	-0.1046465273882752	0.08868683684774094	0.04874589187460309	-0.04180437674696729	0.19870116024122633	-0.003233193189666761	-0.13324464263365024	0.16705063250066055	-0.020701707218712194	-0.044286634744195315	-0.10767576287135368	0.04840287209534096	0.007497763418331162	-0.02061595227389666	-0.035470099336673916	-0.026560855880703282	-0.0037314989500813515	0.06013044022416806	-0.03897909897047712	-0.05258168737918983	-0.04784430610343437	-0.2544001557495214
CueR	0.2601457370521622	-0.2227496280089556	-0.04438629589627824	-0.39807908923613206	-0.44983567498412375	0.12412680606866885	-0.4075955704094451	-0.0710213182157409	0.14554700066286255	-0.09946182977875224	0.10706620745280002	1.0	-0.5115120219161826	0.16468657726520528	0.015350135121980614	-0.4802137847597239	0.1258094571480223	0.1155791240016502	0.03463572690063088	0.09067774218818807	0.19152787499246748	0.1818514724355795	0.13079715015459067	0.001536635903045923	0.1301806416324033	-0.2571605378920971	0.16431342737019713	-0.05551126171018537	-0.014708131886469723	0.2869569046636784	-0.22660164742202094	0.1249542254010782	-0.026025466900909	-0.2853623262303517	-0.4206836291492646	-0.10463957428464152	0.10585173201811515	0.14765842646629368	-0.2017976090594305	0.15424069790618872	0.20762199220325311	0.1387167351933658	-0.389698281656322	-0.3934529576185157	-0.26684157585140755	-0.36666264931790055	-0.4075886173058114	0.06311100398181069	-0.25939480185972347	0.1920145922468259	-0.013961832096453453	0.21137666816544678	-0.35726437090636026	0.20851430716957692	0.22562821291330407	-0.13301055481131593	-0.11407261821435027	-0.4426577543329424	-0.41479666807273874	0.24688153302028915	0.19685395237587552	-0.08153441090988314	0.10290129837621853	-0.39552266480014464	-0.10052333693349588	-0.39310298473561983	-0.07259271963695528	0.18959722988351232	0.042177526641975424	-0.1587833922802008	0.2372213543718798	-0.07671127468931216	-0.2679262600182635	0.23048843235325475	0.00823015700108005	-0.028526266507826876	-0.4210521436418503	0.010568717523211778	-0.29965327189879987	-0.006980916048226727	-0.325127125911436	-0.0744468806059398	0.19288836560345987	-0.08810045844129959	0.13471406520157048	-0.3362544094265544	0.05122351446940866	-0.38555886729306404
CzrA	-0.3937218109590184	0.32766964414015604	0.0820373520727202	0.5343483319504383	0.7231088716966964	-0.2327458733329934	0.6426359679415569	0.042652655390277704	-0.28208509671767157	0.12058304091669718	-0.1586837311281179	-0.5115120219161826	1.0	-0.40257079418349706	0.14051758903449202	0.7347784972952427	0.06962142668415759	-0.4230360958786637	-0.07998618650078107	-0.2885398945909489	-0.2999105367332465	-0.2861016729167343	-0.288530623786104	-0.005671414863881408	-0.15676699222643015	0.3452934441503539	-0.03621408142547895	0.20330875024915288	0.19059847680676398	-0.18289675568184452	0.49863719168779636	-0.02004579777593392	0.1740941264815905	0.486524885157905	0.67774682359049	0.20976354812243025	-0.16798003068636402	-0.30888467582313156	0.1985783220770311	-0.19480742220635885	-0.39898531040972324	-0.14246909345434824	0.642647556447613	0.6896899379319615	0.4200254020052751	0.46816405616253576	0.7260824823507053	-0.03319875214966787	0.35504169544479003	-0.12695440154637025	0.2158776439176567	-0.4350881421770631	0.38239984054215664	-0.24835095558820938	-0.40069577390361144	0.23719585965855625	0.24898137031766412	0.7318396521594022	0.7264718561541921	-0.3624073498940811	-0.19664535926686474	0.20327630243219566	-0.18863770158206283	0.6055504308606552	-0.13708043813823698	0.5532630915352916	0.24511312699612017	-0.22464087219731982	-0.12424269112923038	0.2920558473283858	-0.3713351349597415	0.15717490763960673	0.389517500961846	-0.3090839981272974	0.16991067579531918	0.09541512346394353	0.7062221006716698	0.05856367420537614	0.4826450533303049	0.07020780509059894	0.5368166837403989	0.21523100527972336	-0.1859051318540219	0.22486568921480918	-0.09907013827405427	0.5987572486105381	-0.1788060130440224	0.5984003226240086
DasR	0.07541799741344545	-0.21336757350589391	-0.05743727141671804	-0.27883567961952616	-0.3521886052537651	0.1178087525668541	-0.32602407628018226	0.030148657355688335	0.06730604317413816	-0.010181661420936258	0.1268825528088221	0.16468657726520528	-0.40257079418349706	1.0	0.06022314827261729	-0.34825314859709544	-0.029868215509129426	0.2149691050428543	-0.02466729399112784	0.04418233818968994	0.17383917934835513	0.12764044110489453	0.024933829630419364	-0.028688505592613024	0.061138640251053394	-0.12758249857461376	0.13731220825936002	-0.15938831229633202	-0.2086487338398283	0.02587713402339024	-0.37773199030273813	-0.005896231881370781	-0.1101580208685817	-0.2939215968034265	-0.3086088693789951	-0.08838321798906972	0.1404411048945214	0.12446519044550852	-0.1158966490675888	0.010552493614733163	0.28545735198001215	0.022275426341137806	-0.3263902730715567	-0.327699774255902	-0.2526410205301973	-0.24902077123825506	-0.29117743856932937	-0.06671502936527435	-0.27387116362507014	0.13841079863348338	-0.12445823734187483	0.222311582480033	-0.1765369835582276	0.03624189384001372	0.23639161733825922	-0.05069507859324807	-0.18819965605314026	-0.34082955161752365	-0.36632426494106085	0.2469835118735833	0.08220886196235126	-0.028417334550899037	0.14136123227538	-0.3715970351966106	0.1844820633103263	-0.26553902777069593	-0.31725853029930795	0.17535959134292245	0.04237916664735249	-0.04375124576440104	0.2012089129517779	-0.06241337591723026	-0.1947054433530647	0.17137778066202816	-0.011546787434351113	-0.016671224812382087	-0.3785176910133453	0.0841928141991647	-0.1025049714690981	-0.06344243525501667	-0.22099049278963154	-0.08622543816141398	0.1709026519137259	-0.1497234982455002	0.07954350556943601	-0.279095262155184	0.21943531527689578	-0.38248327778576097
ExuR_UxuR	-0.09766561134004849	-0.03919928058554403	0.03557439589117929	-0.017971455191882483	0.1447265344340869	-0.09125716749099573	0.06857382573668133	0.05018750202798856	-0.023149199697771763	0.03691402719127061	-0.01685664090928054	0.015350135121980614	0.14051758903449202	0.06022314827261729	1.0	0.1619053358117285	0.09520653035493276	-0.03195182889802578	-0.08634595862439798	-0.2752455604433299	0.08581520504702615	-0.11419313867733427	-0.012937408161089506	0.034487394023112114	0.023552479708525895	0.09515090552586322	0.09166508290417233	0.10827141208263995	0.010082000268853341	-0.0002665356392915251	0.05913151100212765	-0.054934154108588935	-0.04551965178857002	0.17989069721087836	0.1152917290514576	0.11767896129902518	0.05835276339515415	-0.11903018110517265	-0.034155962749906135	-0.022583680602231482	-0.1052352234959278	-0.12847944894336003	0.06715307489419695	0.13753007217321572	0.08994998400786164	0.05125827998757712	0.15483866481868624	-0.0924345597063009	-0.022650893937357173	0.08950962077772782	0.08285318289907338	-0.08822097890428357	0.04465514923678099	-0.041359378114411004	-0.1519183612925356	0.023438912349175594	0.04241856756794341	0.18955782896292142	0.15452113975274764	-0.1141050660313075	0.03586874394500558	0.06724578294264616	-0.08178240493948483	0.10226161284191887	-0.0343576027552832	0.1501545906707891	0.12395297847782655	0.0963282977411684	-0.046298399395543526	0.012995350691370271	-0.015366359030459228	0.07828267611052654	0.025851639310066704	-0.027942205802596754	0.18597698059157006	0.008332135854374197	0.14563970871131177	0.09058039873731638	-0.031103550254715364	0.058795444326499205	0.09603626738855334	0.2282912516050081	-0.0012075223310511701	-0.054111370178602056	0.045948426512647696	-0.025853957011277934	0.053638559131511	0.09067542448697684
FUR	-0.4318271365728616	0.2667001960775225	0.1703579921290867	0.5936884360615767	0.6889042372213544	-0.30423304949219165	0.5915746925569343	0.168703153464268	-0.2905192114253399	0.21155281345750032	-0.16769495343738267	-0.4802137847597239	0.7347784972952427	-0.34825314859709544	0.1619053358117285	1.0	-0.046270586981008756	-0.3045899754787212	-0.09802253732657801	-0.3383055749984935	-0.18181670691741103	-0.41276404411048945	-0.33548029722200334	0.10066471670738095	-0.1472226986385823	0.384573844278291	-0.09184354589743708	0.18258386601832838	0.18939558987813526	-0.2869870347794244	0.42886743212612005	-0.17775609439533493	0.17265715173062748	0.5246927887044514	0.690447826228034	0.3064580426549731	-0.19711353491153336	-0.3338903541910991	0.3162966842966472	-0.10772675229800074	-0.40605661680518795	-0.2457898957497995	0.7243697011556058	0.7093556327092536	0.4991888045760693	0.35861790841371893	0.7483532732894206	0.0012052046298399396	0.2510163119811246	-0.1672290954939253	0.17011231580069625	-0.4529622539180739	0.42223648896078914	-0.30567002424315465	-0.4150979692301987	0.14455734224566705	0.24119621194914037	0.7678405050734479	0.7695880517867159	-0.4163054915612499	-0.15505884643375314	0.15917276608368755	-0.1278049978908919	0.5861976257468792	-0.21207197852881599	0.5787763464685186	0.2730367911890271	-0.308537020641447	-0.15375166295061907	0.22643245523360112	-0.4578827335895166	0.19650166179176845	0.4042696691713291	-0.35245745859426786	0.1254316718505917	0.04749201551932731	0.7710644274582698	0.05085499997682299	0.40856900491816195	0.1316083455785214	0.56109460392804	0.19889352944175848	-0.14247836425919316	0.12623359646967752	-0.25397601642786616	0.5695287186357083	-0.1513806546115301	0.6389670469241787
FabR	-0.07461839049557087	0.15007578882960723	-0.005995893033453699	-0.03309677329637373	0.08061428352902457	0.021241731600928935	-0.00020395770658829747	-0.016963255164997148	0.021552303563233843	-0.03917610357343173	0.0048579017387394485	0.1258094571480223	0.06962142668415759	-0.029868215509129426	0.09520653035493276	-0.046270586981008756	1.0	-0.1922023260449356	-0.04486142464458052	-0.20353124956543103	0.05828323235881723	0.025286120214526423	-0.014615423838020497	-0.010132989695500414	0.07194839870023316	-0.07758041264352365	0.20952946030009595	-0.07790025541067348	0.07760127195442472	0.019779262136642394	0.08127482837422531	0.0212695440154637	0.04388335473344118	0.13936337383129915	0.06936184414849975	-0.031490606356990886	-0.0004913526567808985	0.02196253667762167	0.04547329776434541	-0.04567493776972248	0.17495862903337953	0.005896231881370781	-0.028915640311313627	0.036496840973249095	0.00461454311156023	0.11199595792908762	0.08209297690178972	0.027872674766259833	0.19872433725333866	-0.025014949172812436	0.10291983998590838	0.04122726914537086	-0.0033560313538619855	0.05917091192271857	0.11597081550634819	0.016666589409959624	0.1158062587203508	0.05046794387454747	-0.014712767288892184	-0.08599366804029092	0.03801493526660517	0.04561467753823048	0.1275940870806699	0.1454821050289481	-0.08785478211290913	-0.0035043642313807473	-0.1537539806518303	0.13289003434833194	-0.024016019950772027	0.10252351307878793	-0.01837705290384785	-0.04008696014944538	0.1501105543477757	-0.06171574785264983	0.001870384877463137	-0.053620017521821155	-0.03607270165159388	0.02829449638670381	0.022164176682998735	0.0004195039192327482	0.062095850851291656	-0.041301435584130235	-0.0251632820503312	-0.02963876308921759	-0.08211615391390203	0.069002600460759	-0.04912599487324492	0.005727039692950944
FadP	0.2913419953553268	-0.03365533928828031	0.04585340076298724	-0.18262094923770808	-0.38311601021642694	0.10068094061585957	-0.4577320830107866	0.0976517051327811	0.18918931447033574	-0.1881254896143809	0.06573927715534623	0.1155791240016502	-0.4230360958786637	0.2149691050428543	-0.03195182889802578	-0.3045899754787212	-0.1922023260449356	1.0	-0.01997163133717454	0.2967190621653819	0.16613514052222444	0.14036693845576204	0.09389471146937621	0.1755473251410321	0.2723947879535162	-0.13037996393656914	-0.0005122119676819743	-0.3920414775808762	-0.20001993223041659	0.009187367601318308	-0.285626544168432	-0.11406334740950536	-0.214463846178806	-0.13434786841019603	-0.34690656419337046	-0.15268783809466419	-0.16549081958550232	0.06196374188225151	-0.17433748510876973	0.09761462191340141	0.21784073684356908	0.10985208430869926	-0.29895564383421946	-0.4594981713337443	-0.018866087859417516	-0.45587792204180205	-0.44448410288739215	-0.015058104769365553	-0.12680143326642904	-0.10380288414738725	-0.11273762231668143	0.23111652938149826	-0.1881880675470841	-0.039801882900464006	0.2234379852686911	-0.2941209191075923	-0.3118490156722956	-0.46827762352188607	-0.33504456939429195	0.2735466854554978	0.10330457838697267	-0.2669250130950118	0.2618307058327269	-0.23364977680537335	0.2329869142589614	-0.41011259392484156	-0.3277785760970839	-0.11713198381317474	0.04409890094608564	-0.26171482077216535	0.12078236322086303	-0.15874630906082113	-0.4501045283246265	0.03993167416829292	-0.1393795977397778	0.15951115046052722	-0.3678562654416843	-0.16956070291242334	-0.3411563474883072	-0.0470980063134181	-0.4336581205297338	-0.01238811297402784	0.07784694828281517	-0.19527096244860498	-0.03471684644302395	-0.27827479592640836	0.023188600618362684	-0.21019464054771916
FadR	0.08505499904974251	-0.005200921518001585	0.08440140730817546	-0.10099614798058694	-0.14067055731443326	0.10115375166295063	-0.11925268042145079	-0.025965206669417006	0.017023515396489147	0.06950554162359605	0.0525422864585989	0.03463572690063088	-0.07998618650078107	-0.02466729399112784	-0.08634595862439798	-0.09802253732657801	-0.04486142464458052	-0.01997163133717454	1.0	0.08315448405653336	0.013150636672522725	0.1967311142116803	0.003733816651292582	0.09921615345036179	0.07108389614844413	-0.06427448998984847	0.009850230147730276	-0.020182542147396527	0.13681622020015669	0.10662584422266619	-0.05982682136549684	0.14233466678409687	0.006190579935197074	-0.18166373863746982	-0.1648256393378791	-0.002155462126444507	0.03273752960863297	0.1474637395645503	-0.053443872229767625	0.12955022690294857	0.057564744983335726	0.0347655181684598	0.016390782965823178	-0.12099327403108501	-0.020456030890321743	-0.03704381845909953	-0.18269975107888992	0.026280414034144373	-0.12142900185879638	-0.10994942775957095	0.004524152764322235	0.0051754268046780485	-0.12740171788013777	0.08051230467573042	0.06152569635332891	0.060992625074745864	0.07776119333799963	-0.12295173155457491	-0.13981532556748913	-0.0232581316546996	0.027585279816067232	0.05249361473316306	0.09729477914625158	-0.059316927099026105	0.002148509022810815	-0.07223579365042576	-0.1700960918922176	0.12224715038636079	-0.0958369450843875	-0.13840848093227215	0.09540121725667614	-0.013150636672522725	-0.16538884073220816	0.1865911714125462	-0.007215003870561023	0.059465259976544865	-0.06797817652539505	-0.07745293907690597	-0.08430174615609254	0.02012459961711576	-0.1414006331959709	-0.06506019070045566	0.061627675206623066	0.041788152838488676	-0.028306084892759965	-0.14491195053098535	0.02654926737464713	-0.06851356550518933
FixJ	0.3526938641178134	0.03655941890595232	-0.007609013076470233	-0.15780068696663901	-0.3435667567479871	0.051448331486898036	-0.3405073911491626	-0.16456142139979882	0.03633460188846295	-0.08954670399710751	0.07888759612665773	0.09067774218818807	-0.2885398945909489	0.04418233818968994	-0.2752455604433299	-0.3383055749984935	-0.20353124956543103	0.2967190621653819	0.08315448405653336	1.0	-0.010907101900051452	0.19130074027376687	0.09106479829046359	0.0033907968720304454	0.1614070300513139	-0.10686920284984541	-0.010907101900051452	-0.12753846225160037	-0.11789914291409209	0.1402046993709759	-0.1265279445235038	0.09224682590819122	-0.06518998196828457	-0.1643551459919993	-0.36443533845390785	-0.22792273711242242	-0.0507877866416973	0.1870384877463137	-0.1282360903161808	0.17862986775196887	0.0633543626089899	0.16451043197315174	-0.28039317483347315	-0.39862374902077125	-0.07301222355618803	-0.1816173846132452	-0.46687773199030275	-0.05667706541943439	-0.12381623410636394	0.01380886381651223	-0.150435032517348	0.11655255851036708	-0.07573320477817282	0.004964515994456058	0.2110081536728611	-0.16311749354520214	-0.1202817397592372	-0.38521352981259066	-0.29068145051012606	0.29828814588538505	0.11601485182936157	-0.23479240350251007	0.13393068219217452	-0.2852371703649452	0.05252142714769783	-0.3437799852594203	-0.20391135256407286	-0.01494221970880402	-0.05108677009794605	-0.21412314410075511	0.13336748079784547	0.011623271574321725	-0.3691031886933264	0.10035182704386482	-0.14314354450681635	0.08288563071603061	-0.32752594666505974	-0.07474354636097733	-0.10885083738544762	-0.22393860873031693	-0.26451923923775444	-0.06560948588751732	-0.02345281855644298	-0.14039243316908556	-0.020395770658829745	-0.17974004663214838	-0.01564911857822937	-0.16526600256801294
FnrN_FixK	0.023197871423207606	-0.03270508179167574	0.07535310177953099	-0.16154840982519897	-0.287485340539839	0.15044198562098168	-0.22103684681385616	0.19871738414970497	0.12818741859074495	0.008545364365807417	0.0974176173104468	0.19152787499246748	-0.2999105367332465	0.17383917934835513	0.08581520504702615	-0.18181670691741103	0.05828323235881723	0.16613514052222444	0.013150636672522725	-0.010907101900051452	1.0	0.19694202502190228	-0.03964427921810032	0.035212834502227314	0.19626989167064537	-0.049608076725180895	0.27824930121308483	-0.055286444692695995	-0.06977671266531003	0.17980725996727406	-0.0993899810412041	0.011310381910805587	-0.17362826853813315	-0.020815274578062495	-0.1570358455669329	0.14161617940861537	-0.041268987767173006	0.19532195187525206	0.027775331315388146	0.1053557439589118	0.2776443811969536	-0.05778492659840264	-0.15949956195447107	-0.23449110234505008	-0.08522187353695111	-0.24264709290737074	-0.23568240076762265	-0.06686799764521557	-0.039424097603033406	0.0074375031868391655	0.034828096101163025	0.24138626344846129	-0.06829338389012242	0.011537516629506191	0.32440632083474324	-0.047962508865207136	0.038313918722853925	-0.21666566232947512	-0.24099920734618577	0.27556540321047973	0.1416741219388961	0.015044198562098168	0.3612253222763534	-0.15188127807315593	0.10040976957414557	-0.26271838539662823	-0.24253352554802046	0.0881097292461445	-0.07878561727336358	-0.07589776156417019	0.1776239854262948	-0.00033143127320598337	-0.15089161965596043	0.20643764688431426	-0.1302617611747964	0.19893524806356064	-0.2658866829523805	0.0972808729389842	-0.06839536274341657	0.17295613518687625	-0.13441044634289925	-0.04702615757586995	0.21342551603617468	0.014972349824550018	0.0005469774858504341	-0.2598815191140819	0.02939076905961591	-0.1370665319309696
FruR	0.18871186802082224	-0.0242408369682614	-0.028173975923719816	-0.25770056227431387	-0.36435653661272605	0.28873226379148104	-0.3256741033972864	0.037317307202024745	0.15245143257111865	-0.06065887610032865	-0.09491218230110647	0.1818514724355795	-0.2861016729167343	0.12764044110489453	-0.11419313867733427	-0.41276404411048945	0.025286120214526423	0.14036693845576204	0.1967311142116803	0.19130074027376687	0.19694202502190228	1.0	0.12731596293532224	0.043141690345847375	0.08671679081819487	-0.22732013479750243	0.1951759366989445	-0.14504637720123673	-0.003794076882784579	0.23728625000579426	-0.20023084304063857	0.09286333443037857	-0.11047786363573153	-0.3100064432093672	-0.27466845284173347	-0.10987989672323403	0.05652409713949316	0.1636366586165178	-0.23634294561282337	0.13009952209001024	0.22869916701818468	0.1246065702193936	-0.3443478220561718	-0.3735114563970871	-0.16311749354520214	-0.2666260296387631	-0.40063319597090824	-0.1891939498727582	-0.07250001158850605	-0.018149918185147242	-0.11720151484951166	0.2941695908330282	-0.21085750309413112	0.1464949404582559	0.2366025281484812	-0.0030014230685436955	-0.09890094608563442	-0.3928967093278203	-0.3368083400160385	0.25967524370628237	0.12868340664994832	-0.04967760776151781	0.14417260384460276	-0.18701531073420138	0.16464022324098065	-0.25233740167152613	-0.14427458269789692	0.1290681450510126	-0.0026213200699018685	-0.12964757035382027	0.27934093848357444	-0.1646657179543042	-0.2793780217029541	0.22796213803301332	-0.10153385466159244	0.14981852399516063	-0.4065016154377442	-0.01426545095512467	-0.2448813568749971	0.07430086542963227	-0.26851959152833854	0.08394482016956302	0.09874566010448196	-0.2670524866616295	0.050750703422317606	-0.27632097380534093	-0.04707019389888333	-0.3207350821161539
